# BEGIN HISTOGRAM /res/oxford_combined_rw2/signal/histo_Categories_C2
Path=/res/oxford_combined_rw2/signal/histo_Categories_C2
Title=Categories_C2
# xlow	 xhigh	 val	 errminus	 errplus
0.000000e+00	1.000000e+00	3.266856e+01	3.545298e-02	3.545298e-02
1.000000e+00	2.000000e+00	4.527095e-02	8.382940e-04	8.382940e-04
2.000000e+00	3.000000e+00	1.351922e-01	1.459039e-03	1.459039e-03
3.000000e+00	4.000000e+00	7.250344e-02	6.899870e-04	6.899870e-04
4.000000e+00	5.000000e+00	8.837342e-02	7.615100e-04	7.615100e-04
5.000000e+00	6.000000e+00	0.000000e+00	0.000000e+00	0.000000e+00
6.000000e+00	7.000000e+00	0.000000e+00	0.000000e+00	0.000000e+00
7.000000e+00	8.000000e+00	0.000000e+00	0.000000e+00	0.000000e+00
# END HISTOGRAM

