# BEGIN HISTO1D /res/oxford_combined_rw2/histo_tau21_fj1_boost_C2
Path=/res/oxford_combined_rw2/histo_tau21_fj1_boost_C2
Title=tau21_fj1_boost_C2
# xlow	 xhigh	 val	 errminus	 errplus
0.000000e+00	3.333333e-02	0.000000e+00	0.000000e+00	0.000000e+00
3.333333e-02	6.666667e-02	0.000000e+00	0.000000e+00	0.000000e+00
6.666667e-02	1.000000e-01	1.643629e-03	5.969303e-04	5.969303e-04
1.000000e-01	1.333333e-01	7.266301e-02	2.980611e-02	2.980611e-02
1.333333e-01	1.666667e-01	2.732320e-01	6.137803e-02	6.137803e-02
1.666667e-01	2.000000e-01	7.780424e-01	1.039296e-01	1.039296e-01
2.000000e-01	2.333333e-01	1.500267e+00	1.437877e-01	1.437877e-01
2.333333e-01	2.666667e-01	2.412154e+00	3.021125e-01	3.021125e-01
2.666667e-01	3.000000e-01	3.745828e+00	4.130756e-01	4.130756e-01
3.000000e-01	3.333333e-01	4.092370e+00	4.152745e-01	4.152745e-01
3.333333e-01	3.666667e-01	4.160164e+00	3.783210e-01	3.783210e-01
3.666667e-01	4.000000e-01	5.244053e+00	1.496571e+00	1.496571e+00
4.000000e-01	4.333333e-01	3.526501e+00	3.233317e-01	3.233317e-01
4.333333e-01	4.666667e-01	5.326765e+00	2.044076e+00	2.044076e+00
4.666667e-01	5.000000e-01	2.983087e+00	3.558636e-01	3.558636e-01
5.000000e-01	5.333333e-01	2.108672e+00	1.550545e-01	1.550545e-01
5.333333e-01	5.666667e-01	1.892191e+00	2.829803e-01	2.829803e-01
5.666667e-01	6.000000e-01	2.325815e+00	4.225583e-01	4.225583e-01
6.000000e-01	6.333333e-01	1.491579e+00	2.805248e-01	2.805248e-01
6.333333e-01	6.666667e-01	1.143678e+00	2.111228e-01	2.111228e-01
6.666667e-01	7.000000e-01	9.209118e-01	2.668458e-01	2.668458e-01
7.000000e-01	7.333333e-01	4.157659e-01	6.430594e-02	6.430594e-02
7.333333e-01	7.666667e-01	3.941590e-01	7.121545e-02	7.121545e-02
7.666667e-01	8.000000e-01	3.344223e-01	1.846754e-01	1.846754e-01
8.000000e-01	8.333333e-01	7.870556e-02	2.060435e-02	2.060435e-02
8.333333e-01	8.666667e-01	4.911191e-02	1.952884e-02	1.952884e-02
8.666667e-01	9.000000e-01	1.037650e-02	4.528889e-03	4.528889e-03
9.000000e-01	9.333333e-01	1.336715e-02	5.074436e-03	5.074436e-03
9.333333e-01	9.666667e-01	3.180327e-04	2.303731e-04	2.303731e-04
9.666667e-01	1.000000e+00	2.296686e-02	2.251292e-02	2.251292e-02
# END HISTO1D

