# BEGIN HISTO1D /res/oxford_combined_rw2/histo_m_H1_boost_C1d
Path=/res/oxford_combined_rw2/histo_m_H1_boost_C1d
Title=m_H1_boost_C1d
# xlow	 xhigh	 val	 errminus	 errplus
0.000000e+00	6.000000e+00	9.770242e-02	4.369387e-02	4.369387e-02
6.000000e+00	1.200000e+01	2.126627e+01	6.447385e-01	6.447385e-01
1.200000e+01	1.800000e+01	3.654415e+01	8.450814e-01	8.450814e-01
1.800000e+01	2.400000e+01	3.246517e+01	7.965978e-01	7.965978e-01
2.400000e+01	3.000000e+01	3.304368e+01	8.035572e-01	8.035572e-01
3.000000e+01	3.600000e+01	3.949595e+01	8.785586e-01	8.785586e-01
3.600000e+01	4.200000e+01	4.892138e+01	9.778605e-01	9.778605e-01
4.200000e+01	4.800000e+01	6.077220e+01	1.089745e+00	1.089745e+00
4.800000e+01	5.400000e+01	7.566862e+01	1.216047e+00	1.216047e+00
5.400000e+01	6.000000e+01	9.624095e+01	1.371541e+00	1.371541e+00
6.000000e+01	6.600000e+01	1.291401e+02	1.588655e+00	1.588655e+00
6.600000e+01	7.200000e+01	1.916378e+02	1.935374e+00	1.935374e+00
7.200000e+01	7.800000e+01	2.926433e+02	2.391516e+00	2.391516e+00
7.800000e+01	8.400000e+01	3.168828e+02	2.488625e+00	2.488625e+00
8.400000e+01	9.000000e+01	2.431887e+02	2.180275e+00	2.180275e+00
9.000000e+01	9.600000e+01	1.909150e+02	1.931837e+00	1.931837e+00
9.600000e+01	1.020000e+02	1.687447e+02	1.816060e+00	1.816060e+00
1.020000e+02	1.080000e+02	1.519290e+02	1.723150e+00	1.723150e+00
1.080000e+02	1.140000e+02	1.318105e+02	1.605090e+00	1.605090e+00
1.140000e+02	1.200000e+02	1.122529e+02	1.481130e+00	1.481130e+00
1.200000e+02	1.260000e+02	9.809110e+01	1.384608e+00	1.384608e+00
1.260000e+02	1.320000e+02	8.038065e+01	1.253360e+00	1.253360e+00
1.320000e+02	1.380000e+02	6.982498e+01	1.168145e+00	1.168145e+00
1.380000e+02	1.440000e+02	6.482000e+01	1.125481e+00	1.125481e+00
1.440000e+02	1.500000e+02	6.452515e+01	1.122901e+00	1.122901e+00
1.500000e+02	1.560000e+02	6.929675e+01	1.163714e+00	1.163714e+00
1.560000e+02	1.620000e+02	7.701253e+01	1.226761e+00	1.226761e+00
1.620000e+02	1.680000e+02	7.644537e+01	1.222228e+00	1.222228e+00
1.680000e+02	1.740000e+02	6.157350e+01	1.096908e+00	1.096908e+00
1.740000e+02	1.800000e+02	4.123043e+01	8.975872e-01	8.975872e-01
# END HISTO1D

