# BEGIN HISTO2D /res/100TeVlambda_oxford/histo_ptHptH_res_C1e
Path=/res/100TeVlambda_oxford/histo_ptHptH_res_C1e
ScaledBy=1
Title=ptHptH_res_C1e
# xlow	 xhigh	 ylow	 yhigh	 val	 errminus	 errplus
0.000000e+00	3.000000e+01	0.000000e+00	3.000000e+01	9.444717e-04	3.349696e-05	3.349696e-05
0.000000e+00	3.000000e+01	3.000000e+01	6.000000e+01	0.000000e+00	0.000000e+00	0.000000e+00
0.000000e+00	3.000000e+01	6.000000e+01	9.000000e+01	0.000000e+00	0.000000e+00	0.000000e+00
0.000000e+00	3.000000e+01	9.000000e+01	1.200000e+02	0.000000e+00	0.000000e+00	0.000000e+00
0.000000e+00	3.000000e+01	1.200000e+02	1.500000e+02	0.000000e+00	0.000000e+00	0.000000e+00
0.000000e+00	3.000000e+01	1.500000e+02	1.800000e+02	0.000000e+00	0.000000e+00	0.000000e+00
0.000000e+00	3.000000e+01	1.800000e+02	2.100000e+02	0.000000e+00	0.000000e+00	0.000000e+00
0.000000e+00	3.000000e+01	2.100000e+02	2.400000e+02	0.000000e+00	0.000000e+00	0.000000e+00
0.000000e+00	3.000000e+01	2.400000e+02	2.700000e+02	0.000000e+00	0.000000e+00	0.000000e+00
0.000000e+00	3.000000e+01	2.700000e+02	3.000000e+02	0.000000e+00	0.000000e+00	0.000000e+00
0.000000e+00	3.000000e+01	3.000000e+02	3.300000e+02	0.000000e+00	0.000000e+00	0.000000e+00
0.000000e+00	3.000000e+01	3.300000e+02	3.600000e+02	0.000000e+00	0.000000e+00	0.000000e+00
0.000000e+00	3.000000e+01	3.600000e+02	3.900000e+02	0.000000e+00	0.000000e+00	0.000000e+00
0.000000e+00	3.000000e+01	3.900000e+02	4.200000e+02	0.000000e+00	0.000000e+00	0.000000e+00
0.000000e+00	3.000000e+01	4.200000e+02	4.500000e+02	0.000000e+00	0.000000e+00	0.000000e+00
0.000000e+00	3.000000e+01	4.500000e+02	4.800000e+02	0.000000e+00	0.000000e+00	0.000000e+00
0.000000e+00	3.000000e+01	4.800000e+02	5.100000e+02	0.000000e+00	0.000000e+00	0.000000e+00
0.000000e+00	3.000000e+01	5.100000e+02	5.400000e+02	0.000000e+00	0.000000e+00	0.000000e+00
0.000000e+00	3.000000e+01	5.400000e+02	5.700000e+02	0.000000e+00	0.000000e+00	0.000000e+00
0.000000e+00	3.000000e+01	5.700000e+02	6.000000e+02	0.000000e+00	0.000000e+00	0.000000e+00
0.000000e+00	3.000000e+01	6.000000e+02	6.300000e+02	0.000000e+00	0.000000e+00	0.000000e+00
0.000000e+00	3.000000e+01	6.300000e+02	6.600000e+02	0.000000e+00	0.000000e+00	0.000000e+00
0.000000e+00	3.000000e+01	6.600000e+02	6.900000e+02	0.000000e+00	0.000000e+00	0.000000e+00
0.000000e+00	3.000000e+01	6.900000e+02	7.200000e+02	0.000000e+00	0.000000e+00	0.000000e+00
0.000000e+00	3.000000e+01	7.200000e+02	7.500000e+02	0.000000e+00	0.000000e+00	0.000000e+00
0.000000e+00	3.000000e+01	7.500000e+02	7.800000e+02	0.000000e+00	0.000000e+00	0.000000e+00
0.000000e+00	3.000000e+01	7.800000e+02	8.100000e+02	0.000000e+00	0.000000e+00	0.000000e+00
0.000000e+00	3.000000e+01	8.100000e+02	8.400000e+02	0.000000e+00	0.000000e+00	0.000000e+00
0.000000e+00	3.000000e+01	8.400000e+02	8.700000e+02	0.000000e+00	0.000000e+00	0.000000e+00
0.000000e+00	3.000000e+01	8.700000e+02	9.000000e+02	0.000000e+00	0.000000e+00	0.000000e+00
3.000000e+01	6.000000e+01	0.000000e+00	3.000000e+01	2.608880e-03	5.567214e-05	5.567214e-05
3.000000e+01	6.000000e+01	3.000000e+01	6.000000e+01	2.468694e-03	5.415574e-05	5.415574e-05
3.000000e+01	6.000000e+01	6.000000e+01	9.000000e+01	0.000000e+00	0.000000e+00	0.000000e+00
3.000000e+01	6.000000e+01	9.000000e+01	1.200000e+02	0.000000e+00	0.000000e+00	0.000000e+00
3.000000e+01	6.000000e+01	1.200000e+02	1.500000e+02	0.000000e+00	0.000000e+00	0.000000e+00
3.000000e+01	6.000000e+01	1.500000e+02	1.800000e+02	0.000000e+00	0.000000e+00	0.000000e+00
3.000000e+01	6.000000e+01	1.800000e+02	2.100000e+02	0.000000e+00	0.000000e+00	0.000000e+00
3.000000e+01	6.000000e+01	2.100000e+02	2.400000e+02	0.000000e+00	0.000000e+00	0.000000e+00
3.000000e+01	6.000000e+01	2.400000e+02	2.700000e+02	0.000000e+00	0.000000e+00	0.000000e+00
3.000000e+01	6.000000e+01	2.700000e+02	3.000000e+02	0.000000e+00	0.000000e+00	0.000000e+00
3.000000e+01	6.000000e+01	3.000000e+02	3.300000e+02	0.000000e+00	0.000000e+00	0.000000e+00
3.000000e+01	6.000000e+01	3.300000e+02	3.600000e+02	0.000000e+00	0.000000e+00	0.000000e+00
3.000000e+01	6.000000e+01	3.600000e+02	3.900000e+02	0.000000e+00	0.000000e+00	0.000000e+00
3.000000e+01	6.000000e+01	3.900000e+02	4.200000e+02	0.000000e+00	0.000000e+00	0.000000e+00
3.000000e+01	6.000000e+01	4.200000e+02	4.500000e+02	0.000000e+00	0.000000e+00	0.000000e+00
3.000000e+01	6.000000e+01	4.500000e+02	4.800000e+02	0.000000e+00	0.000000e+00	0.000000e+00
3.000000e+01	6.000000e+01	4.800000e+02	5.100000e+02	0.000000e+00	0.000000e+00	0.000000e+00
3.000000e+01	6.000000e+01	5.100000e+02	5.400000e+02	0.000000e+00	0.000000e+00	0.000000e+00
3.000000e+01	6.000000e+01	5.400000e+02	5.700000e+02	0.000000e+00	0.000000e+00	0.000000e+00
3.000000e+01	6.000000e+01	5.700000e+02	6.000000e+02	0.000000e+00	0.000000e+00	0.000000e+00
3.000000e+01	6.000000e+01	6.000000e+02	6.300000e+02	0.000000e+00	0.000000e+00	0.000000e+00
3.000000e+01	6.000000e+01	6.300000e+02	6.600000e+02	0.000000e+00	0.000000e+00	0.000000e+00
3.000000e+01	6.000000e+01	6.600000e+02	6.900000e+02	0.000000e+00	0.000000e+00	0.000000e+00
3.000000e+01	6.000000e+01	6.900000e+02	7.200000e+02	0.000000e+00	0.000000e+00	0.000000e+00
3.000000e+01	6.000000e+01	7.200000e+02	7.500000e+02	0.000000e+00	0.000000e+00	0.000000e+00
3.000000e+01	6.000000e+01	7.500000e+02	7.800000e+02	0.000000e+00	0.000000e+00	0.000000e+00
3.000000e+01	6.000000e+01	7.800000e+02	8.100000e+02	0.000000e+00	0.000000e+00	0.000000e+00
3.000000e+01	6.000000e+01	8.100000e+02	8.400000e+02	0.000000e+00	0.000000e+00	0.000000e+00
3.000000e+01	6.000000e+01	8.400000e+02	8.700000e+02	0.000000e+00	0.000000e+00	0.000000e+00
3.000000e+01	6.000000e+01	8.700000e+02	9.000000e+02	0.000000e+00	0.000000e+00	0.000000e+00
6.000000e+01	9.000000e+01	0.000000e+00	3.000000e+01	1.717869e-03	4.517580e-05	4.517580e-05
6.000000e+01	9.000000e+01	3.000000e+01	6.000000e+01	4.248340e-03	7.104288e-05	7.104288e-05
6.000000e+01	9.000000e+01	6.000000e+01	9.000000e+01	2.835791e-03	5.804275e-05	5.804275e-05
6.000000e+01	9.000000e+01	9.000000e+01	1.200000e+02	0.000000e+00	0.000000e+00	0.000000e+00
6.000000e+01	9.000000e+01	1.200000e+02	1.500000e+02	0.000000e+00	0.000000e+00	0.000000e+00
6.000000e+01	9.000000e+01	1.500000e+02	1.800000e+02	0.000000e+00	0.000000e+00	0.000000e+00
6.000000e+01	9.000000e+01	1.800000e+02	2.100000e+02	0.000000e+00	0.000000e+00	0.000000e+00
6.000000e+01	9.000000e+01	2.100000e+02	2.400000e+02	0.000000e+00	0.000000e+00	0.000000e+00
6.000000e+01	9.000000e+01	2.400000e+02	2.700000e+02	0.000000e+00	0.000000e+00	0.000000e+00
6.000000e+01	9.000000e+01	2.700000e+02	3.000000e+02	0.000000e+00	0.000000e+00	0.000000e+00
6.000000e+01	9.000000e+01	3.000000e+02	3.300000e+02	0.000000e+00	0.000000e+00	0.000000e+00
6.000000e+01	9.000000e+01	3.300000e+02	3.600000e+02	0.000000e+00	0.000000e+00	0.000000e+00
6.000000e+01	9.000000e+01	3.600000e+02	3.900000e+02	0.000000e+00	0.000000e+00	0.000000e+00
6.000000e+01	9.000000e+01	3.900000e+02	4.200000e+02	0.000000e+00	0.000000e+00	0.000000e+00
6.000000e+01	9.000000e+01	4.200000e+02	4.500000e+02	0.000000e+00	0.000000e+00	0.000000e+00
6.000000e+01	9.000000e+01	4.500000e+02	4.800000e+02	0.000000e+00	0.000000e+00	0.000000e+00
6.000000e+01	9.000000e+01	4.800000e+02	5.100000e+02	0.000000e+00	0.000000e+00	0.000000e+00
6.000000e+01	9.000000e+01	5.100000e+02	5.400000e+02	0.000000e+00	0.000000e+00	0.000000e+00
6.000000e+01	9.000000e+01	5.400000e+02	5.700000e+02	0.000000e+00	0.000000e+00	0.000000e+00
6.000000e+01	9.000000e+01	5.700000e+02	6.000000e+02	0.000000e+00	0.000000e+00	0.000000e+00
6.000000e+01	9.000000e+01	6.000000e+02	6.300000e+02	0.000000e+00	0.000000e+00	0.000000e+00
6.000000e+01	9.000000e+01	6.300000e+02	6.600000e+02	0.000000e+00	0.000000e+00	0.000000e+00
6.000000e+01	9.000000e+01	6.600000e+02	6.900000e+02	0.000000e+00	0.000000e+00	0.000000e+00
6.000000e+01	9.000000e+01	6.900000e+02	7.200000e+02	0.000000e+00	0.000000e+00	0.000000e+00
6.000000e+01	9.000000e+01	7.200000e+02	7.500000e+02	0.000000e+00	0.000000e+00	0.000000e+00
6.000000e+01	9.000000e+01	7.500000e+02	7.800000e+02	0.000000e+00	0.000000e+00	0.000000e+00
6.000000e+01	9.000000e+01	7.800000e+02	8.100000e+02	0.000000e+00	0.000000e+00	0.000000e+00
6.000000e+01	9.000000e+01	8.100000e+02	8.400000e+02	0.000000e+00	0.000000e+00	0.000000e+00
6.000000e+01	9.000000e+01	8.400000e+02	8.700000e+02	0.000000e+00	0.000000e+00	0.000000e+00
6.000000e+01	9.000000e+01	8.700000e+02	9.000000e+02	0.000000e+00	0.000000e+00	0.000000e+00
9.000000e+01	1.200000e+02	0.000000e+00	3.000000e+01	9.480357e-04	3.356010e-05	3.356010e-05
9.000000e+01	1.200000e+02	3.000000e+01	6.000000e+01	2.618384e-03	5.577346e-05	5.577346e-05
9.000000e+01	1.200000e+02	6.000000e+01	9.000000e+01	4.875612e-03	7.610715e-05	7.610715e-05
9.000000e+01	1.200000e+02	9.000000e+01	1.200000e+02	3.485634e-03	6.435049e-05	6.435049e-05
9.000000e+01	1.200000e+02	1.200000e+02	1.500000e+02	0.000000e+00	0.000000e+00	0.000000e+00
9.000000e+01	1.200000e+02	1.500000e+02	1.800000e+02	0.000000e+00	0.000000e+00	0.000000e+00
9.000000e+01	1.200000e+02	1.800000e+02	2.100000e+02	0.000000e+00	0.000000e+00	0.000000e+00
9.000000e+01	1.200000e+02	2.100000e+02	2.400000e+02	0.000000e+00	0.000000e+00	0.000000e+00
9.000000e+01	1.200000e+02	2.400000e+02	2.700000e+02	0.000000e+00	0.000000e+00	0.000000e+00
9.000000e+01	1.200000e+02	2.700000e+02	3.000000e+02	0.000000e+00	0.000000e+00	0.000000e+00
9.000000e+01	1.200000e+02	3.000000e+02	3.300000e+02	0.000000e+00	0.000000e+00	0.000000e+00
9.000000e+01	1.200000e+02	3.300000e+02	3.600000e+02	0.000000e+00	0.000000e+00	0.000000e+00
9.000000e+01	1.200000e+02	3.600000e+02	3.900000e+02	0.000000e+00	0.000000e+00	0.000000e+00
9.000000e+01	1.200000e+02	3.900000e+02	4.200000e+02	0.000000e+00	0.000000e+00	0.000000e+00
9.000000e+01	1.200000e+02	4.200000e+02	4.500000e+02	0.000000e+00	0.000000e+00	0.000000e+00
9.000000e+01	1.200000e+02	4.500000e+02	4.800000e+02	0.000000e+00	0.000000e+00	0.000000e+00
9.000000e+01	1.200000e+02	4.800000e+02	5.100000e+02	0.000000e+00	0.000000e+00	0.000000e+00
9.000000e+01	1.200000e+02	5.100000e+02	5.400000e+02	0.000000e+00	0.000000e+00	0.000000e+00
9.000000e+01	1.200000e+02	5.400000e+02	5.700000e+02	0.000000e+00	0.000000e+00	0.000000e+00
9.000000e+01	1.200000e+02	5.700000e+02	6.000000e+02	0.000000e+00	0.000000e+00	0.000000e+00
9.000000e+01	1.200000e+02	6.000000e+02	6.300000e+02	0.000000e+00	0.000000e+00	0.000000e+00
9.000000e+01	1.200000e+02	6.300000e+02	6.600000e+02	0.000000e+00	0.000000e+00	0.000000e+00
9.000000e+01	1.200000e+02	6.600000e+02	6.900000e+02	0.000000e+00	0.000000e+00	0.000000e+00
9.000000e+01	1.200000e+02	6.900000e+02	7.200000e+02	0.000000e+00	0.000000e+00	0.000000e+00
9.000000e+01	1.200000e+02	7.200000e+02	7.500000e+02	0.000000e+00	0.000000e+00	0.000000e+00
9.000000e+01	1.200000e+02	7.500000e+02	7.800000e+02	0.000000e+00	0.000000e+00	0.000000e+00
9.000000e+01	1.200000e+02	7.800000e+02	8.100000e+02	0.000000e+00	0.000000e+00	0.000000e+00
9.000000e+01	1.200000e+02	8.100000e+02	8.400000e+02	0.000000e+00	0.000000e+00	0.000000e+00
9.000000e+01	1.200000e+02	8.400000e+02	8.700000e+02	0.000000e+00	0.000000e+00	0.000000e+00
9.000000e+01	1.200000e+02	8.700000e+02	9.000000e+02	0.000000e+00	0.000000e+00	0.000000e+00
1.200000e+02	1.500000e+02	0.000000e+00	3.000000e+01	5.203504e-04	2.486330e-05	2.486330e-05
1.200000e+02	1.500000e+02	3.000000e+01	6.000000e+01	1.399481e-03	4.077504e-05	4.077504e-05
1.200000e+02	1.500000e+02	6.000000e+01	9.000000e+01	2.927268e-03	5.897149e-05	5.897149e-05
1.200000e+02	1.500000e+02	9.000000e+01	1.200000e+02	5.549217e-03	8.119452e-05	8.119452e-05
1.200000e+02	1.500000e+02	1.200000e+02	1.500000e+02	3.897876e-03	6.804949e-05	6.804949e-05
1.200000e+02	1.500000e+02	1.500000e+02	1.800000e+02	0.000000e+00	0.000000e+00	0.000000e+00
1.200000e+02	1.500000e+02	1.800000e+02	2.100000e+02	0.000000e+00	0.000000e+00	0.000000e+00
1.200000e+02	1.500000e+02	2.100000e+02	2.400000e+02	0.000000e+00	0.000000e+00	0.000000e+00
1.200000e+02	1.500000e+02	2.400000e+02	2.700000e+02	0.000000e+00	0.000000e+00	0.000000e+00
1.200000e+02	1.500000e+02	2.700000e+02	3.000000e+02	0.000000e+00	0.000000e+00	0.000000e+00
1.200000e+02	1.500000e+02	3.000000e+02	3.300000e+02	0.000000e+00	0.000000e+00	0.000000e+00
1.200000e+02	1.500000e+02	3.300000e+02	3.600000e+02	0.000000e+00	0.000000e+00	0.000000e+00
1.200000e+02	1.500000e+02	3.600000e+02	3.900000e+02	0.000000e+00	0.000000e+00	0.000000e+00
1.200000e+02	1.500000e+02	3.900000e+02	4.200000e+02	0.000000e+00	0.000000e+00	0.000000e+00
1.200000e+02	1.500000e+02	4.200000e+02	4.500000e+02	0.000000e+00	0.000000e+00	0.000000e+00
1.200000e+02	1.500000e+02	4.500000e+02	4.800000e+02	0.000000e+00	0.000000e+00	0.000000e+00
1.200000e+02	1.500000e+02	4.800000e+02	5.100000e+02	0.000000e+00	0.000000e+00	0.000000e+00
1.200000e+02	1.500000e+02	5.100000e+02	5.400000e+02	0.000000e+00	0.000000e+00	0.000000e+00
1.200000e+02	1.500000e+02	5.400000e+02	5.700000e+02	0.000000e+00	0.000000e+00	0.000000e+00
1.200000e+02	1.500000e+02	5.700000e+02	6.000000e+02	0.000000e+00	0.000000e+00	0.000000e+00
1.200000e+02	1.500000e+02	6.000000e+02	6.300000e+02	0.000000e+00	0.000000e+00	0.000000e+00
1.200000e+02	1.500000e+02	6.300000e+02	6.600000e+02	0.000000e+00	0.000000e+00	0.000000e+00
1.200000e+02	1.500000e+02	6.600000e+02	6.900000e+02	0.000000e+00	0.000000e+00	0.000000e+00
1.200000e+02	1.500000e+02	6.900000e+02	7.200000e+02	0.000000e+00	0.000000e+00	0.000000e+00
1.200000e+02	1.500000e+02	7.200000e+02	7.500000e+02	0.000000e+00	0.000000e+00	0.000000e+00
1.200000e+02	1.500000e+02	7.500000e+02	7.800000e+02	0.000000e+00	0.000000e+00	0.000000e+00
1.200000e+02	1.500000e+02	7.800000e+02	8.100000e+02	0.000000e+00	0.000000e+00	0.000000e+00
1.200000e+02	1.500000e+02	8.100000e+02	8.400000e+02	0.000000e+00	0.000000e+00	0.000000e+00
1.200000e+02	1.500000e+02	8.400000e+02	8.700000e+02	0.000000e+00	0.000000e+00	0.000000e+00
1.200000e+02	1.500000e+02	8.700000e+02	9.000000e+02	0.000000e+00	0.000000e+00	0.000000e+00
1.500000e+02	1.800000e+02	0.000000e+00	3.000000e+01	2.934396e-04	1.867111e-05	1.867111e-05
1.500000e+02	1.800000e+02	3.000000e+01	6.000000e+01	7.722096e-04	3.028855e-05	3.028855e-05
1.500000e+02	1.800000e+02	6.000000e+01	9.000000e+01	1.520659e-03	4.250370e-05	4.250370e-05
1.500000e+02	1.800000e+02	9.000000e+01	1.200000e+02	3.192196e-03	6.158225e-05	6.158225e-05
1.500000e+02	1.800000e+02	1.200000e+02	1.500000e+02	5.879484e-03	8.357580e-05	8.357580e-05
1.500000e+02	1.800000e+02	1.500000e+02	1.800000e+02	3.672153e-03	6.604977e-05	6.604977e-05
1.500000e+02	1.800000e+02	1.800000e+02	2.100000e+02	0.000000e+00	0.000000e+00	0.000000e+00
1.500000e+02	1.800000e+02	2.100000e+02	2.400000e+02	0.000000e+00	0.000000e+00	0.000000e+00
1.500000e+02	1.800000e+02	2.400000e+02	2.700000e+02	0.000000e+00	0.000000e+00	0.000000e+00
1.500000e+02	1.800000e+02	2.700000e+02	3.000000e+02	0.000000e+00	0.000000e+00	0.000000e+00
1.500000e+02	1.800000e+02	3.000000e+02	3.300000e+02	0.000000e+00	0.000000e+00	0.000000e+00
1.500000e+02	1.800000e+02	3.300000e+02	3.600000e+02	0.000000e+00	0.000000e+00	0.000000e+00
1.500000e+02	1.800000e+02	3.600000e+02	3.900000e+02	0.000000e+00	0.000000e+00	0.000000e+00
1.500000e+02	1.800000e+02	3.900000e+02	4.200000e+02	0.000000e+00	0.000000e+00	0.000000e+00
1.500000e+02	1.800000e+02	4.200000e+02	4.500000e+02	0.000000e+00	0.000000e+00	0.000000e+00
1.500000e+02	1.800000e+02	4.500000e+02	4.800000e+02	0.000000e+00	0.000000e+00	0.000000e+00
1.500000e+02	1.800000e+02	4.800000e+02	5.100000e+02	0.000000e+00	0.000000e+00	0.000000e+00
1.500000e+02	1.800000e+02	5.100000e+02	5.400000e+02	0.000000e+00	0.000000e+00	0.000000e+00
1.500000e+02	1.800000e+02	5.400000e+02	5.700000e+02	0.000000e+00	0.000000e+00	0.000000e+00
1.500000e+02	1.800000e+02	5.700000e+02	6.000000e+02	0.000000e+00	0.000000e+00	0.000000e+00
1.500000e+02	1.800000e+02	6.000000e+02	6.300000e+02	0.000000e+00	0.000000e+00	0.000000e+00
1.500000e+02	1.800000e+02	6.300000e+02	6.600000e+02	0.000000e+00	0.000000e+00	0.000000e+00
1.500000e+02	1.800000e+02	6.600000e+02	6.900000e+02	0.000000e+00	0.000000e+00	0.000000e+00
1.500000e+02	1.800000e+02	6.900000e+02	7.200000e+02	0.000000e+00	0.000000e+00	0.000000e+00
1.500000e+02	1.800000e+02	7.200000e+02	7.500000e+02	0.000000e+00	0.000000e+00	0.000000e+00
1.500000e+02	1.800000e+02	7.500000e+02	7.800000e+02	0.000000e+00	0.000000e+00	0.000000e+00
1.500000e+02	1.800000e+02	7.800000e+02	8.100000e+02	0.000000e+00	0.000000e+00	0.000000e+00
1.500000e+02	1.800000e+02	8.100000e+02	8.400000e+02	0.000000e+00	0.000000e+00	0.000000e+00
1.500000e+02	1.800000e+02	8.400000e+02	8.700000e+02	0.000000e+00	0.000000e+00	0.000000e+00
1.500000e+02	1.800000e+02	8.700000e+02	9.000000e+02	0.000000e+00	0.000000e+00	0.000000e+00
1.800000e+02	2.100000e+02	0.000000e+00	3.000000e+01	1.983984e-04	1.535253e-05	1.535253e-05
1.800000e+02	2.100000e+02	3.000000e+01	6.000000e+01	4.336253e-04	2.269699e-05	2.269699e-05
1.800000e+02	2.100000e+02	6.000000e+01	9.000000e+01	7.852777e-04	3.054376e-05	3.054376e-05
1.800000e+02	2.100000e+02	9.000000e+01	1.200000e+02	1.666784e-03	4.449904e-05	4.449904e-05
1.800000e+02	2.100000e+02	1.200000e+02	1.500000e+02	3.073393e-03	6.042547e-05	6.042547e-05
1.800000e+02	2.100000e+02	1.500000e+02	1.800000e+02	5.088267e-03	7.774918e-05	7.774918e-05
1.800000e+02	2.100000e+02	1.800000e+02	2.100000e+02	2.927268e-03	5.897149e-05	5.897149e-05
1.800000e+02	2.100000e+02	2.100000e+02	2.400000e+02	0.000000e+00	0.000000e+00	0.000000e+00
1.800000e+02	2.100000e+02	2.400000e+02	2.700000e+02	0.000000e+00	0.000000e+00	0.000000e+00
1.800000e+02	2.100000e+02	2.700000e+02	3.000000e+02	0.000000e+00	0.000000e+00	0.000000e+00
1.800000e+02	2.100000e+02	3.000000e+02	3.300000e+02	0.000000e+00	0.000000e+00	0.000000e+00
1.800000e+02	2.100000e+02	3.300000e+02	3.600000e+02	0.000000e+00	0.000000e+00	0.000000e+00
1.800000e+02	2.100000e+02	3.600000e+02	3.900000e+02	0.000000e+00	0.000000e+00	0.000000e+00
1.800000e+02	2.100000e+02	3.900000e+02	4.200000e+02	0.000000e+00	0.000000e+00	0.000000e+00
1.800000e+02	2.100000e+02	4.200000e+02	4.500000e+02	0.000000e+00	0.000000e+00	0.000000e+00
1.800000e+02	2.100000e+02	4.500000e+02	4.800000e+02	0.000000e+00	0.000000e+00	0.000000e+00
1.800000e+02	2.100000e+02	4.800000e+02	5.100000e+02	0.000000e+00	0.000000e+00	0.000000e+00
1.800000e+02	2.100000e+02	5.100000e+02	5.400000e+02	0.000000e+00	0.000000e+00	0.000000e+00
1.800000e+02	2.100000e+02	5.400000e+02	5.700000e+02	0.000000e+00	0.000000e+00	0.000000e+00
1.800000e+02	2.100000e+02	5.700000e+02	6.000000e+02	0.000000e+00	0.000000e+00	0.000000e+00
1.800000e+02	2.100000e+02	6.000000e+02	6.300000e+02	0.000000e+00	0.000000e+00	0.000000e+00
1.800000e+02	2.100000e+02	6.300000e+02	6.600000e+02	0.000000e+00	0.000000e+00	0.000000e+00
1.800000e+02	2.100000e+02	6.600000e+02	6.900000e+02	0.000000e+00	0.000000e+00	0.000000e+00
1.800000e+02	2.100000e+02	6.900000e+02	7.200000e+02	0.000000e+00	0.000000e+00	0.000000e+00
1.800000e+02	2.100000e+02	7.200000e+02	7.500000e+02	0.000000e+00	0.000000e+00	0.000000e+00
1.800000e+02	2.100000e+02	7.500000e+02	7.800000e+02	0.000000e+00	0.000000e+00	0.000000e+00
1.800000e+02	2.100000e+02	7.800000e+02	8.100000e+02	0.000000e+00	0.000000e+00	0.000000e+00
1.800000e+02	2.100000e+02	8.100000e+02	8.400000e+02	0.000000e+00	0.000000e+00	0.000000e+00
1.800000e+02	2.100000e+02	8.400000e+02	8.700000e+02	0.000000e+00	0.000000e+00	0.000000e+00
1.800000e+02	2.100000e+02	8.700000e+02	9.000000e+02	0.000000e+00	0.000000e+00	0.000000e+00
2.100000e+02	2.400000e+02	0.000000e+00	3.000000e+01	1.152374e-04	1.170059e-05	1.170059e-05
2.100000e+02	2.400000e+02	3.000000e+01	6.000000e+01	2.851236e-04	1.840464e-05	1.840464e-05
2.100000e+02	2.400000e+02	6.000000e+01	9.000000e+01	4.870860e-04	2.405546e-05	2.405546e-05
2.100000e+02	2.400000e+02	9.000000e+01	1.200000e+02	9.444717e-04	3.349696e-05	3.349696e-05
2.100000e+02	2.400000e+02	1.200000e+02	1.500000e+02	1.549171e-03	4.290033e-05	4.290033e-05
2.100000e+02	2.400000e+02	1.500000e+02	1.800000e+02	2.644520e-03	5.605113e-05	5.605113e-05
2.100000e+02	2.400000e+02	1.800000e+02	2.100000e+02	4.024993e-03	6.915020e-05	6.915020e-05
2.100000e+02	2.400000e+02	2.100000e+02	2.400000e+02	2.080213e-03	4.971242e-05	4.971242e-05
2.100000e+02	2.400000e+02	2.400000e+02	2.700000e+02	0.000000e+00	0.000000e+00	0.000000e+00
2.100000e+02	2.400000e+02	2.700000e+02	3.000000e+02	0.000000e+00	0.000000e+00	0.000000e+00
2.100000e+02	2.400000e+02	3.000000e+02	3.300000e+02	0.000000e+00	0.000000e+00	0.000000e+00
2.100000e+02	2.400000e+02	3.300000e+02	3.600000e+02	0.000000e+00	0.000000e+00	0.000000e+00
2.100000e+02	2.400000e+02	3.600000e+02	3.900000e+02	0.000000e+00	0.000000e+00	0.000000e+00
2.100000e+02	2.400000e+02	3.900000e+02	4.200000e+02	0.000000e+00	0.000000e+00	0.000000e+00
2.100000e+02	2.400000e+02	4.200000e+02	4.500000e+02	0.000000e+00	0.000000e+00	0.000000e+00
2.100000e+02	2.400000e+02	4.500000e+02	4.800000e+02	0.000000e+00	0.000000e+00	0.000000e+00
2.100000e+02	2.400000e+02	4.800000e+02	5.100000e+02	0.000000e+00	0.000000e+00	0.000000e+00
2.100000e+02	2.400000e+02	5.100000e+02	5.400000e+02	0.000000e+00	0.000000e+00	0.000000e+00
2.100000e+02	2.400000e+02	5.400000e+02	5.700000e+02	0.000000e+00	0.000000e+00	0.000000e+00
2.100000e+02	2.400000e+02	5.700000e+02	6.000000e+02	0.000000e+00	0.000000e+00	0.000000e+00
2.100000e+02	2.400000e+02	6.000000e+02	6.300000e+02	0.000000e+00	0.000000e+00	0.000000e+00
2.100000e+02	2.400000e+02	6.300000e+02	6.600000e+02	0.000000e+00	0.000000e+00	0.000000e+00
2.100000e+02	2.400000e+02	6.600000e+02	6.900000e+02	0.000000e+00	0.000000e+00	0.000000e+00
2.100000e+02	2.400000e+02	6.900000e+02	7.200000e+02	0.000000e+00	0.000000e+00	0.000000e+00
2.100000e+02	2.400000e+02	7.200000e+02	7.500000e+02	0.000000e+00	0.000000e+00	0.000000e+00
2.100000e+02	2.400000e+02	7.500000e+02	7.800000e+02	0.000000e+00	0.000000e+00	0.000000e+00
2.100000e+02	2.400000e+02	7.800000e+02	8.100000e+02	0.000000e+00	0.000000e+00	0.000000e+00
2.100000e+02	2.400000e+02	8.100000e+02	8.400000e+02	0.000000e+00	0.000000e+00	0.000000e+00
2.100000e+02	2.400000e+02	8.400000e+02	8.700000e+02	0.000000e+00	0.000000e+00	0.000000e+00
2.100000e+02	2.400000e+02	8.700000e+02	9.000000e+02	0.000000e+00	0.000000e+00	0.000000e+00
2.400000e+02	2.700000e+02	0.000000e+00	3.000000e+01	9.979322e-05	1.088833e-05	1.088833e-05
2.400000e+02	2.700000e+02	3.000000e+01	6.000000e+01	2.138427e-04	1.593889e-05	1.593889e-05
2.400000e+02	2.700000e+02	6.000000e+01	9.000000e+01	3.290800e-04	1.977250e-05	1.977250e-05
2.400000e+02	2.700000e+02	9.000000e+01	1.200000e+02	4.989661e-04	2.434705e-05	2.434705e-05
2.400000e+02	2.700000e+02	1.200000e+02	1.500000e+02	7.983458e-04	3.079686e-05	3.079686e-05
2.400000e+02	2.700000e+02	1.500000e+02	1.800000e+02	1.344832e-03	3.997099e-05	3.997099e-05
2.400000e+02	2.700000e+02	1.800000e+02	2.100000e+02	2.196639e-03	5.108463e-05	5.108463e-05
2.400000e+02	2.700000e+02	2.100000e+02	2.400000e+02	2.943900e-03	5.913879e-05	5.913879e-05
2.400000e+02	2.700000e+02	2.400000e+02	2.700000e+02	1.542043e-03	4.280151e-05	4.280151e-05
2.400000e+02	2.700000e+02	2.700000e+02	3.000000e+02	0.000000e+00	0.000000e+00	0.000000e+00
2.400000e+02	2.700000e+02	3.000000e+02	3.300000e+02	0.000000e+00	0.000000e+00	0.000000e+00
2.400000e+02	2.700000e+02	3.300000e+02	3.600000e+02	0.000000e+00	0.000000e+00	0.000000e+00
2.400000e+02	2.700000e+02	3.600000e+02	3.900000e+02	0.000000e+00	0.000000e+00	0.000000e+00
2.400000e+02	2.700000e+02	3.900000e+02	4.200000e+02	0.000000e+00	0.000000e+00	0.000000e+00
2.400000e+02	2.700000e+02	4.200000e+02	4.500000e+02	0.000000e+00	0.000000e+00	0.000000e+00
2.400000e+02	2.700000e+02	4.500000e+02	4.800000e+02	0.000000e+00	0.000000e+00	0.000000e+00
2.400000e+02	2.700000e+02	4.800000e+02	5.100000e+02	0.000000e+00	0.000000e+00	0.000000e+00
2.400000e+02	2.700000e+02	5.100000e+02	5.400000e+02	0.000000e+00	0.000000e+00	0.000000e+00
2.400000e+02	2.700000e+02	5.400000e+02	5.700000e+02	0.000000e+00	0.000000e+00	0.000000e+00
2.400000e+02	2.700000e+02	5.700000e+02	6.000000e+02	0.000000e+00	0.000000e+00	0.000000e+00
2.400000e+02	2.700000e+02	6.000000e+02	6.300000e+02	0.000000e+00	0.000000e+00	0.000000e+00
2.400000e+02	2.700000e+02	6.300000e+02	6.600000e+02	0.000000e+00	0.000000e+00	0.000000e+00
2.400000e+02	2.700000e+02	6.600000e+02	6.900000e+02	0.000000e+00	0.000000e+00	0.000000e+00
2.400000e+02	2.700000e+02	6.900000e+02	7.200000e+02	0.000000e+00	0.000000e+00	0.000000e+00
2.400000e+02	2.700000e+02	7.200000e+02	7.500000e+02	0.000000e+00	0.000000e+00	0.000000e+00
2.400000e+02	2.700000e+02	7.500000e+02	7.800000e+02	0.000000e+00	0.000000e+00	0.000000e+00
2.400000e+02	2.700000e+02	7.800000e+02	8.100000e+02	0.000000e+00	0.000000e+00	0.000000e+00
2.400000e+02	2.700000e+02	8.100000e+02	8.400000e+02	0.000000e+00	0.000000e+00	0.000000e+00
2.400000e+02	2.700000e+02	8.400000e+02	8.700000e+02	0.000000e+00	0.000000e+00	0.000000e+00
2.400000e+02	2.700000e+02	8.700000e+02	9.000000e+02	0.000000e+00	0.000000e+00	0.000000e+00
2.700000e+02	3.000000e+02	0.000000e+00	3.000000e+01	6.771683e-05	8.969314e-06	8.969314e-06
2.700000e+02	3.000000e+02	3.000000e+01	6.000000e+01	1.663220e-04	1.405678e-05	1.405678e-05
2.700000e+02	3.000000e+02	6.000000e+01	9.000000e+01	2.138427e-04	1.593889e-05	1.593889e-05
2.700000e+02	3.000000e+02	9.000000e+01	1.200000e+02	3.421482e-04	2.016128e-05	2.016128e-05
2.700000e+02	3.000000e+02	1.200000e+02	1.500000e+02	4.882740e-04	2.408478e-05	2.408478e-05
2.700000e+02	3.000000e+02	1.500000e+02	1.800000e+02	7.377571e-04	2.960517e-05	2.960517e-05
2.700000e+02	3.000000e+02	1.800000e+02	2.100000e+02	1.054957e-03	3.540203e-05	3.540203e-05
2.700000e+02	3.000000e+02	2.100000e+02	2.400000e+02	1.588376e-03	4.343977e-05	4.343977e-05
2.700000e+02	3.000000e+02	2.400000e+02	2.700000e+02	2.275048e-03	5.198837e-05	5.198837e-05
2.700000e+02	3.000000e+02	2.700000e+02	3.000000e+02	1.116733e-03	3.642384e-05	3.642384e-05
2.700000e+02	3.000000e+02	3.000000e+02	3.300000e+02	0.000000e+00	0.000000e+00	0.000000e+00
2.700000e+02	3.000000e+02	3.300000e+02	3.600000e+02	0.000000e+00	0.000000e+00	0.000000e+00
2.700000e+02	3.000000e+02	3.600000e+02	3.900000e+02	0.000000e+00	0.000000e+00	0.000000e+00
2.700000e+02	3.000000e+02	3.900000e+02	4.200000e+02	0.000000e+00	0.000000e+00	0.000000e+00
2.700000e+02	3.000000e+02	4.200000e+02	4.500000e+02	0.000000e+00	0.000000e+00	0.000000e+00
2.700000e+02	3.000000e+02	4.500000e+02	4.800000e+02	0.000000e+00	0.000000e+00	0.000000e+00
2.700000e+02	3.000000e+02	4.800000e+02	5.100000e+02	0.000000e+00	0.000000e+00	0.000000e+00
2.700000e+02	3.000000e+02	5.100000e+02	5.400000e+02	0.000000e+00	0.000000e+00	0.000000e+00
2.700000e+02	3.000000e+02	5.400000e+02	5.700000e+02	0.000000e+00	0.000000e+00	0.000000e+00
2.700000e+02	3.000000e+02	5.700000e+02	6.000000e+02	0.000000e+00	0.000000e+00	0.000000e+00
2.700000e+02	3.000000e+02	6.000000e+02	6.300000e+02	0.000000e+00	0.000000e+00	0.000000e+00
2.700000e+02	3.000000e+02	6.300000e+02	6.600000e+02	0.000000e+00	0.000000e+00	0.000000e+00
2.700000e+02	3.000000e+02	6.600000e+02	6.900000e+02	0.000000e+00	0.000000e+00	0.000000e+00
2.700000e+02	3.000000e+02	6.900000e+02	7.200000e+02	0.000000e+00	0.000000e+00	0.000000e+00
2.700000e+02	3.000000e+02	7.200000e+02	7.500000e+02	0.000000e+00	0.000000e+00	0.000000e+00
2.700000e+02	3.000000e+02	7.500000e+02	7.800000e+02	0.000000e+00	0.000000e+00	0.000000e+00
2.700000e+02	3.000000e+02	7.800000e+02	8.100000e+02	0.000000e+00	0.000000e+00	0.000000e+00
2.700000e+02	3.000000e+02	8.100000e+02	8.400000e+02	0.000000e+00	0.000000e+00	0.000000e+00
2.700000e+02	3.000000e+02	8.400000e+02	8.700000e+02	0.000000e+00	0.000000e+00	0.000000e+00
2.700000e+02	3.000000e+02	8.700000e+02	9.000000e+02	0.000000e+00	0.000000e+00	0.000000e+00
3.000000e+02	3.300000e+02	0.000000e+00	3.000000e+01	4.276852e-05	7.128087e-06	7.128087e-06
3.000000e+02	3.300000e+02	3.000000e+01	6.000000e+01	9.860521e-05	1.082333e-05	1.082333e-05
3.000000e+02	3.300000e+02	6.000000e+01	9.000000e+01	1.283056e-04	1.234621e-05	1.234621e-05
3.000000e+02	3.300000e+02	9.000000e+01	1.200000e+02	2.387909e-04	1.684302e-05	1.684302e-05
3.000000e+02	3.300000e+02	1.200000e+02	1.500000e+02	3.029438e-04	1.897107e-05	1.897107e-05
3.000000e+02	3.300000e+02	1.500000e+02	1.800000e+02	4.205572e-04	2.235236e-05	2.235236e-05
3.000000e+02	3.300000e+02	1.800000e+02	2.100000e+02	5.714350e-04	2.605520e-05	2.605520e-05
3.000000e+02	3.300000e+02	2.100000e+02	2.400000e+02	8.636867e-04	3.203236e-05	3.203236e-05
3.000000e+02	3.300000e+02	2.400000e+02	2.700000e+02	1.212963e-03	3.796073e-05	3.796073e-05
3.000000e+02	3.300000e+02	2.700000e+02	3.000000e+02	1.468386e-03	4.176678e-05	4.176678e-05
3.000000e+02	3.300000e+02	3.000000e+02	3.300000e+02	7.876537e-04	3.058993e-05	3.058993e-05
3.000000e+02	3.300000e+02	3.300000e+02	3.600000e+02	0.000000e+00	0.000000e+00	0.000000e+00
3.000000e+02	3.300000e+02	3.600000e+02	3.900000e+02	0.000000e+00	0.000000e+00	0.000000e+00
3.000000e+02	3.300000e+02	3.900000e+02	4.200000e+02	0.000000e+00	0.000000e+00	0.000000e+00
3.000000e+02	3.300000e+02	4.200000e+02	4.500000e+02	0.000000e+00	0.000000e+00	0.000000e+00
3.000000e+02	3.300000e+02	4.500000e+02	4.800000e+02	0.000000e+00	0.000000e+00	0.000000e+00
3.000000e+02	3.300000e+02	4.800000e+02	5.100000e+02	0.000000e+00	0.000000e+00	0.000000e+00
3.000000e+02	3.300000e+02	5.100000e+02	5.400000e+02	0.000000e+00	0.000000e+00	0.000000e+00
3.000000e+02	3.300000e+02	5.400000e+02	5.700000e+02	0.000000e+00	0.000000e+00	0.000000e+00
3.000000e+02	3.300000e+02	5.700000e+02	6.000000e+02	0.000000e+00	0.000000e+00	0.000000e+00
3.000000e+02	3.300000e+02	6.000000e+02	6.300000e+02	0.000000e+00	0.000000e+00	0.000000e+00
3.000000e+02	3.300000e+02	6.300000e+02	6.600000e+02	0.000000e+00	0.000000e+00	0.000000e+00
3.000000e+02	3.300000e+02	6.600000e+02	6.900000e+02	0.000000e+00	0.000000e+00	0.000000e+00
3.000000e+02	3.300000e+02	6.900000e+02	7.200000e+02	0.000000e+00	0.000000e+00	0.000000e+00
3.000000e+02	3.300000e+02	7.200000e+02	7.500000e+02	0.000000e+00	0.000000e+00	0.000000e+00
3.000000e+02	3.300000e+02	7.500000e+02	7.800000e+02	0.000000e+00	0.000000e+00	0.000000e+00
3.000000e+02	3.300000e+02	7.800000e+02	8.100000e+02	0.000000e+00	0.000000e+00	0.000000e+00
3.000000e+02	3.300000e+02	8.100000e+02	8.400000e+02	0.000000e+00	0.000000e+00	0.000000e+00
3.000000e+02	3.300000e+02	8.400000e+02	8.700000e+02	0.000000e+00	0.000000e+00	0.000000e+00
3.000000e+02	3.300000e+02	8.700000e+02	9.000000e+02	0.000000e+00	0.000000e+00	0.000000e+00
3.300000e+02	3.600000e+02	0.000000e+00	3.000000e+01	4.276852e-05	7.128087e-06	7.128087e-06
3.300000e+02	3.600000e+02	3.000000e+01	6.000000e+01	6.058874e-05	8.484122e-06	8.484122e-06
3.300000e+02	3.600000e+02	6.000000e+01	9.000000e+01	1.164254e-04	1.176074e-05	1.176074e-05
3.300000e+02	3.600000e+02	9.000000e+01	1.200000e+02	1.639460e-04	1.395601e-05	1.395601e-05
3.300000e+02	3.600000e+02	1.200000e+02	1.500000e+02	1.698861e-04	1.420659e-05	1.420659e-05
3.300000e+02	3.600000e+02	1.500000e+02	1.800000e+02	2.673033e-04	1.782022e-05	1.782022e-05
3.300000e+02	3.600000e+02	1.800000e+02	2.100000e+02	3.385841e-04	2.005600e-05	2.005600e-05
3.300000e+02	3.600000e+02	2.100000e+02	2.400000e+02	5.405467e-04	2.534122e-05	2.534122e-05
3.300000e+02	3.600000e+02	2.400000e+02	2.700000e+02	6.664762e-04	2.813865e-05	2.813865e-05
3.300000e+02	3.600000e+02	2.700000e+02	3.000000e+02	8.826949e-04	3.238293e-05	3.238293e-05
3.300000e+02	3.600000e+02	3.000000e+02	3.300000e+02	1.164254e-03	3.719073e-05	3.719073e-05
3.300000e+02	3.600000e+02	3.300000e+02	3.600000e+02	6.213317e-04	2.716894e-05	2.716894e-05
3.300000e+02	3.600000e+02	3.600000e+02	3.900000e+02	0.000000e+00	0.000000e+00	0.000000e+00
3.300000e+02	3.600000e+02	3.900000e+02	4.200000e+02	0.000000e+00	0.000000e+00	0.000000e+00
3.300000e+02	3.600000e+02	4.200000e+02	4.500000e+02	0.000000e+00	0.000000e+00	0.000000e+00
3.300000e+02	3.600000e+02	4.500000e+02	4.800000e+02	0.000000e+00	0.000000e+00	0.000000e+00
3.300000e+02	3.600000e+02	4.800000e+02	5.100000e+02	0.000000e+00	0.000000e+00	0.000000e+00
3.300000e+02	3.600000e+02	5.100000e+02	5.400000e+02	0.000000e+00	0.000000e+00	0.000000e+00
3.300000e+02	3.600000e+02	5.400000e+02	5.700000e+02	0.000000e+00	0.000000e+00	0.000000e+00
3.300000e+02	3.600000e+02	5.700000e+02	6.000000e+02	0.000000e+00	0.000000e+00	0.000000e+00
3.300000e+02	3.600000e+02	6.000000e+02	6.300000e+02	0.000000e+00	0.000000e+00	0.000000e+00
3.300000e+02	3.600000e+02	6.300000e+02	6.600000e+02	0.000000e+00	0.000000e+00	0.000000e+00
3.300000e+02	3.600000e+02	6.600000e+02	6.900000e+02	0.000000e+00	0.000000e+00	0.000000e+00
3.300000e+02	3.600000e+02	6.900000e+02	7.200000e+02	0.000000e+00	0.000000e+00	0.000000e+00
3.300000e+02	3.600000e+02	7.200000e+02	7.500000e+02	0.000000e+00	0.000000e+00	0.000000e+00
3.300000e+02	3.600000e+02	7.500000e+02	7.800000e+02	0.000000e+00	0.000000e+00	0.000000e+00
3.300000e+02	3.600000e+02	7.800000e+02	8.100000e+02	0.000000e+00	0.000000e+00	0.000000e+00
3.300000e+02	3.600000e+02	8.100000e+02	8.400000e+02	0.000000e+00	0.000000e+00	0.000000e+00
3.300000e+02	3.600000e+02	8.400000e+02	8.700000e+02	0.000000e+00	0.000000e+00	0.000000e+00
3.300000e+02	3.600000e+02	8.700000e+02	9.000000e+02	0.000000e+00	0.000000e+00	0.000000e+00
3.600000e+02	3.900000e+02	0.000000e+00	3.000000e+01	2.732433e-05	5.697518e-06	5.697518e-06
3.600000e+02	3.900000e+02	3.000000e+01	6.000000e+01	6.058874e-05	8.484122e-06	8.484122e-06
3.600000e+02	3.900000e+02	6.000000e+01	9.000000e+01	8.316102e-05	9.939643e-06	9.939643e-06
3.600000e+02	3.900000e+02	9.000000e+01	1.200000e+02	1.199894e-04	1.193940e-05	1.193940e-05
3.600000e+02	3.900000e+02	1.200000e+02	1.500000e+02	1.318697e-04	1.251651e-05	1.251651e-05
3.600000e+02	3.900000e+02	1.500000e+02	1.800000e+02	1.770142e-04	1.450157e-05	1.450157e-05
3.600000e+02	3.900000e+02	1.800000e+02	2.100000e+02	2.352269e-04	1.671685e-05	1.671685e-05
3.600000e+02	3.900000e+02	2.100000e+02	2.400000e+02	2.970037e-04	1.878416e-05	1.878416e-05
3.600000e+02	3.900000e+02	2.400000e+02	2.700000e+02	3.730366e-04	2.105167e-05	2.105167e-05
3.600000e+02	3.900000e+02	2.700000e+02	3.000000e+02	4.930261e-04	2.420170e-05	2.420170e-05
3.600000e+02	3.900000e+02	3.000000e+02	3.300000e+02	6.534080e-04	2.786141e-05	2.786141e-05
3.600000e+02	3.900000e+02	3.300000e+02	3.600000e+02	8.054739e-04	3.093404e-05	3.093404e-05
3.600000e+02	3.900000e+02	3.600000e+02	3.900000e+02	3.896688e-04	2.151586e-05	2.151586e-05
3.600000e+02	3.900000e+02	3.900000e+02	4.200000e+02	0.000000e+00	0.000000e+00	0.000000e+00
3.600000e+02	3.900000e+02	4.200000e+02	4.500000e+02	0.000000e+00	0.000000e+00	0.000000e+00
3.600000e+02	3.900000e+02	4.500000e+02	4.800000e+02	0.000000e+00	0.000000e+00	0.000000e+00
3.600000e+02	3.900000e+02	4.800000e+02	5.100000e+02	0.000000e+00	0.000000e+00	0.000000e+00
3.600000e+02	3.900000e+02	5.100000e+02	5.400000e+02	0.000000e+00	0.000000e+00	0.000000e+00
3.600000e+02	3.900000e+02	5.400000e+02	5.700000e+02	0.000000e+00	0.000000e+00	0.000000e+00
3.600000e+02	3.900000e+02	5.700000e+02	6.000000e+02	0.000000e+00	0.000000e+00	0.000000e+00
3.600000e+02	3.900000e+02	6.000000e+02	6.300000e+02	0.000000e+00	0.000000e+00	0.000000e+00
3.600000e+02	3.900000e+02	6.300000e+02	6.600000e+02	0.000000e+00	0.000000e+00	0.000000e+00
3.600000e+02	3.900000e+02	6.600000e+02	6.900000e+02	0.000000e+00	0.000000e+00	0.000000e+00
3.600000e+02	3.900000e+02	6.900000e+02	7.200000e+02	0.000000e+00	0.000000e+00	0.000000e+00
3.600000e+02	3.900000e+02	7.200000e+02	7.500000e+02	0.000000e+00	0.000000e+00	0.000000e+00
3.600000e+02	3.900000e+02	7.500000e+02	7.800000e+02	0.000000e+00	0.000000e+00	0.000000e+00
3.600000e+02	3.900000e+02	7.800000e+02	8.100000e+02	0.000000e+00	0.000000e+00	0.000000e+00
3.600000e+02	3.900000e+02	8.100000e+02	8.400000e+02	0.000000e+00	0.000000e+00	0.000000e+00
3.600000e+02	3.900000e+02	8.400000e+02	8.700000e+02	0.000000e+00	0.000000e+00	0.000000e+00
3.600000e+02	3.900000e+02	8.700000e+02	9.000000e+02	0.000000e+00	0.000000e+00	0.000000e+00
3.900000e+02	4.200000e+02	0.000000e+00	3.000000e+01	2.138427e-05	5.040319e-06	5.040319e-06
3.900000e+02	4.200000e+02	3.000000e+01	6.000000e+01	3.682846e-05	6.614585e-06	6.614585e-06
3.900000e+02	4.200000e+02	6.000000e+01	9.000000e+01	4.989661e-05	7.699214e-06	7.699214e-06
3.900000e+02	4.200000e+02	9.000000e+01	1.200000e+02	8.672507e-05	1.015040e-05	1.015040e-05
3.900000e+02	4.200000e+02	1.200000e+02	1.500000e+02	9.860521e-05	1.082333e-05	1.082333e-05
3.900000e+02	4.200000e+02	1.500000e+02	1.800000e+02	1.188014e-04	1.188015e-05	1.188015e-05
3.900000e+02	4.200000e+02	1.800000e+02	2.100000e+02	1.354337e-04	1.268452e-05	1.268452e-05
3.900000e+02	4.200000e+02	2.100000e+02	2.400000e+02	1.793902e-04	1.459857e-05	1.459857e-05
3.900000e+02	4.200000e+02	2.400000e+02	2.700000e+02	2.518591e-04	1.729776e-05	1.729776e-05
3.900000e+02	4.200000e+02	2.700000e+02	3.000000e+02	2.613632e-04	1.762110e-05	1.762110e-05
3.900000e+02	4.200000e+02	3.000000e+02	3.300000e+02	4.122411e-04	2.213026e-05	2.213026e-05
3.900000e+02	4.200000e+02	3.300000e+02	3.600000e+02	4.763939e-04	2.378997e-05	2.378997e-05
3.900000e+02	4.200000e+02	3.600000e+02	3.900000e+02	6.474680e-04	2.773448e-05	2.773448e-05
3.900000e+02	4.200000e+02	3.900000e+02	4.200000e+02	2.958157e-04	1.874656e-05	1.874656e-05
3.900000e+02	4.200000e+02	4.200000e+02	4.500000e+02	0.000000e+00	0.000000e+00	0.000000e+00
3.900000e+02	4.200000e+02	4.500000e+02	4.800000e+02	0.000000e+00	0.000000e+00	0.000000e+00
3.900000e+02	4.200000e+02	4.800000e+02	5.100000e+02	0.000000e+00	0.000000e+00	0.000000e+00
3.900000e+02	4.200000e+02	5.100000e+02	5.400000e+02	0.000000e+00	0.000000e+00	0.000000e+00
3.900000e+02	4.200000e+02	5.400000e+02	5.700000e+02	0.000000e+00	0.000000e+00	0.000000e+00
3.900000e+02	4.200000e+02	5.700000e+02	6.000000e+02	0.000000e+00	0.000000e+00	0.000000e+00
3.900000e+02	4.200000e+02	6.000000e+02	6.300000e+02	0.000000e+00	0.000000e+00	0.000000e+00
3.900000e+02	4.200000e+02	6.300000e+02	6.600000e+02	0.000000e+00	0.000000e+00	0.000000e+00
3.900000e+02	4.200000e+02	6.600000e+02	6.900000e+02	0.000000e+00	0.000000e+00	0.000000e+00
3.900000e+02	4.200000e+02	6.900000e+02	7.200000e+02	0.000000e+00	0.000000e+00	0.000000e+00
3.900000e+02	4.200000e+02	7.200000e+02	7.500000e+02	0.000000e+00	0.000000e+00	0.000000e+00
3.900000e+02	4.200000e+02	7.500000e+02	7.800000e+02	0.000000e+00	0.000000e+00	0.000000e+00
3.900000e+02	4.200000e+02	7.800000e+02	8.100000e+02	0.000000e+00	0.000000e+00	0.000000e+00
3.900000e+02	4.200000e+02	8.100000e+02	8.400000e+02	0.000000e+00	0.000000e+00	0.000000e+00
3.900000e+02	4.200000e+02	8.400000e+02	8.700000e+02	0.000000e+00	0.000000e+00	0.000000e+00
3.900000e+02	4.200000e+02	8.700000e+02	9.000000e+02	0.000000e+00	0.000000e+00	0.000000e+00
4.200000e+02	4.500000e+02	0.000000e+00	3.000000e+01	9.504117e-06	3.360213e-06	3.360213e-06
4.200000e+02	4.500000e+02	3.000000e+01	6.000000e+01	3.682846e-05	6.614585e-06	6.614585e-06
4.200000e+02	4.500000e+02	6.000000e+01	9.000000e+01	3.088838e-05	6.057710e-06	6.057710e-06
4.200000e+02	4.500000e+02	9.000000e+01	1.200000e+02	5.108463e-05	7.790333e-06	7.790333e-06
4.200000e+02	4.500000e+02	1.200000e+02	1.500000e+02	9.266514e-05	1.049226e-05	1.049226e-05
4.200000e+02	4.500000e+02	1.500000e+02	1.800000e+02	8.197301e-05	9.868391e-06	9.868391e-06
4.200000e+02	4.500000e+02	1.800000e+02	2.100000e+02	9.028911e-05	1.035687e-05	1.035687e-05
4.200000e+02	4.500000e+02	2.100000e+02	2.400000e+02	9.504117e-05	1.062593e-05	1.062593e-05
4.200000e+02	4.500000e+02	2.400000e+02	2.700000e+02	1.069213e-04	1.127050e-05	1.127050e-05
4.200000e+02	4.500000e+02	2.700000e+02	3.000000e+02	1.615700e-04	1.385451e-05	1.385451e-05
4.200000e+02	4.500000e+02	3.000000e+02	3.300000e+02	2.376029e-04	1.680107e-05	1.680107e-05
4.200000e+02	4.500000e+02	3.300000e+02	3.600000e+02	3.326441e-04	1.987929e-05	1.987929e-05
4.200000e+02	4.500000e+02	3.600000e+02	3.900000e+02	3.706606e-04	2.098452e-05	2.098452e-05
4.200000e+02	4.500000e+02	3.900000e+02	4.200000e+02	4.324373e-04	2.266587e-05	2.266587e-05
4.200000e+02	4.500000e+02	4.200000e+02	4.500000e+02	2.316629e-04	1.658972e-05	1.658972e-05
4.200000e+02	4.500000e+02	4.500000e+02	4.800000e+02	0.000000e+00	0.000000e+00	0.000000e+00
4.200000e+02	4.500000e+02	4.800000e+02	5.100000e+02	0.000000e+00	0.000000e+00	0.000000e+00
4.200000e+02	4.500000e+02	5.100000e+02	5.400000e+02	0.000000e+00	0.000000e+00	0.000000e+00
4.200000e+02	4.500000e+02	5.400000e+02	5.700000e+02	0.000000e+00	0.000000e+00	0.000000e+00
4.200000e+02	4.500000e+02	5.700000e+02	6.000000e+02	0.000000e+00	0.000000e+00	0.000000e+00
4.200000e+02	4.500000e+02	6.000000e+02	6.300000e+02	0.000000e+00	0.000000e+00	0.000000e+00
4.200000e+02	4.500000e+02	6.300000e+02	6.600000e+02	0.000000e+00	0.000000e+00	0.000000e+00
4.200000e+02	4.500000e+02	6.600000e+02	6.900000e+02	0.000000e+00	0.000000e+00	0.000000e+00
4.200000e+02	4.500000e+02	6.900000e+02	7.200000e+02	0.000000e+00	0.000000e+00	0.000000e+00
4.200000e+02	4.500000e+02	7.200000e+02	7.500000e+02	0.000000e+00	0.000000e+00	0.000000e+00
4.200000e+02	4.500000e+02	7.500000e+02	7.800000e+02	0.000000e+00	0.000000e+00	0.000000e+00
4.200000e+02	4.500000e+02	7.800000e+02	8.100000e+02	0.000000e+00	0.000000e+00	0.000000e+00
4.200000e+02	4.500000e+02	8.100000e+02	8.400000e+02	0.000000e+00	0.000000e+00	0.000000e+00
4.200000e+02	4.500000e+02	8.400000e+02	8.700000e+02	0.000000e+00	0.000000e+00	0.000000e+00
4.200000e+02	4.500000e+02	8.700000e+02	9.000000e+02	0.000000e+00	0.000000e+00	0.000000e+00
4.500000e+02	4.800000e+02	0.000000e+00	3.000000e+01	1.782022e-05	4.601161e-06	4.601161e-06
4.500000e+02	4.800000e+02	3.000000e+01	6.000000e+01	2.257228e-05	5.178436e-06	5.178436e-06
4.500000e+02	4.800000e+02	6.000000e+01	9.000000e+01	2.970037e-05	5.940073e-06	5.940073e-06
4.500000e+02	4.800000e+02	9.000000e+01	1.200000e+02	5.108463e-05	7.790333e-06	7.790333e-06
4.500000e+02	4.800000e+02	1.200000e+02	1.500000e+02	3.801647e-05	6.720426e-06	6.720426e-06
4.500000e+02	4.800000e+02	1.500000e+02	1.800000e+02	6.771683e-05	8.969314e-06	8.969314e-06
4.500000e+02	4.800000e+02	1.800000e+02	2.100000e+02	6.771683e-05	8.969314e-06	8.969314e-06
4.500000e+02	4.800000e+02	2.100000e+02	2.400000e+02	5.940073e-05	8.400532e-06	8.400532e-06
4.500000e+02	4.800000e+02	2.400000e+02	2.700000e+02	8.197301e-05	9.868391e-06	9.868391e-06
4.500000e+02	4.800000e+02	2.700000e+02	3.000000e+02	1.069213e-04	1.127050e-05	1.127050e-05
4.500000e+02	4.800000e+02	3.000000e+02	3.300000e+02	1.366217e-04	1.274004e-05	1.274004e-05
4.500000e+02	4.800000e+02	3.300000e+02	3.600000e+02	1.686981e-04	1.415683e-05	1.415683e-05
4.500000e+02	4.800000e+02	3.600000e+02	3.900000e+02	1.948344e-04	1.521401e-05	1.521401e-05
4.500000e+02	4.800000e+02	3.900000e+02	4.200000e+02	2.779954e-04	1.817313e-05	1.817313e-05
4.500000e+02	4.800000e+02	4.200000e+02	4.500000e+02	3.338321e-04	1.991475e-05	1.991475e-05
4.500000e+02	4.800000e+02	4.500000e+02	4.800000e+02	1.924583e-04	1.512096e-05	1.512096e-05
4.500000e+02	4.800000e+02	4.800000e+02	5.100000e+02	0.000000e+00	0.000000e+00	0.000000e+00
4.500000e+02	4.800000e+02	5.100000e+02	5.400000e+02	0.000000e+00	0.000000e+00	0.000000e+00
4.500000e+02	4.800000e+02	5.400000e+02	5.700000e+02	0.000000e+00	0.000000e+00	0.000000e+00
4.500000e+02	4.800000e+02	5.700000e+02	6.000000e+02	0.000000e+00	0.000000e+00	0.000000e+00
4.500000e+02	4.800000e+02	6.000000e+02	6.300000e+02	0.000000e+00	0.000000e+00	0.000000e+00
4.500000e+02	4.800000e+02	6.300000e+02	6.600000e+02	0.000000e+00	0.000000e+00	0.000000e+00
4.500000e+02	4.800000e+02	6.600000e+02	6.900000e+02	0.000000e+00	0.000000e+00	0.000000e+00
4.500000e+02	4.800000e+02	6.900000e+02	7.200000e+02	0.000000e+00	0.000000e+00	0.000000e+00
4.500000e+02	4.800000e+02	7.200000e+02	7.500000e+02	0.000000e+00	0.000000e+00	0.000000e+00
4.500000e+02	4.800000e+02	7.500000e+02	7.800000e+02	0.000000e+00	0.000000e+00	0.000000e+00
4.500000e+02	4.800000e+02	7.800000e+02	8.100000e+02	0.000000e+00	0.000000e+00	0.000000e+00
4.500000e+02	4.800000e+02	8.100000e+02	8.400000e+02	0.000000e+00	0.000000e+00	0.000000e+00
4.500000e+02	4.800000e+02	8.400000e+02	8.700000e+02	0.000000e+00	0.000000e+00	0.000000e+00
4.500000e+02	4.800000e+02	8.700000e+02	9.000000e+02	0.000000e+00	0.000000e+00	0.000000e+00
4.800000e+02	5.100000e+02	0.000000e+00	3.000000e+01	7.128088e-06	2.910030e-06	2.910030e-06
4.800000e+02	5.100000e+02	3.000000e+01	6.000000e+01	3.088838e-05	6.057710e-06	6.057710e-06
4.800000e+02	5.100000e+02	6.000000e+01	9.000000e+01	3.326441e-05	6.286383e-06	6.286383e-06
4.800000e+02	5.100000e+02	9.000000e+01	1.200000e+02	4.276852e-05	7.128087e-06	7.128087e-06
4.800000e+02	5.100000e+02	1.200000e+02	1.500000e+02	4.633257e-05	7.419149e-06	7.419149e-06
4.800000e+02	5.100000e+02	1.500000e+02	1.800000e+02	5.227264e-05	7.880398e-06	7.880398e-06
4.800000e+02	5.100000e+02	1.800000e+02	2.100000e+02	5.346066e-05	7.969444e-06	7.969444e-06
4.800000e+02	5.100000e+02	2.100000e+02	2.400000e+02	5.583669e-05	8.144618e-06	8.144618e-06
4.800000e+02	5.100000e+02	2.400000e+02	2.700000e+02	4.039250e-05	6.927256e-06	6.927256e-06
4.800000e+02	5.100000e+02	2.700000e+02	3.000000e+02	7.246889e-05	9.278691e-06	9.278691e-06
4.800000e+02	5.100000e+02	3.000000e+02	3.300000e+02	8.910110e-05	1.028851e-05	1.028851e-05
4.800000e+02	5.100000e+02	3.300000e+02	3.600000e+02	9.860521e-05	1.082333e-05	1.082333e-05
4.800000e+02	5.100000e+02	3.600000e+02	3.900000e+02	1.330577e-04	1.257277e-05	1.257277e-05
4.800000e+02	5.100000e+02	3.900000e+02	4.200000e+02	1.568179e-04	1.364925e-05	1.364925e-05
4.800000e+02	5.100000e+02	4.200000e+02	4.500000e+02	1.675101e-04	1.410689e-05	1.410689e-05
4.800000e+02	5.100000e+02	4.500000e+02	4.800000e+02	1.983984e-04	1.535253e-05	1.535253e-05
4.800000e+02	5.100000e+02	4.800000e+02	5.100000e+02	9.979322e-05	1.088833e-05	1.088833e-05
4.800000e+02	5.100000e+02	5.100000e+02	5.400000e+02	0.000000e+00	0.000000e+00	0.000000e+00
4.800000e+02	5.100000e+02	5.400000e+02	5.700000e+02	0.000000e+00	0.000000e+00	0.000000e+00
4.800000e+02	5.100000e+02	5.700000e+02	6.000000e+02	0.000000e+00	0.000000e+00	0.000000e+00
4.800000e+02	5.100000e+02	6.000000e+02	6.300000e+02	0.000000e+00	0.000000e+00	0.000000e+00
4.800000e+02	5.100000e+02	6.300000e+02	6.600000e+02	0.000000e+00	0.000000e+00	0.000000e+00
4.800000e+02	5.100000e+02	6.600000e+02	6.900000e+02	0.000000e+00	0.000000e+00	0.000000e+00
4.800000e+02	5.100000e+02	6.900000e+02	7.200000e+02	0.000000e+00	0.000000e+00	0.000000e+00
4.800000e+02	5.100000e+02	7.200000e+02	7.500000e+02	0.000000e+00	0.000000e+00	0.000000e+00
4.800000e+02	5.100000e+02	7.500000e+02	7.800000e+02	0.000000e+00	0.000000e+00	0.000000e+00
4.800000e+02	5.100000e+02	7.800000e+02	8.100000e+02	0.000000e+00	0.000000e+00	0.000000e+00
4.800000e+02	5.100000e+02	8.100000e+02	8.400000e+02	0.000000e+00	0.000000e+00	0.000000e+00
4.800000e+02	5.100000e+02	8.400000e+02	8.700000e+02	0.000000e+00	0.000000e+00	0.000000e+00
4.800000e+02	5.100000e+02	8.700000e+02	9.000000e+02	0.000000e+00	0.000000e+00	0.000000e+00
5.100000e+02	5.400000e+02	0.000000e+00	3.000000e+01	2.376029e-06	1.680107e-06	1.680107e-06
5.100000e+02	5.400000e+02	3.000000e+01	6.000000e+01	2.376029e-05	5.312963e-06	5.312963e-06
5.100000e+02	5.400000e+02	6.000000e+01	9.000000e+01	1.425618e-05	4.115403e-06	4.115403e-06
5.100000e+02	5.400000e+02	9.000000e+01	1.200000e+02	2.970037e-05	5.940073e-06	5.940073e-06
5.100000e+02	5.400000e+02	1.200000e+02	1.500000e+02	1.900823e-05	4.752059e-06	4.752059e-06
5.100000e+02	5.400000e+02	1.500000e+02	1.800000e+02	2.851236e-05	5.820059e-06	5.820059e-06
5.100000e+02	5.400000e+02	1.800000e+02	2.100000e+02	3.920448e-05	6.824624e-06	6.824624e-06
5.100000e+02	5.400000e+02	2.100000e+02	2.400000e+02	4.989661e-05	7.699214e-06	7.699214e-06
5.100000e+02	5.400000e+02	2.400000e+02	2.700000e+02	5.346066e-05	7.969444e-06	7.969444e-06
5.100000e+02	5.400000e+02	2.700000e+02	3.000000e+02	5.108463e-05	7.790333e-06	7.790333e-06
5.100000e+02	5.400000e+02	3.000000e+02	3.300000e+02	4.870860e-05	7.607005e-06	7.607005e-06
5.100000e+02	5.400000e+02	3.300000e+02	3.600000e+02	6.177676e-05	8.566895e-06	8.566895e-06
5.100000e+02	5.400000e+02	3.600000e+02	3.900000e+02	7.840897e-05	9.651477e-06	9.651477e-06
5.100000e+02	5.400000e+02	3.900000e+02	4.200000e+02	1.009812e-04	1.095295e-05	1.095295e-05
5.100000e+02	5.400000e+02	4.200000e+02	4.500000e+02	1.176134e-04	1.182060e-05	1.182060e-05
5.100000e+02	5.400000e+02	4.500000e+02	4.800000e+02	1.354337e-04	1.268452e-05	1.268452e-05
5.100000e+02	5.400000e+02	4.800000e+02	5.100000e+02	1.924583e-04	1.512096e-05	1.512096e-05
5.100000e+02	5.400000e+02	5.100000e+02	5.400000e+02	5.346066e-05	7.969444e-06	7.969444e-06
5.100000e+02	5.400000e+02	5.400000e+02	5.700000e+02	0.000000e+00	0.000000e+00	0.000000e+00
5.100000e+02	5.400000e+02	5.700000e+02	6.000000e+02	0.000000e+00	0.000000e+00	0.000000e+00
5.100000e+02	5.400000e+02	6.000000e+02	6.300000e+02	0.000000e+00	0.000000e+00	0.000000e+00
5.100000e+02	5.400000e+02	6.300000e+02	6.600000e+02	0.000000e+00	0.000000e+00	0.000000e+00
5.100000e+02	5.400000e+02	6.600000e+02	6.900000e+02	0.000000e+00	0.000000e+00	0.000000e+00
5.100000e+02	5.400000e+02	6.900000e+02	7.200000e+02	0.000000e+00	0.000000e+00	0.000000e+00
5.100000e+02	5.400000e+02	7.200000e+02	7.500000e+02	0.000000e+00	0.000000e+00	0.000000e+00
5.100000e+02	5.400000e+02	7.500000e+02	7.800000e+02	0.000000e+00	0.000000e+00	0.000000e+00
5.100000e+02	5.400000e+02	7.800000e+02	8.100000e+02	0.000000e+00	0.000000e+00	0.000000e+00
5.100000e+02	5.400000e+02	8.100000e+02	8.400000e+02	0.000000e+00	0.000000e+00	0.000000e+00
5.100000e+02	5.400000e+02	8.400000e+02	8.700000e+02	0.000000e+00	0.000000e+00	0.000000e+00
5.100000e+02	5.400000e+02	8.700000e+02	9.000000e+02	0.000000e+00	0.000000e+00	0.000000e+00
5.400000e+02	5.700000e+02	0.000000e+00	3.000000e+01	0.000000e+00	0.000000e+00	0.000000e+00
5.400000e+02	5.700000e+02	3.000000e+01	6.000000e+01	5.940073e-06	2.656481e-06	2.656481e-06
5.400000e+02	5.700000e+02	6.000000e+01	9.000000e+01	1.425618e-05	4.115403e-06	4.115403e-06
5.400000e+02	5.700000e+02	9.000000e+01	1.200000e+02	1.306816e-05	3.940198e-06	3.940198e-06
5.400000e+02	5.700000e+02	1.200000e+02	1.500000e+02	2.613632e-05	5.572283e-06	5.572283e-06
5.400000e+02	5.700000e+02	1.500000e+02	1.800000e+02	2.732433e-05	5.697518e-06	5.697518e-06
5.400000e+02	5.700000e+02	1.800000e+02	2.100000e+02	2.494831e-05	5.444167e-06	5.444167e-06
5.400000e+02	5.700000e+02	2.100000e+02	2.400000e+02	3.088838e-05	6.057710e-06	6.057710e-06
5.400000e+02	5.700000e+02	2.400000e+02	2.700000e+02	3.088838e-05	6.057710e-06	6.057710e-06
5.400000e+02	5.700000e+02	2.700000e+02	3.000000e+02	2.613632e-05	5.572283e-06	5.572283e-06
5.400000e+02	5.700000e+02	3.000000e+02	3.300000e+02	3.207640e-05	6.173105e-06	6.173105e-06
5.400000e+02	5.700000e+02	3.300000e+02	3.600000e+02	2.376029e-05	5.312963e-06	5.312963e-06
5.400000e+02	5.700000e+02	3.600000e+02	3.900000e+02	5.702470e-05	8.230806e-06	8.230806e-06
5.400000e+02	5.700000e+02	3.900000e+02	4.200000e+02	5.940073e-05	8.400532e-06	8.400532e-06
5.400000e+02	5.700000e+02	4.200000e+02	4.500000e+02	6.177676e-05	8.566895e-06	8.566895e-06
5.400000e+02	5.700000e+02	4.500000e+02	4.800000e+02	9.504117e-05	1.062593e-05	1.062593e-05
5.400000e+02	5.700000e+02	4.800000e+02	5.100000e+02	1.104854e-04	1.145680e-05	1.145680e-05
5.400000e+02	5.700000e+02	5.100000e+02	5.400000e+02	1.104854e-04	1.145680e-05	1.145680e-05
5.400000e+02	5.700000e+02	5.400000e+02	5.700000e+02	5.821271e-05	8.316102e-06	8.316102e-06
5.400000e+02	5.700000e+02	5.700000e+02	6.000000e+02	0.000000e+00	0.000000e+00	0.000000e+00
5.400000e+02	5.700000e+02	6.000000e+02	6.300000e+02	0.000000e+00	0.000000e+00	0.000000e+00
5.400000e+02	5.700000e+02	6.300000e+02	6.600000e+02	0.000000e+00	0.000000e+00	0.000000e+00
5.400000e+02	5.700000e+02	6.600000e+02	6.900000e+02	0.000000e+00	0.000000e+00	0.000000e+00
5.400000e+02	5.700000e+02	6.900000e+02	7.200000e+02	0.000000e+00	0.000000e+00	0.000000e+00
5.400000e+02	5.700000e+02	7.200000e+02	7.500000e+02	0.000000e+00	0.000000e+00	0.000000e+00
5.400000e+02	5.700000e+02	7.500000e+02	7.800000e+02	0.000000e+00	0.000000e+00	0.000000e+00
5.400000e+02	5.700000e+02	7.800000e+02	8.100000e+02	0.000000e+00	0.000000e+00	0.000000e+00
5.400000e+02	5.700000e+02	8.100000e+02	8.400000e+02	0.000000e+00	0.000000e+00	0.000000e+00
5.400000e+02	5.700000e+02	8.400000e+02	8.700000e+02	0.000000e+00	0.000000e+00	0.000000e+00
5.400000e+02	5.700000e+02	8.700000e+02	9.000000e+02	0.000000e+00	0.000000e+00	0.000000e+00
5.700000e+02	6.000000e+02	0.000000e+00	3.000000e+01	2.376029e-06	1.680107e-06	1.680107e-06
5.700000e+02	6.000000e+02	3.000000e+01	6.000000e+01	7.128088e-06	2.910030e-06	2.910030e-06
5.700000e+02	6.000000e+02	6.000000e+01	9.000000e+01	9.504117e-06	3.360213e-06	3.360213e-06
5.700000e+02	6.000000e+02	9.000000e+01	1.200000e+02	9.504117e-06	3.360213e-06	3.360213e-06
5.700000e+02	6.000000e+02	1.200000e+02	1.500000e+02	1.900823e-05	4.752059e-06	4.752059e-06
5.700000e+02	6.000000e+02	1.500000e+02	1.800000e+02	1.306816e-05	3.940198e-06	3.940198e-06
5.700000e+02	6.000000e+02	1.800000e+02	2.100000e+02	1.069213e-05	3.564044e-06	3.564044e-06
5.700000e+02	6.000000e+02	2.100000e+02	2.400000e+02	2.257228e-05	5.178436e-06	5.178436e-06
5.700000e+02	6.000000e+02	2.400000e+02	2.700000e+02	1.782022e-05	4.601161e-06	4.601161e-06
5.700000e+02	6.000000e+02	2.700000e+02	3.000000e+02	2.138427e-05	5.040319e-06	5.040319e-06
5.700000e+02	6.000000e+02	3.000000e+02	3.300000e+02	2.019624e-05	4.898310e-06	4.898310e-06
5.700000e+02	6.000000e+02	3.300000e+02	3.600000e+02	1.544419e-05	4.283448e-06	4.283448e-06
5.700000e+02	6.000000e+02	3.600000e+02	3.900000e+02	3.088838e-05	6.057710e-06	6.057710e-06
5.700000e+02	6.000000e+02	3.900000e+02	4.200000e+02	3.682846e-05	6.614585e-06	6.614585e-06
5.700000e+02	6.000000e+02	4.200000e+02	4.500000e+02	4.395654e-05	7.226411e-06	7.226411e-06
5.700000e+02	6.000000e+02	4.500000e+02	4.800000e+02	5.108463e-05	7.790333e-06	7.790333e-06
5.700000e+02	6.000000e+02	4.800000e+02	5.100000e+02	5.583669e-05	8.144618e-06	8.144618e-06
5.700000e+02	6.000000e+02	5.100000e+02	5.400000e+02	7.009287e-05	9.125313e-06	9.125313e-06
5.700000e+02	6.000000e+02	5.400000e+02	5.700000e+02	7.246889e-05	9.278691e-06	9.278691e-06
5.700000e+02	6.000000e+02	5.700000e+02	6.000000e+02	2.019624e-05	4.898310e-06	4.898310e-06
5.700000e+02	6.000000e+02	6.000000e+02	6.300000e+02	0.000000e+00	0.000000e+00	0.000000e+00
5.700000e+02	6.000000e+02	6.300000e+02	6.600000e+02	0.000000e+00	0.000000e+00	0.000000e+00
5.700000e+02	6.000000e+02	6.600000e+02	6.900000e+02	0.000000e+00	0.000000e+00	0.000000e+00
5.700000e+02	6.000000e+02	6.900000e+02	7.200000e+02	0.000000e+00	0.000000e+00	0.000000e+00
5.700000e+02	6.000000e+02	7.200000e+02	7.500000e+02	0.000000e+00	0.000000e+00	0.000000e+00
5.700000e+02	6.000000e+02	7.500000e+02	7.800000e+02	0.000000e+00	0.000000e+00	0.000000e+00
5.700000e+02	6.000000e+02	7.800000e+02	8.100000e+02	0.000000e+00	0.000000e+00	0.000000e+00
5.700000e+02	6.000000e+02	8.100000e+02	8.400000e+02	0.000000e+00	0.000000e+00	0.000000e+00
5.700000e+02	6.000000e+02	8.400000e+02	8.700000e+02	0.000000e+00	0.000000e+00	0.000000e+00
5.700000e+02	6.000000e+02	8.700000e+02	9.000000e+02	0.000000e+00	0.000000e+00	0.000000e+00
6.000000e+02	6.300000e+02	0.000000e+00	3.000000e+01	5.940073e-06	2.656481e-06	2.656481e-06
6.000000e+02	6.300000e+02	3.000000e+01	6.000000e+01	4.752059e-06	2.376029e-06	2.376029e-06
6.000000e+02	6.300000e+02	6.000000e+01	9.000000e+01	7.128088e-06	2.910030e-06	2.910030e-06
6.000000e+02	6.300000e+02	9.000000e+01	1.200000e+02	1.306816e-05	3.940198e-06	3.940198e-06
6.000000e+02	6.300000e+02	1.200000e+02	1.500000e+02	1.188014e-05	3.756832e-06	3.756832e-06
6.000000e+02	6.300000e+02	1.500000e+02	1.800000e+02	9.504117e-06	3.360213e-06	3.360213e-06
6.000000e+02	6.300000e+02	1.800000e+02	2.100000e+02	7.128088e-06	2.910030e-06	2.910030e-06
6.000000e+02	6.300000e+02	2.100000e+02	2.400000e+02	9.504117e-06	3.360213e-06	3.360213e-06
6.000000e+02	6.300000e+02	2.400000e+02	2.700000e+02	9.504117e-06	3.360213e-06	3.360213e-06
6.000000e+02	6.300000e+02	2.700000e+02	3.000000e+02	9.504117e-06	3.360213e-06	3.360213e-06
6.000000e+02	6.300000e+02	3.000000e+02	3.300000e+02	1.544419e-05	4.283448e-06	4.283448e-06
6.000000e+02	6.300000e+02	3.300000e+02	3.600000e+02	1.663220e-05	4.445143e-06	4.445143e-06
6.000000e+02	6.300000e+02	3.600000e+02	3.900000e+02	1.425618e-05	4.115403e-06	4.115403e-06
6.000000e+02	6.300000e+02	3.900000e+02	4.200000e+02	1.782022e-05	4.601161e-06	4.601161e-06
6.000000e+02	6.300000e+02	4.200000e+02	4.500000e+02	1.782022e-05	4.601161e-06	4.601161e-06
6.000000e+02	6.300000e+02	4.500000e+02	4.800000e+02	3.088838e-05	6.057710e-06	6.057710e-06
6.000000e+02	6.300000e+02	4.800000e+02	5.100000e+02	3.920448e-05	6.824624e-06	6.824624e-06
6.000000e+02	6.300000e+02	5.100000e+02	5.400000e+02	2.494831e-05	5.444167e-06	5.444167e-06
6.000000e+02	6.300000e+02	5.400000e+02	5.700000e+02	4.039250e-05	6.927256e-06	6.927256e-06
6.000000e+02	6.300000e+02	5.700000e+02	6.000000e+02	4.633257e-05	7.419149e-06	7.419149e-06
6.000000e+02	6.300000e+02	6.000000e+02	6.300000e+02	1.663220e-05	4.445143e-06	4.445143e-06
6.000000e+02	6.300000e+02	6.300000e+02	6.600000e+02	0.000000e+00	0.000000e+00	0.000000e+00
6.000000e+02	6.300000e+02	6.600000e+02	6.900000e+02	0.000000e+00	0.000000e+00	0.000000e+00
6.000000e+02	6.300000e+02	6.900000e+02	7.200000e+02	0.000000e+00	0.000000e+00	0.000000e+00
6.000000e+02	6.300000e+02	7.200000e+02	7.500000e+02	0.000000e+00	0.000000e+00	0.000000e+00
6.000000e+02	6.300000e+02	7.500000e+02	7.800000e+02	0.000000e+00	0.000000e+00	0.000000e+00
6.000000e+02	6.300000e+02	7.800000e+02	8.100000e+02	0.000000e+00	0.000000e+00	0.000000e+00
6.000000e+02	6.300000e+02	8.100000e+02	8.400000e+02	0.000000e+00	0.000000e+00	0.000000e+00
6.000000e+02	6.300000e+02	8.400000e+02	8.700000e+02	0.000000e+00	0.000000e+00	0.000000e+00
6.000000e+02	6.300000e+02	8.700000e+02	9.000000e+02	0.000000e+00	0.000000e+00	0.000000e+00
6.300000e+02	6.600000e+02	0.000000e+00	3.000000e+01	0.000000e+00	0.000000e+00	0.000000e+00
6.300000e+02	6.600000e+02	3.000000e+01	6.000000e+01	3.564043e-06	2.057702e-06	2.057702e-06
6.300000e+02	6.600000e+02	6.000000e+01	9.000000e+01	5.940073e-06	2.656481e-06	2.656481e-06
6.300000e+02	6.600000e+02	9.000000e+01	1.200000e+02	1.069213e-05	3.564044e-06	3.564044e-06
6.300000e+02	6.600000e+02	1.200000e+02	1.500000e+02	1.306816e-05	3.940198e-06	3.940198e-06
6.300000e+02	6.600000e+02	1.500000e+02	1.800000e+02	9.504117e-06	3.360213e-06	3.360213e-06
6.300000e+02	6.600000e+02	1.800000e+02	2.100000e+02	9.504117e-06	3.360213e-06	3.360213e-06
6.300000e+02	6.600000e+02	2.100000e+02	2.400000e+02	9.504117e-06	3.360213e-06	3.360213e-06
6.300000e+02	6.600000e+02	2.400000e+02	2.700000e+02	8.316102e-06	3.143191e-06	3.143191e-06
6.300000e+02	6.600000e+02	2.700000e+02	3.000000e+02	1.544419e-05	4.283448e-06	4.283448e-06
6.300000e+02	6.600000e+02	3.000000e+02	3.300000e+02	5.940073e-06	2.656481e-06	2.656481e-06
6.300000e+02	6.600000e+02	3.300000e+02	3.600000e+02	1.069213e-05	3.564044e-06	3.564044e-06
6.300000e+02	6.600000e+02	3.600000e+02	3.900000e+02	7.128088e-06	2.910030e-06	2.910030e-06
6.300000e+02	6.600000e+02	3.900000e+02	4.200000e+02	1.306816e-05	3.940198e-06	3.940198e-06
6.300000e+02	6.600000e+02	4.200000e+02	4.500000e+02	8.316102e-06	3.143191e-06	3.143191e-06
6.300000e+02	6.600000e+02	4.500000e+02	4.800000e+02	1.663220e-05	4.445143e-06	4.445143e-06
6.300000e+02	6.600000e+02	4.800000e+02	5.100000e+02	1.544419e-05	4.283448e-06	4.283448e-06
6.300000e+02	6.600000e+02	5.100000e+02	5.400000e+02	1.663220e-05	4.445143e-06	4.445143e-06
6.300000e+02	6.600000e+02	5.400000e+02	5.700000e+02	2.613632e-05	5.572283e-06	5.572283e-06
6.300000e+02	6.600000e+02	5.700000e+02	6.000000e+02	3.088838e-05	6.057710e-06	6.057710e-06
6.300000e+02	6.600000e+02	6.000000e+02	6.300000e+02	3.445242e-05	6.397655e-06	6.397655e-06
6.300000e+02	6.600000e+02	6.300000e+02	6.600000e+02	9.504117e-06	3.360213e-06	3.360213e-06
6.300000e+02	6.600000e+02	6.600000e+02	6.900000e+02	0.000000e+00	0.000000e+00	0.000000e+00
6.300000e+02	6.600000e+02	6.900000e+02	7.200000e+02	0.000000e+00	0.000000e+00	0.000000e+00
6.300000e+02	6.600000e+02	7.200000e+02	7.500000e+02	0.000000e+00	0.000000e+00	0.000000e+00
6.300000e+02	6.600000e+02	7.500000e+02	7.800000e+02	0.000000e+00	0.000000e+00	0.000000e+00
6.300000e+02	6.600000e+02	7.800000e+02	8.100000e+02	0.000000e+00	0.000000e+00	0.000000e+00
6.300000e+02	6.600000e+02	8.100000e+02	8.400000e+02	0.000000e+00	0.000000e+00	0.000000e+00
6.300000e+02	6.600000e+02	8.400000e+02	8.700000e+02	0.000000e+00	0.000000e+00	0.000000e+00
6.300000e+02	6.600000e+02	8.700000e+02	9.000000e+02	0.000000e+00	0.000000e+00	0.000000e+00
6.600000e+02	6.900000e+02	0.000000e+00	3.000000e+01	1.188014e-06	1.188015e-06	1.188015e-06
6.600000e+02	6.900000e+02	3.000000e+01	6.000000e+01	2.376029e-06	1.680107e-06	1.680107e-06
6.600000e+02	6.900000e+02	6.000000e+01	9.000000e+01	2.376029e-06	1.680107e-06	1.680107e-06
6.600000e+02	6.900000e+02	9.000000e+01	1.200000e+02	7.128088e-06	2.910030e-06	2.910030e-06
6.600000e+02	6.900000e+02	1.200000e+02	1.500000e+02	5.940073e-06	2.656481e-06	2.656481e-06
6.600000e+02	6.900000e+02	1.500000e+02	1.800000e+02	8.316102e-06	3.143191e-06	3.143191e-06
6.600000e+02	6.900000e+02	1.800000e+02	2.100000e+02	1.188014e-06	1.188015e-06	1.188015e-06
6.600000e+02	6.900000e+02	2.100000e+02	2.400000e+02	4.752059e-06	2.376029e-06	2.376029e-06
6.600000e+02	6.900000e+02	2.400000e+02	2.700000e+02	8.316102e-06	3.143191e-06	3.143191e-06
6.600000e+02	6.900000e+02	2.700000e+02	3.000000e+02	2.376029e-06	1.680107e-06	1.680107e-06
6.600000e+02	6.900000e+02	3.000000e+02	3.300000e+02	1.188014e-05	3.756832e-06	3.756832e-06
6.600000e+02	6.900000e+02	3.300000e+02	3.600000e+02	5.940073e-06	2.656481e-06	2.656481e-06
6.600000e+02	6.900000e+02	3.600000e+02	3.900000e+02	1.188014e-06	1.188015e-06	1.188015e-06
6.600000e+02	6.900000e+02	3.900000e+02	4.200000e+02	5.940073e-06	2.656481e-06	2.656481e-06
6.600000e+02	6.900000e+02	4.200000e+02	4.500000e+02	5.940073e-06	2.656481e-06	2.656481e-06
6.600000e+02	6.900000e+02	4.500000e+02	4.800000e+02	5.940073e-06	2.656481e-06	2.656481e-06
6.600000e+02	6.900000e+02	4.800000e+02	5.100000e+02	1.900823e-05	4.752059e-06	4.752059e-06
6.600000e+02	6.900000e+02	5.100000e+02	5.400000e+02	1.069213e-05	3.564044e-06	3.564044e-06
6.600000e+02	6.900000e+02	5.400000e+02	5.700000e+02	1.425618e-05	4.115403e-06	4.115403e-06
6.600000e+02	6.900000e+02	5.700000e+02	6.000000e+02	1.900823e-05	4.752059e-06	4.752059e-06
6.600000e+02	6.900000e+02	6.000000e+02	6.300000e+02	1.544419e-05	4.283448e-06	4.283448e-06
6.600000e+02	6.900000e+02	6.300000e+02	6.600000e+02	1.188014e-05	3.756832e-06	3.756832e-06
6.600000e+02	6.900000e+02	6.600000e+02	6.900000e+02	5.940073e-06	2.656481e-06	2.656481e-06
6.600000e+02	6.900000e+02	6.900000e+02	7.200000e+02	0.000000e+00	0.000000e+00	0.000000e+00
6.600000e+02	6.900000e+02	7.200000e+02	7.500000e+02	0.000000e+00	0.000000e+00	0.000000e+00
6.600000e+02	6.900000e+02	7.500000e+02	7.800000e+02	0.000000e+00	0.000000e+00	0.000000e+00
6.600000e+02	6.900000e+02	7.800000e+02	8.100000e+02	0.000000e+00	0.000000e+00	0.000000e+00
6.600000e+02	6.900000e+02	8.100000e+02	8.400000e+02	0.000000e+00	0.000000e+00	0.000000e+00
6.600000e+02	6.900000e+02	8.400000e+02	8.700000e+02	0.000000e+00	0.000000e+00	0.000000e+00
6.600000e+02	6.900000e+02	8.700000e+02	9.000000e+02	0.000000e+00	0.000000e+00	0.000000e+00
6.900000e+02	7.200000e+02	0.000000e+00	3.000000e+01	1.188014e-06	1.188015e-06	1.188015e-06
6.900000e+02	7.200000e+02	3.000000e+01	6.000000e+01	4.752059e-06	2.376029e-06	2.376029e-06
6.900000e+02	7.200000e+02	6.000000e+01	9.000000e+01	3.564043e-06	2.057702e-06	2.057702e-06
6.900000e+02	7.200000e+02	9.000000e+01	1.200000e+02	5.940073e-06	2.656481e-06	2.656481e-06
6.900000e+02	7.200000e+02	1.200000e+02	1.500000e+02	2.376029e-06	1.680107e-06	1.680107e-06
6.900000e+02	7.200000e+02	1.500000e+02	1.800000e+02	3.564043e-06	2.057702e-06	2.057702e-06
6.900000e+02	7.200000e+02	1.800000e+02	2.100000e+02	1.188014e-06	1.188015e-06	1.188015e-06
6.900000e+02	7.200000e+02	2.100000e+02	2.400000e+02	1.069213e-05	3.564044e-06	3.564044e-06
6.900000e+02	7.200000e+02	2.400000e+02	2.700000e+02	2.376029e-06	1.680107e-06	1.680107e-06
6.900000e+02	7.200000e+02	2.700000e+02	3.000000e+02	4.752059e-06	2.376029e-06	2.376029e-06
6.900000e+02	7.200000e+02	3.000000e+02	3.300000e+02	2.376029e-06	1.680107e-06	1.680107e-06
6.900000e+02	7.200000e+02	3.300000e+02	3.600000e+02	4.752059e-06	2.376029e-06	2.376029e-06
6.900000e+02	7.200000e+02	3.600000e+02	3.900000e+02	3.564043e-06	2.057702e-06	2.057702e-06
6.900000e+02	7.200000e+02	3.900000e+02	4.200000e+02	5.940073e-06	2.656481e-06	2.656481e-06
6.900000e+02	7.200000e+02	4.200000e+02	4.500000e+02	8.316102e-06	3.143191e-06	3.143191e-06
6.900000e+02	7.200000e+02	4.500000e+02	4.800000e+02	7.128088e-06	2.910030e-06	2.910030e-06
6.900000e+02	7.200000e+02	4.800000e+02	5.100000e+02	5.940073e-06	2.656481e-06	2.656481e-06
6.900000e+02	7.200000e+02	5.100000e+02	5.400000e+02	4.752059e-06	2.376029e-06	2.376029e-06
6.900000e+02	7.200000e+02	5.400000e+02	5.700000e+02	1.306816e-05	3.940198e-06	3.940198e-06
6.900000e+02	7.200000e+02	5.700000e+02	6.000000e+02	9.504117e-06	3.360213e-06	3.360213e-06
6.900000e+02	7.200000e+02	6.000000e+02	6.300000e+02	5.940073e-06	2.656481e-06	2.656481e-06
6.900000e+02	7.200000e+02	6.300000e+02	6.600000e+02	1.188014e-05	3.756832e-06	3.756832e-06
6.900000e+02	7.200000e+02	6.600000e+02	6.900000e+02	8.316102e-06	3.143191e-06	3.143191e-06
6.900000e+02	7.200000e+02	6.900000e+02	7.200000e+02	1.188014e-06	1.188015e-06	1.188015e-06
6.900000e+02	7.200000e+02	7.200000e+02	7.500000e+02	0.000000e+00	0.000000e+00	0.000000e+00
6.900000e+02	7.200000e+02	7.500000e+02	7.800000e+02	0.000000e+00	0.000000e+00	0.000000e+00
6.900000e+02	7.200000e+02	7.800000e+02	8.100000e+02	0.000000e+00	0.000000e+00	0.000000e+00
6.900000e+02	7.200000e+02	8.100000e+02	8.400000e+02	0.000000e+00	0.000000e+00	0.000000e+00
6.900000e+02	7.200000e+02	8.400000e+02	8.700000e+02	0.000000e+00	0.000000e+00	0.000000e+00
6.900000e+02	7.200000e+02	8.700000e+02	9.000000e+02	0.000000e+00	0.000000e+00	0.000000e+00
7.200000e+02	7.500000e+02	0.000000e+00	3.000000e+01	0.000000e+00	0.000000e+00	0.000000e+00
7.200000e+02	7.500000e+02	3.000000e+01	6.000000e+01	1.188014e-06	1.188015e-06	1.188015e-06
7.200000e+02	7.500000e+02	6.000000e+01	9.000000e+01	2.376029e-06	1.680107e-06	1.680107e-06
7.200000e+02	7.500000e+02	9.000000e+01	1.200000e+02	1.188014e-06	1.188015e-06	1.188015e-06
7.200000e+02	7.500000e+02	1.200000e+02	1.500000e+02	0.000000e+00	0.000000e+00	0.000000e+00
7.200000e+02	7.500000e+02	1.500000e+02	1.800000e+02	1.188014e-06	1.188015e-06	1.188015e-06
7.200000e+02	7.500000e+02	1.800000e+02	2.100000e+02	4.752059e-06	2.376029e-06	2.376029e-06
7.200000e+02	7.500000e+02	2.100000e+02	2.400000e+02	1.188014e-06	1.188015e-06	1.188015e-06
7.200000e+02	7.500000e+02	2.400000e+02	2.700000e+02	2.376029e-06	1.680107e-06	1.680107e-06
7.200000e+02	7.500000e+02	2.700000e+02	3.000000e+02	1.188014e-06	1.188015e-06	1.188015e-06
7.200000e+02	7.500000e+02	3.000000e+02	3.300000e+02	1.188014e-06	1.188015e-06	1.188015e-06
7.200000e+02	7.500000e+02	3.300000e+02	3.600000e+02	3.564043e-06	2.057702e-06	2.057702e-06
7.200000e+02	7.500000e+02	3.600000e+02	3.900000e+02	2.376029e-06	1.680107e-06	1.680107e-06
7.200000e+02	7.500000e+02	3.900000e+02	4.200000e+02	0.000000e+00	0.000000e+00	0.000000e+00
7.200000e+02	7.500000e+02	4.200000e+02	4.500000e+02	1.188014e-06	1.188015e-06	1.188015e-06
7.200000e+02	7.500000e+02	4.500000e+02	4.800000e+02	2.376029e-06	1.680107e-06	1.680107e-06
7.200000e+02	7.500000e+02	4.800000e+02	5.100000e+02	3.564043e-06	2.057702e-06	2.057702e-06
7.200000e+02	7.500000e+02	5.100000e+02	5.400000e+02	3.564043e-06	2.057702e-06	2.057702e-06
7.200000e+02	7.500000e+02	5.400000e+02	5.700000e+02	3.564043e-06	2.057702e-06	2.057702e-06
7.200000e+02	7.500000e+02	5.700000e+02	6.000000e+02	3.564043e-06	2.057702e-06	2.057702e-06
7.200000e+02	7.500000e+02	6.000000e+02	6.300000e+02	5.940073e-06	2.656481e-06	2.656481e-06
7.200000e+02	7.500000e+02	6.300000e+02	6.600000e+02	4.752059e-06	2.376029e-06	2.376029e-06
7.200000e+02	7.500000e+02	6.600000e+02	6.900000e+02	3.564043e-06	2.057702e-06	2.057702e-06
7.200000e+02	7.500000e+02	6.900000e+02	7.200000e+02	3.564043e-06	2.057702e-06	2.057702e-06
7.200000e+02	7.500000e+02	7.200000e+02	7.500000e+02	3.564043e-06	2.057702e-06	2.057702e-06
7.200000e+02	7.500000e+02	7.500000e+02	7.800000e+02	0.000000e+00	0.000000e+00	0.000000e+00
7.200000e+02	7.500000e+02	7.800000e+02	8.100000e+02	0.000000e+00	0.000000e+00	0.000000e+00
7.200000e+02	7.500000e+02	8.100000e+02	8.400000e+02	0.000000e+00	0.000000e+00	0.000000e+00
7.200000e+02	7.500000e+02	8.400000e+02	8.700000e+02	0.000000e+00	0.000000e+00	0.000000e+00
7.200000e+02	7.500000e+02	8.700000e+02	9.000000e+02	0.000000e+00	0.000000e+00	0.000000e+00
7.500000e+02	7.800000e+02	0.000000e+00	3.000000e+01	0.000000e+00	0.000000e+00	0.000000e+00
7.500000e+02	7.800000e+02	3.000000e+01	6.000000e+01	0.000000e+00	0.000000e+00	0.000000e+00
7.500000e+02	7.800000e+02	6.000000e+01	9.000000e+01	0.000000e+00	0.000000e+00	0.000000e+00
7.500000e+02	7.800000e+02	9.000000e+01	1.200000e+02	0.000000e+00	0.000000e+00	0.000000e+00
7.500000e+02	7.800000e+02	1.200000e+02	1.500000e+02	2.376029e-06	1.680107e-06	1.680107e-06
7.500000e+02	7.800000e+02	1.500000e+02	1.800000e+02	1.188014e-06	1.188015e-06	1.188015e-06
7.500000e+02	7.800000e+02	1.800000e+02	2.100000e+02	2.376029e-06	1.680107e-06	1.680107e-06
7.500000e+02	7.800000e+02	2.100000e+02	2.400000e+02	1.188014e-06	1.188015e-06	1.188015e-06
7.500000e+02	7.800000e+02	2.400000e+02	2.700000e+02	5.940073e-06	2.656481e-06	2.656481e-06
7.500000e+02	7.800000e+02	2.700000e+02	3.000000e+02	4.752059e-06	2.376029e-06	2.376029e-06
7.500000e+02	7.800000e+02	3.000000e+02	3.300000e+02	5.940073e-06	2.656481e-06	2.656481e-06
7.500000e+02	7.800000e+02	3.300000e+02	3.600000e+02	2.376029e-06	1.680107e-06	1.680107e-06
7.500000e+02	7.800000e+02	3.600000e+02	3.900000e+02	3.564043e-06	2.057702e-06	2.057702e-06
7.500000e+02	7.800000e+02	3.900000e+02	4.200000e+02	4.752059e-06	2.376029e-06	2.376029e-06
7.500000e+02	7.800000e+02	4.200000e+02	4.500000e+02	2.376029e-06	1.680107e-06	1.680107e-06
7.500000e+02	7.800000e+02	4.500000e+02	4.800000e+02	2.376029e-06	1.680107e-06	1.680107e-06
7.500000e+02	7.800000e+02	4.800000e+02	5.100000e+02	3.564043e-06	2.057702e-06	2.057702e-06
7.500000e+02	7.800000e+02	5.100000e+02	5.400000e+02	1.188014e-06	1.188015e-06	1.188015e-06
7.500000e+02	7.800000e+02	5.400000e+02	5.700000e+02	3.564043e-06	2.057702e-06	2.057702e-06
7.500000e+02	7.800000e+02	5.700000e+02	6.000000e+02	2.376029e-06	1.680107e-06	1.680107e-06
7.500000e+02	7.800000e+02	6.000000e+02	6.300000e+02	4.752059e-06	2.376029e-06	2.376029e-06
7.500000e+02	7.800000e+02	6.300000e+02	6.600000e+02	3.564043e-06	2.057702e-06	2.057702e-06
7.500000e+02	7.800000e+02	6.600000e+02	6.900000e+02	1.188014e-06	1.188015e-06	1.188015e-06
7.500000e+02	7.800000e+02	6.900000e+02	7.200000e+02	2.376029e-06	1.680107e-06	1.680107e-06
7.500000e+02	7.800000e+02	7.200000e+02	7.500000e+02	0.000000e+00	0.000000e+00	0.000000e+00
7.500000e+02	7.800000e+02	7.500000e+02	7.800000e+02	1.188014e-06	1.188015e-06	1.188015e-06
7.500000e+02	7.800000e+02	7.800000e+02	8.100000e+02	0.000000e+00	0.000000e+00	0.000000e+00
7.500000e+02	7.800000e+02	8.100000e+02	8.400000e+02	0.000000e+00	0.000000e+00	0.000000e+00
7.500000e+02	7.800000e+02	8.400000e+02	8.700000e+02	0.000000e+00	0.000000e+00	0.000000e+00
7.500000e+02	7.800000e+02	8.700000e+02	9.000000e+02	0.000000e+00	0.000000e+00	0.000000e+00
7.800000e+02	8.100000e+02	0.000000e+00	3.000000e+01	1.188014e-06	1.188015e-06	1.188015e-06
7.800000e+02	8.100000e+02	3.000000e+01	6.000000e+01	1.188014e-06	1.188015e-06	1.188015e-06
7.800000e+02	8.100000e+02	6.000000e+01	9.000000e+01	3.564043e-06	2.057702e-06	2.057702e-06
7.800000e+02	8.100000e+02	9.000000e+01	1.200000e+02	1.188014e-06	1.188015e-06	1.188015e-06
7.800000e+02	8.100000e+02	1.200000e+02	1.500000e+02	2.376029e-06	1.680107e-06	1.680107e-06
7.800000e+02	8.100000e+02	1.500000e+02	1.800000e+02	3.564043e-06	2.057702e-06	2.057702e-06
7.800000e+02	8.100000e+02	1.800000e+02	2.100000e+02	0.000000e+00	0.000000e+00	0.000000e+00
7.800000e+02	8.100000e+02	2.100000e+02	2.400000e+02	0.000000e+00	0.000000e+00	0.000000e+00
7.800000e+02	8.100000e+02	2.400000e+02	2.700000e+02	1.188014e-06	1.188015e-06	1.188015e-06
7.800000e+02	8.100000e+02	2.700000e+02	3.000000e+02	1.188014e-06	1.188015e-06	1.188015e-06
7.800000e+02	8.100000e+02	3.000000e+02	3.300000e+02	0.000000e+00	0.000000e+00	0.000000e+00
7.800000e+02	8.100000e+02	3.300000e+02	3.600000e+02	0.000000e+00	0.000000e+00	0.000000e+00
7.800000e+02	8.100000e+02	3.600000e+02	3.900000e+02	0.000000e+00	0.000000e+00	0.000000e+00
7.800000e+02	8.100000e+02	3.900000e+02	4.200000e+02	2.376029e-06	1.680107e-06	1.680107e-06
7.800000e+02	8.100000e+02	4.200000e+02	4.500000e+02	1.188014e-06	1.188015e-06	1.188015e-06
7.800000e+02	8.100000e+02	4.500000e+02	4.800000e+02	1.188014e-06	1.188015e-06	1.188015e-06
7.800000e+02	8.100000e+02	4.800000e+02	5.100000e+02	2.376029e-06	1.680107e-06	1.680107e-06
7.800000e+02	8.100000e+02	5.100000e+02	5.400000e+02	0.000000e+00	0.000000e+00	0.000000e+00
7.800000e+02	8.100000e+02	5.400000e+02	5.700000e+02	1.188014e-06	1.188015e-06	1.188015e-06
7.800000e+02	8.100000e+02	5.700000e+02	6.000000e+02	1.188014e-06	1.188015e-06	1.188015e-06
7.800000e+02	8.100000e+02	6.000000e+02	6.300000e+02	0.000000e+00	0.000000e+00	0.000000e+00
7.800000e+02	8.100000e+02	6.300000e+02	6.600000e+02	1.188014e-06	1.188015e-06	1.188015e-06
7.800000e+02	8.100000e+02	6.600000e+02	6.900000e+02	1.188014e-06	1.188015e-06	1.188015e-06
7.800000e+02	8.100000e+02	6.900000e+02	7.200000e+02	2.376029e-06	1.680107e-06	1.680107e-06
7.800000e+02	8.100000e+02	7.200000e+02	7.500000e+02	4.752059e-06	2.376029e-06	2.376029e-06
7.800000e+02	8.100000e+02	7.500000e+02	7.800000e+02	2.376029e-06	1.680107e-06	1.680107e-06
7.800000e+02	8.100000e+02	7.800000e+02	8.100000e+02	0.000000e+00	0.000000e+00	0.000000e+00
7.800000e+02	8.100000e+02	8.100000e+02	8.400000e+02	0.000000e+00	0.000000e+00	0.000000e+00
7.800000e+02	8.100000e+02	8.400000e+02	8.700000e+02	0.000000e+00	0.000000e+00	0.000000e+00
7.800000e+02	8.100000e+02	8.700000e+02	9.000000e+02	0.000000e+00	0.000000e+00	0.000000e+00
8.100000e+02	8.400000e+02	0.000000e+00	3.000000e+01	0.000000e+00	0.000000e+00	0.000000e+00
8.100000e+02	8.400000e+02	3.000000e+01	6.000000e+01	0.000000e+00	0.000000e+00	0.000000e+00
8.100000e+02	8.400000e+02	6.000000e+01	9.000000e+01	3.564043e-06	2.057702e-06	2.057702e-06
8.100000e+02	8.400000e+02	9.000000e+01	1.200000e+02	0.000000e+00	0.000000e+00	0.000000e+00
8.100000e+02	8.400000e+02	1.200000e+02	1.500000e+02	0.000000e+00	0.000000e+00	0.000000e+00
8.100000e+02	8.400000e+02	1.500000e+02	1.800000e+02	3.564043e-06	2.057702e-06	2.057702e-06
8.100000e+02	8.400000e+02	1.800000e+02	2.100000e+02	0.000000e+00	0.000000e+00	0.000000e+00
8.100000e+02	8.400000e+02	2.100000e+02	2.400000e+02	0.000000e+00	0.000000e+00	0.000000e+00
8.100000e+02	8.400000e+02	2.400000e+02	2.700000e+02	1.188014e-06	1.188015e-06	1.188015e-06
8.100000e+02	8.400000e+02	2.700000e+02	3.000000e+02	0.000000e+00	0.000000e+00	0.000000e+00
8.100000e+02	8.400000e+02	3.000000e+02	3.300000e+02	1.188014e-06	1.188015e-06	1.188015e-06
8.100000e+02	8.400000e+02	3.300000e+02	3.600000e+02	3.564043e-06	2.057702e-06	2.057702e-06
8.100000e+02	8.400000e+02	3.600000e+02	3.900000e+02	0.000000e+00	0.000000e+00	0.000000e+00
8.100000e+02	8.400000e+02	3.900000e+02	4.200000e+02	1.188014e-06	1.188015e-06	1.188015e-06
8.100000e+02	8.400000e+02	4.200000e+02	4.500000e+02	0.000000e+00	0.000000e+00	0.000000e+00
8.100000e+02	8.400000e+02	4.500000e+02	4.800000e+02	1.188014e-06	1.188015e-06	1.188015e-06
8.100000e+02	8.400000e+02	4.800000e+02	5.100000e+02	2.376029e-06	1.680107e-06	1.680107e-06
8.100000e+02	8.400000e+02	5.100000e+02	5.400000e+02	0.000000e+00	0.000000e+00	0.000000e+00
8.100000e+02	8.400000e+02	5.400000e+02	5.700000e+02	0.000000e+00	0.000000e+00	0.000000e+00
8.100000e+02	8.400000e+02	5.700000e+02	6.000000e+02	1.188014e-06	1.188015e-06	1.188015e-06
8.100000e+02	8.400000e+02	6.000000e+02	6.300000e+02	1.188014e-06	1.188015e-06	1.188015e-06
8.100000e+02	8.400000e+02	6.300000e+02	6.600000e+02	0.000000e+00	0.000000e+00	0.000000e+00
8.100000e+02	8.400000e+02	6.600000e+02	6.900000e+02	1.188014e-06	1.188015e-06	1.188015e-06
8.100000e+02	8.400000e+02	6.900000e+02	7.200000e+02	1.188014e-06	1.188015e-06	1.188015e-06
8.100000e+02	8.400000e+02	7.200000e+02	7.500000e+02	2.376029e-06	1.680107e-06	1.680107e-06
8.100000e+02	8.400000e+02	7.500000e+02	7.800000e+02	1.188014e-06	1.188015e-06	1.188015e-06
8.100000e+02	8.400000e+02	7.800000e+02	8.100000e+02	1.188014e-06	1.188015e-06	1.188015e-06
8.100000e+02	8.400000e+02	8.100000e+02	8.400000e+02	0.000000e+00	0.000000e+00	0.000000e+00
8.100000e+02	8.400000e+02	8.400000e+02	8.700000e+02	0.000000e+00	0.000000e+00	0.000000e+00
8.100000e+02	8.400000e+02	8.700000e+02	9.000000e+02	0.000000e+00	0.000000e+00	0.000000e+00
8.400000e+02	8.700000e+02	0.000000e+00	3.000000e+01	0.000000e+00	0.000000e+00	0.000000e+00
8.400000e+02	8.700000e+02	3.000000e+01	6.000000e+01	0.000000e+00	0.000000e+00	0.000000e+00
8.400000e+02	8.700000e+02	6.000000e+01	9.000000e+01	0.000000e+00	0.000000e+00	0.000000e+00
8.400000e+02	8.700000e+02	9.000000e+01	1.200000e+02	0.000000e+00	0.000000e+00	0.000000e+00
8.400000e+02	8.700000e+02	1.200000e+02	1.500000e+02	2.376029e-06	1.680107e-06	1.680107e-06
8.400000e+02	8.700000e+02	1.500000e+02	1.800000e+02	1.188014e-06	1.188015e-06	1.188015e-06
8.400000e+02	8.700000e+02	1.800000e+02	2.100000e+02	0.000000e+00	0.000000e+00	0.000000e+00
8.400000e+02	8.700000e+02	2.100000e+02	2.400000e+02	1.188014e-06	1.188015e-06	1.188015e-06
8.400000e+02	8.700000e+02	2.400000e+02	2.700000e+02	0.000000e+00	0.000000e+00	0.000000e+00
8.400000e+02	8.700000e+02	2.700000e+02	3.000000e+02	1.188014e-06	1.188015e-06	1.188015e-06
8.400000e+02	8.700000e+02	3.000000e+02	3.300000e+02	2.376029e-06	1.680107e-06	1.680107e-06
8.400000e+02	8.700000e+02	3.300000e+02	3.600000e+02	0.000000e+00	0.000000e+00	0.000000e+00
8.400000e+02	8.700000e+02	3.600000e+02	3.900000e+02	1.188014e-06	1.188015e-06	1.188015e-06
8.400000e+02	8.700000e+02	3.900000e+02	4.200000e+02	2.376029e-06	1.680107e-06	1.680107e-06
8.400000e+02	8.700000e+02	4.200000e+02	4.500000e+02	0.000000e+00	0.000000e+00	0.000000e+00
8.400000e+02	8.700000e+02	4.500000e+02	4.800000e+02	1.188014e-06	1.188015e-06	1.188015e-06
8.400000e+02	8.700000e+02	4.800000e+02	5.100000e+02	0.000000e+00	0.000000e+00	0.000000e+00
8.400000e+02	8.700000e+02	5.100000e+02	5.400000e+02	0.000000e+00	0.000000e+00	0.000000e+00
8.400000e+02	8.700000e+02	5.400000e+02	5.700000e+02	1.188014e-06	1.188015e-06	1.188015e-06
8.400000e+02	8.700000e+02	5.700000e+02	6.000000e+02	0.000000e+00	0.000000e+00	0.000000e+00
8.400000e+02	8.700000e+02	6.000000e+02	6.300000e+02	0.000000e+00	0.000000e+00	0.000000e+00
8.400000e+02	8.700000e+02	6.300000e+02	6.600000e+02	0.000000e+00	0.000000e+00	0.000000e+00
8.400000e+02	8.700000e+02	6.600000e+02	6.900000e+02	1.188014e-06	1.188015e-06	1.188015e-06
8.400000e+02	8.700000e+02	6.900000e+02	7.200000e+02	3.564043e-06	2.057702e-06	2.057702e-06
8.400000e+02	8.700000e+02	7.200000e+02	7.500000e+02	0.000000e+00	0.000000e+00	0.000000e+00
8.400000e+02	8.700000e+02	7.500000e+02	7.800000e+02	0.000000e+00	0.000000e+00	0.000000e+00
8.400000e+02	8.700000e+02	7.800000e+02	8.100000e+02	0.000000e+00	0.000000e+00	0.000000e+00
8.400000e+02	8.700000e+02	8.100000e+02	8.400000e+02	3.564043e-06	2.057702e-06	2.057702e-06
8.400000e+02	8.700000e+02	8.400000e+02	8.700000e+02	0.000000e+00	0.000000e+00	0.000000e+00
8.400000e+02	8.700000e+02	8.700000e+02	9.000000e+02	0.000000e+00	0.000000e+00	0.000000e+00
8.700000e+02	9.000000e+02	0.000000e+00	3.000000e+01	0.000000e+00	0.000000e+00	0.000000e+00
8.700000e+02	9.000000e+02	3.000000e+01	6.000000e+01	0.000000e+00	0.000000e+00	0.000000e+00
8.700000e+02	9.000000e+02	6.000000e+01	9.000000e+01	0.000000e+00	0.000000e+00	0.000000e+00
8.700000e+02	9.000000e+02	9.000000e+01	1.200000e+02	1.188014e-06	1.188015e-06	1.188015e-06
8.700000e+02	9.000000e+02	1.200000e+02	1.500000e+02	0.000000e+00	0.000000e+00	0.000000e+00
8.700000e+02	9.000000e+02	1.500000e+02	1.800000e+02	0.000000e+00	0.000000e+00	0.000000e+00
8.700000e+02	9.000000e+02	1.800000e+02	2.100000e+02	1.188014e-06	1.188015e-06	1.188015e-06
8.700000e+02	9.000000e+02	2.100000e+02	2.400000e+02	1.188014e-06	1.188015e-06	1.188015e-06
8.700000e+02	9.000000e+02	2.400000e+02	2.700000e+02	1.188014e-06	1.188015e-06	1.188015e-06
8.700000e+02	9.000000e+02	2.700000e+02	3.000000e+02	0.000000e+00	0.000000e+00	0.000000e+00
8.700000e+02	9.000000e+02	3.000000e+02	3.300000e+02	0.000000e+00	0.000000e+00	0.000000e+00
8.700000e+02	9.000000e+02	3.300000e+02	3.600000e+02	0.000000e+00	0.000000e+00	0.000000e+00
8.700000e+02	9.000000e+02	3.600000e+02	3.900000e+02	1.188014e-06	1.188015e-06	1.188015e-06
8.700000e+02	9.000000e+02	3.900000e+02	4.200000e+02	0.000000e+00	0.000000e+00	0.000000e+00
8.700000e+02	9.000000e+02	4.200000e+02	4.500000e+02	0.000000e+00	0.000000e+00	0.000000e+00
8.700000e+02	9.000000e+02	4.500000e+02	4.800000e+02	1.188014e-06	1.188015e-06	1.188015e-06
8.700000e+02	9.000000e+02	4.800000e+02	5.100000e+02	0.000000e+00	0.000000e+00	0.000000e+00
8.700000e+02	9.000000e+02	5.100000e+02	5.400000e+02	0.000000e+00	0.000000e+00	0.000000e+00
8.700000e+02	9.000000e+02	5.400000e+02	5.700000e+02	0.000000e+00	0.000000e+00	0.000000e+00
8.700000e+02	9.000000e+02	5.700000e+02	6.000000e+02	0.000000e+00	0.000000e+00	0.000000e+00
8.700000e+02	9.000000e+02	6.000000e+02	6.300000e+02	1.188014e-06	1.188015e-06	1.188015e-06
8.700000e+02	9.000000e+02	6.300000e+02	6.600000e+02	0.000000e+00	0.000000e+00	0.000000e+00
8.700000e+02	9.000000e+02	6.600000e+02	6.900000e+02	0.000000e+00	0.000000e+00	0.000000e+00
8.700000e+02	9.000000e+02	6.900000e+02	7.200000e+02	0.000000e+00	0.000000e+00	0.000000e+00
8.700000e+02	9.000000e+02	7.200000e+02	7.500000e+02	0.000000e+00	0.000000e+00	0.000000e+00
8.700000e+02	9.000000e+02	7.500000e+02	7.800000e+02	0.000000e+00	0.000000e+00	0.000000e+00
8.700000e+02	9.000000e+02	7.800000e+02	8.100000e+02	0.000000e+00	0.000000e+00	0.000000e+00
8.700000e+02	9.000000e+02	8.100000e+02	8.400000e+02	0.000000e+00	0.000000e+00	0.000000e+00
8.700000e+02	9.000000e+02	8.400000e+02	8.700000e+02	1.188014e-06	1.188015e-06	1.188015e-06
8.700000e+02	9.000000e+02	8.700000e+02	9.000000e+02	0.000000e+00	0.000000e+00	0.000000e+00
# END HISTO2D

