# BEGIN HISTO1D /res/oxford_combined_rw2/histo_CFN_res
Path=/res/oxford_combined_rw2/histo_CFN_res
Title=CFN_res
# xlow	 xhigh	 val	 errminus	 errplus
0.000000e+00	1.000000e+00	3.000000e+06	1.732051e+03	1.732051e+03
1.000000e+00	2.000000e+00	3.000000e+06	1.732051e+03	1.732051e+03
2.000000e+00	3.000000e+00	1.918530e+05	4.380103e+02	4.380103e+02
3.000000e+00	4.000000e+00	1.284010e+05	3.583309e+02	3.583309e+02
4.000000e+00	5.000000e+00	1.284010e+05	3.583309e+02	3.583309e+02
5.000000e+00	6.000000e+00	2.536700e+04	1.592702e+02	1.592702e+02
6.000000e+00	7.000000e+00	2.487200e+04	1.577086e+02	1.577086e+02
# END HISTO1D

