# BEGIN HISTO1D /res/oxford_combined_rw2/histo_CFN_res
Path=/res/oxford_combined_rw2/histo_CFN_res
Title=CFN_res
# xlow	 xhigh	 val	 errminus	 errplus
0.000000e+00	1.000000e+00	3.000000e+06	1.732051e+03	1.732051e+03
1.000000e+00	2.000000e+00	3.000000e+06	1.732051e+03	1.732051e+03
2.000000e+00	3.000000e+00	2.314916e+06	1.521485e+03	1.521485e+03
3.000000e+00	4.000000e+00	2.144852e+06	1.464531e+03	1.464531e+03
4.000000e+00	5.000000e+00	2.144852e+06	1.464531e+03	1.464531e+03
5.000000e+00	6.000000e+00	9.226080e+05	9.605249e+02	9.605249e+02
6.000000e+00	7.000000e+00	8.825160e+05	9.394232e+02	9.394232e+02
# END HISTO1D

