# BEGIN HISTOGRAM /res/oxford_combined_rw2/total/histo_eta_smallR_inter_C1b
Path=/res/oxford_combined_rw2/total/histo_eta_smallR_inter_C1b
Title=eta_smallR_inter_C1b
# xlow	 xhigh	 val	 errminus	 errplus
-6.000000e+00	-5.600000e+00	2.840123e+02	2.840123e+02	2.840123e+02
-5.600000e+00	-5.200000e+00	6.376788e+04	1.539544e+04	1.539544e+04
-5.200000e+00	-4.800000e+00	3.513775e+05	4.023876e+04	4.023876e+04
-4.800000e+00	-4.400000e+00	1.023077e+06	6.249674e+04	6.249674e+04
-4.400000e+00	-4.000000e+00	2.344954e+06	9.444703e+04	9.444703e+04
-4.000000e+00	-3.600000e+00	4.240090e+06	1.276598e+05	1.276598e+05
-3.600000e+00	-3.200000e+00	6.261330e+06	1.540894e+05	1.540894e+05
-3.200000e+00	-2.800000e+00	1.366414e+07	2.343269e+05	2.343269e+05
-2.800000e+00	-2.400000e+00	2.652889e+07	3.273780e+05	3.273780e+05
-2.400000e+00	-2.000000e+00	3.762217e+07	3.805738e+05	3.805738e+05
-2.000000e+00	-1.600000e+00	4.774511e+07	4.283733e+05	4.283733e+05
-1.600000e+00	-1.200000e+00	5.790375e+07	4.898956e+05	4.898956e+05
-1.200000e+00	-8.000000e-01	6.439986e+07	5.075771e+05	5.075771e+05
-8.000000e-01	-4.000000e-01	6.923164e+07	5.123938e+05	5.123938e+05
-4.000000e-01	7.771561e-16	7.216174e+07	5.242291e+05	5.242291e+05
7.771561e-16	4.000000e-01	7.202718e+07	5.233209e+05	5.233209e+05
4.000000e-01	8.000000e-01	6.920383e+07	5.115469e+05	5.115469e+05
8.000000e-01	1.200000e+00	6.375913e+07	4.905776e+05	4.905776e+05
1.200000e+00	1.600000e+00	5.750963e+07	4.711480e+05	4.711480e+05
1.600000e+00	2.000000e+00	4.824009e+07	4.305674e+05	4.305674e+05
2.000000e+00	2.400000e+00	3.841367e+07	4.131085e+05	4.131085e+05
2.400000e+00	2.800000e+00	2.644988e+07	3.304009e+05	3.304009e+05
2.800000e+00	3.200000e+00	1.356221e+07	2.329794e+05	2.329794e+05
3.200000e+00	3.600000e+00	6.423032e+06	1.572612e+05	1.572612e+05
3.600000e+00	4.000000e+00	4.066978e+06	1.237601e+05	1.237601e+05
4.000000e+00	4.400000e+00	2.311593e+06	9.304760e+04	9.304760e+04
4.400000e+00	4.800000e+00	1.013336e+06	6.158014e+04	6.158014e+04
4.800000e+00	5.200000e+00	3.242224e+05	3.465864e+04	3.465864e+04
5.200000e+00	5.600000e+00	4.744996e+04	1.319291e+04	1.319291e+04
5.600000e+00	6.000000e+00	3.967586e+03	3.964926e+03	3.964926e+03
# END HISTOGRAM

