# BEGIN HISTOGRAM /res/oxford_combined_rw2/total/histo_m_largeR_inter_C1c
Path=/res/oxford_combined_rw2/total/histo_m_largeR_inter_C1c
Title=m_largeR_inter_C1c
# xlow	 xhigh	 val	 errminus	 errplus
0.000000e+00	6.000000e+00	7.961661e+04	4.316752e+03	4.316752e+03
6.000000e+00	1.200000e+01	1.826576e+05	6.666945e+03	6.666945e+03
1.200000e+01	1.800000e+01	4.010532e+05	9.961528e+03	9.961528e+03
1.800000e+01	2.400000e+01	6.230042e+05	1.248989e+04	1.248989e+04
2.400000e+01	3.000000e+01	7.959780e+05	1.427645e+04	1.427645e+04
3.000000e+01	3.600000e+01	9.765584e+05	1.580944e+04	1.580944e+04
3.600000e+01	4.200000e+01	1.064490e+06	1.661905e+04	1.661905e+04
4.200000e+01	4.800000e+01	1.098299e+06	1.679708e+04	1.679708e+04
4.800000e+01	5.400000e+01	1.053749e+06	1.643619e+04	1.643619e+04
5.400000e+01	6.000000e+01	1.038111e+06	1.619268e+04	1.619268e+04
6.000000e+01	6.600000e+01	9.262659e+05	1.556122e+04	1.556122e+04
6.600000e+01	7.200000e+01	8.735465e+05	1.500802e+04	1.500802e+04
7.200000e+01	7.800000e+01	7.998165e+05	1.442579e+04	1.442579e+04
7.800000e+01	8.400000e+01	7.113681e+05	1.353028e+04	1.353028e+04
8.400000e+01	9.000000e+01	6.076102e+05	1.249715e+04	1.249715e+04
9.000000e+01	9.600000e+01	5.496566e+05	1.191368e+04	1.191368e+04
9.600000e+01	1.020000e+02	4.576063e+05	1.081417e+04	1.081417e+04
1.020000e+02	1.080000e+02	3.823933e+05	9.789137e+03	9.789137e+03
1.080000e+02	1.140000e+02	3.220751e+05	8.979951e+03	8.979951e+03
1.140000e+02	1.200000e+02	2.515199e+05	8.117228e+03	8.117228e+03
1.200000e+02	1.260000e+02	2.093550e+05	7.824748e+03	7.824748e+03
1.260000e+02	1.320000e+02	1.494924e+05	6.156181e+03	6.156181e+03
1.320000e+02	1.380000e+02	1.137341e+05	5.600656e+03	5.600656e+03
1.380000e+02	1.440000e+02	7.756901e+04	4.821073e+03	4.821073e+03
1.440000e+02	1.500000e+02	6.372154e+04	4.323184e+03	4.323184e+03
1.500000e+02	1.560000e+02	4.423230e+04	3.357511e+03	3.357511e+03
1.560000e+02	1.620000e+02	3.462580e+04	2.960684e+03	2.960684e+03
1.620000e+02	1.680000e+02	2.136907e+04	2.357894e+03	2.357894e+03
1.680000e+02	1.740000e+02	1.566699e+04	2.046924e+03	2.046924e+03
1.740000e+02	1.800000e+02	1.706205e+04	2.143148e+03	2.143148e+03
# END HISTOGRAM

