# BEGIN HISTO2D /res/100TeVlambda_oxford/histo_ptHptH_inter_C2
Path=/res/100TeVlambda_oxford/histo_ptHptH_inter_C2
ScaledBy=1
Title=ptHptH_inter_C2
# xlow	 xhigh	 ylow	 yhigh	 val	 errminus	 errplus
0.000000e+00	3.000000e+01	0.000000e+00	3.000000e+01	0.000000e+00	0.000000e+00	0.000000e+00
0.000000e+00	3.000000e+01	3.000000e+01	6.000000e+01	0.000000e+00	0.000000e+00	0.000000e+00
0.000000e+00	3.000000e+01	6.000000e+01	9.000000e+01	0.000000e+00	0.000000e+00	0.000000e+00
0.000000e+00	3.000000e+01	9.000000e+01	1.200000e+02	0.000000e+00	0.000000e+00	0.000000e+00
0.000000e+00	3.000000e+01	1.200000e+02	1.500000e+02	0.000000e+00	0.000000e+00	0.000000e+00
0.000000e+00	3.000000e+01	1.500000e+02	1.800000e+02	0.000000e+00	0.000000e+00	0.000000e+00
0.000000e+00	3.000000e+01	1.800000e+02	2.100000e+02	0.000000e+00	0.000000e+00	0.000000e+00
0.000000e+00	3.000000e+01	2.100000e+02	2.400000e+02	0.000000e+00	0.000000e+00	0.000000e+00
0.000000e+00	3.000000e+01	2.400000e+02	2.700000e+02	0.000000e+00	0.000000e+00	0.000000e+00
0.000000e+00	3.000000e+01	2.700000e+02	3.000000e+02	0.000000e+00	0.000000e+00	0.000000e+00
0.000000e+00	3.000000e+01	3.000000e+02	3.300000e+02	0.000000e+00	0.000000e+00	0.000000e+00
0.000000e+00	3.000000e+01	3.300000e+02	3.600000e+02	0.000000e+00	0.000000e+00	0.000000e+00
0.000000e+00	3.000000e+01	3.600000e+02	3.900000e+02	0.000000e+00	0.000000e+00	0.000000e+00
0.000000e+00	3.000000e+01	3.900000e+02	4.200000e+02	0.000000e+00	0.000000e+00	0.000000e+00
0.000000e+00	3.000000e+01	4.200000e+02	4.500000e+02	0.000000e+00	0.000000e+00	0.000000e+00
0.000000e+00	3.000000e+01	4.500000e+02	4.800000e+02	0.000000e+00	0.000000e+00	0.000000e+00
0.000000e+00	3.000000e+01	4.800000e+02	5.100000e+02	0.000000e+00	0.000000e+00	0.000000e+00
0.000000e+00	3.000000e+01	5.100000e+02	5.400000e+02	0.000000e+00	0.000000e+00	0.000000e+00
0.000000e+00	3.000000e+01	5.400000e+02	5.700000e+02	0.000000e+00	0.000000e+00	0.000000e+00
0.000000e+00	3.000000e+01	5.700000e+02	6.000000e+02	0.000000e+00	0.000000e+00	0.000000e+00
0.000000e+00	3.000000e+01	6.000000e+02	6.300000e+02	0.000000e+00	0.000000e+00	0.000000e+00
0.000000e+00	3.000000e+01	6.300000e+02	6.600000e+02	0.000000e+00	0.000000e+00	0.000000e+00
0.000000e+00	3.000000e+01	6.600000e+02	6.900000e+02	0.000000e+00	0.000000e+00	0.000000e+00
0.000000e+00	3.000000e+01	6.900000e+02	7.200000e+02	0.000000e+00	0.000000e+00	0.000000e+00
0.000000e+00	3.000000e+01	7.200000e+02	7.500000e+02	0.000000e+00	0.000000e+00	0.000000e+00
0.000000e+00	3.000000e+01	7.500000e+02	7.800000e+02	0.000000e+00	0.000000e+00	0.000000e+00
0.000000e+00	3.000000e+01	7.800000e+02	8.100000e+02	0.000000e+00	0.000000e+00	0.000000e+00
0.000000e+00	3.000000e+01	8.100000e+02	8.400000e+02	0.000000e+00	0.000000e+00	0.000000e+00
0.000000e+00	3.000000e+01	8.400000e+02	8.700000e+02	0.000000e+00	0.000000e+00	0.000000e+00
0.000000e+00	3.000000e+01	8.700000e+02	9.000000e+02	0.000000e+00	0.000000e+00	0.000000e+00
3.000000e+01	6.000000e+01	0.000000e+00	3.000000e+01	0.000000e+00	0.000000e+00	0.000000e+00
3.000000e+01	6.000000e+01	3.000000e+01	6.000000e+01	0.000000e+00	0.000000e+00	0.000000e+00
3.000000e+01	6.000000e+01	6.000000e+01	9.000000e+01	0.000000e+00	0.000000e+00	0.000000e+00
3.000000e+01	6.000000e+01	9.000000e+01	1.200000e+02	0.000000e+00	0.000000e+00	0.000000e+00
3.000000e+01	6.000000e+01	1.200000e+02	1.500000e+02	0.000000e+00	0.000000e+00	0.000000e+00
3.000000e+01	6.000000e+01	1.500000e+02	1.800000e+02	0.000000e+00	0.000000e+00	0.000000e+00
3.000000e+01	6.000000e+01	1.800000e+02	2.100000e+02	0.000000e+00	0.000000e+00	0.000000e+00
3.000000e+01	6.000000e+01	2.100000e+02	2.400000e+02	0.000000e+00	0.000000e+00	0.000000e+00
3.000000e+01	6.000000e+01	2.400000e+02	2.700000e+02	0.000000e+00	0.000000e+00	0.000000e+00
3.000000e+01	6.000000e+01	2.700000e+02	3.000000e+02	0.000000e+00	0.000000e+00	0.000000e+00
3.000000e+01	6.000000e+01	3.000000e+02	3.300000e+02	0.000000e+00	0.000000e+00	0.000000e+00
3.000000e+01	6.000000e+01	3.300000e+02	3.600000e+02	0.000000e+00	0.000000e+00	0.000000e+00
3.000000e+01	6.000000e+01	3.600000e+02	3.900000e+02	0.000000e+00	0.000000e+00	0.000000e+00
3.000000e+01	6.000000e+01	3.900000e+02	4.200000e+02	0.000000e+00	0.000000e+00	0.000000e+00
3.000000e+01	6.000000e+01	4.200000e+02	4.500000e+02	0.000000e+00	0.000000e+00	0.000000e+00
3.000000e+01	6.000000e+01	4.500000e+02	4.800000e+02	0.000000e+00	0.000000e+00	0.000000e+00
3.000000e+01	6.000000e+01	4.800000e+02	5.100000e+02	0.000000e+00	0.000000e+00	0.000000e+00
3.000000e+01	6.000000e+01	5.100000e+02	5.400000e+02	0.000000e+00	0.000000e+00	0.000000e+00
3.000000e+01	6.000000e+01	5.400000e+02	5.700000e+02	0.000000e+00	0.000000e+00	0.000000e+00
3.000000e+01	6.000000e+01	5.700000e+02	6.000000e+02	0.000000e+00	0.000000e+00	0.000000e+00
3.000000e+01	6.000000e+01	6.000000e+02	6.300000e+02	0.000000e+00	0.000000e+00	0.000000e+00
3.000000e+01	6.000000e+01	6.300000e+02	6.600000e+02	0.000000e+00	0.000000e+00	0.000000e+00
3.000000e+01	6.000000e+01	6.600000e+02	6.900000e+02	0.000000e+00	0.000000e+00	0.000000e+00
3.000000e+01	6.000000e+01	6.900000e+02	7.200000e+02	0.000000e+00	0.000000e+00	0.000000e+00
3.000000e+01	6.000000e+01	7.200000e+02	7.500000e+02	0.000000e+00	0.000000e+00	0.000000e+00
3.000000e+01	6.000000e+01	7.500000e+02	7.800000e+02	0.000000e+00	0.000000e+00	0.000000e+00
3.000000e+01	6.000000e+01	7.800000e+02	8.100000e+02	0.000000e+00	0.000000e+00	0.000000e+00
3.000000e+01	6.000000e+01	8.100000e+02	8.400000e+02	0.000000e+00	0.000000e+00	0.000000e+00
3.000000e+01	6.000000e+01	8.400000e+02	8.700000e+02	0.000000e+00	0.000000e+00	0.000000e+00
3.000000e+01	6.000000e+01	8.700000e+02	9.000000e+02	0.000000e+00	0.000000e+00	0.000000e+00
6.000000e+01	9.000000e+01	0.000000e+00	3.000000e+01	0.000000e+00	0.000000e+00	0.000000e+00
6.000000e+01	9.000000e+01	3.000000e+01	6.000000e+01	0.000000e+00	0.000000e+00	0.000000e+00
6.000000e+01	9.000000e+01	6.000000e+01	9.000000e+01	0.000000e+00	0.000000e+00	0.000000e+00
6.000000e+01	9.000000e+01	9.000000e+01	1.200000e+02	0.000000e+00	0.000000e+00	0.000000e+00
6.000000e+01	9.000000e+01	1.200000e+02	1.500000e+02	0.000000e+00	0.000000e+00	0.000000e+00
6.000000e+01	9.000000e+01	1.500000e+02	1.800000e+02	0.000000e+00	0.000000e+00	0.000000e+00
6.000000e+01	9.000000e+01	1.800000e+02	2.100000e+02	0.000000e+00	0.000000e+00	0.000000e+00
6.000000e+01	9.000000e+01	2.100000e+02	2.400000e+02	0.000000e+00	0.000000e+00	0.000000e+00
6.000000e+01	9.000000e+01	2.400000e+02	2.700000e+02	0.000000e+00	0.000000e+00	0.000000e+00
6.000000e+01	9.000000e+01	2.700000e+02	3.000000e+02	0.000000e+00	0.000000e+00	0.000000e+00
6.000000e+01	9.000000e+01	3.000000e+02	3.300000e+02	0.000000e+00	0.000000e+00	0.000000e+00
6.000000e+01	9.000000e+01	3.300000e+02	3.600000e+02	0.000000e+00	0.000000e+00	0.000000e+00
6.000000e+01	9.000000e+01	3.600000e+02	3.900000e+02	0.000000e+00	0.000000e+00	0.000000e+00
6.000000e+01	9.000000e+01	3.900000e+02	4.200000e+02	0.000000e+00	0.000000e+00	0.000000e+00
6.000000e+01	9.000000e+01	4.200000e+02	4.500000e+02	0.000000e+00	0.000000e+00	0.000000e+00
6.000000e+01	9.000000e+01	4.500000e+02	4.800000e+02	0.000000e+00	0.000000e+00	0.000000e+00
6.000000e+01	9.000000e+01	4.800000e+02	5.100000e+02	0.000000e+00	0.000000e+00	0.000000e+00
6.000000e+01	9.000000e+01	5.100000e+02	5.400000e+02	0.000000e+00	0.000000e+00	0.000000e+00
6.000000e+01	9.000000e+01	5.400000e+02	5.700000e+02	0.000000e+00	0.000000e+00	0.000000e+00
6.000000e+01	9.000000e+01	5.700000e+02	6.000000e+02	0.000000e+00	0.000000e+00	0.000000e+00
6.000000e+01	9.000000e+01	6.000000e+02	6.300000e+02	0.000000e+00	0.000000e+00	0.000000e+00
6.000000e+01	9.000000e+01	6.300000e+02	6.600000e+02	0.000000e+00	0.000000e+00	0.000000e+00
6.000000e+01	9.000000e+01	6.600000e+02	6.900000e+02	0.000000e+00	0.000000e+00	0.000000e+00
6.000000e+01	9.000000e+01	6.900000e+02	7.200000e+02	0.000000e+00	0.000000e+00	0.000000e+00
6.000000e+01	9.000000e+01	7.200000e+02	7.500000e+02	0.000000e+00	0.000000e+00	0.000000e+00
6.000000e+01	9.000000e+01	7.500000e+02	7.800000e+02	0.000000e+00	0.000000e+00	0.000000e+00
6.000000e+01	9.000000e+01	7.800000e+02	8.100000e+02	0.000000e+00	0.000000e+00	0.000000e+00
6.000000e+01	9.000000e+01	8.100000e+02	8.400000e+02	0.000000e+00	0.000000e+00	0.000000e+00
6.000000e+01	9.000000e+01	8.400000e+02	8.700000e+02	0.000000e+00	0.000000e+00	0.000000e+00
6.000000e+01	9.000000e+01	8.700000e+02	9.000000e+02	0.000000e+00	0.000000e+00	0.000000e+00
9.000000e+01	1.200000e+02	0.000000e+00	3.000000e+01	0.000000e+00	0.000000e+00	0.000000e+00
9.000000e+01	1.200000e+02	3.000000e+01	6.000000e+01	0.000000e+00	0.000000e+00	0.000000e+00
9.000000e+01	1.200000e+02	6.000000e+01	9.000000e+01	0.000000e+00	0.000000e+00	0.000000e+00
9.000000e+01	1.200000e+02	9.000000e+01	1.200000e+02	0.000000e+00	0.000000e+00	0.000000e+00
9.000000e+01	1.200000e+02	1.200000e+02	1.500000e+02	0.000000e+00	0.000000e+00	0.000000e+00
9.000000e+01	1.200000e+02	1.500000e+02	1.800000e+02	0.000000e+00	0.000000e+00	0.000000e+00
9.000000e+01	1.200000e+02	1.800000e+02	2.100000e+02	0.000000e+00	0.000000e+00	0.000000e+00
9.000000e+01	1.200000e+02	2.100000e+02	2.400000e+02	0.000000e+00	0.000000e+00	0.000000e+00
9.000000e+01	1.200000e+02	2.400000e+02	2.700000e+02	0.000000e+00	0.000000e+00	0.000000e+00
9.000000e+01	1.200000e+02	2.700000e+02	3.000000e+02	0.000000e+00	0.000000e+00	0.000000e+00
9.000000e+01	1.200000e+02	3.000000e+02	3.300000e+02	0.000000e+00	0.000000e+00	0.000000e+00
9.000000e+01	1.200000e+02	3.300000e+02	3.600000e+02	0.000000e+00	0.000000e+00	0.000000e+00
9.000000e+01	1.200000e+02	3.600000e+02	3.900000e+02	0.000000e+00	0.000000e+00	0.000000e+00
9.000000e+01	1.200000e+02	3.900000e+02	4.200000e+02	0.000000e+00	0.000000e+00	0.000000e+00
9.000000e+01	1.200000e+02	4.200000e+02	4.500000e+02	0.000000e+00	0.000000e+00	0.000000e+00
9.000000e+01	1.200000e+02	4.500000e+02	4.800000e+02	0.000000e+00	0.000000e+00	0.000000e+00
9.000000e+01	1.200000e+02	4.800000e+02	5.100000e+02	0.000000e+00	0.000000e+00	0.000000e+00
9.000000e+01	1.200000e+02	5.100000e+02	5.400000e+02	0.000000e+00	0.000000e+00	0.000000e+00
9.000000e+01	1.200000e+02	5.400000e+02	5.700000e+02	0.000000e+00	0.000000e+00	0.000000e+00
9.000000e+01	1.200000e+02	5.700000e+02	6.000000e+02	0.000000e+00	0.000000e+00	0.000000e+00
9.000000e+01	1.200000e+02	6.000000e+02	6.300000e+02	0.000000e+00	0.000000e+00	0.000000e+00
9.000000e+01	1.200000e+02	6.300000e+02	6.600000e+02	0.000000e+00	0.000000e+00	0.000000e+00
9.000000e+01	1.200000e+02	6.600000e+02	6.900000e+02	0.000000e+00	0.000000e+00	0.000000e+00
9.000000e+01	1.200000e+02	6.900000e+02	7.200000e+02	0.000000e+00	0.000000e+00	0.000000e+00
9.000000e+01	1.200000e+02	7.200000e+02	7.500000e+02	0.000000e+00	0.000000e+00	0.000000e+00
9.000000e+01	1.200000e+02	7.500000e+02	7.800000e+02	0.000000e+00	0.000000e+00	0.000000e+00
9.000000e+01	1.200000e+02	7.800000e+02	8.100000e+02	0.000000e+00	0.000000e+00	0.000000e+00
9.000000e+01	1.200000e+02	8.100000e+02	8.400000e+02	0.000000e+00	0.000000e+00	0.000000e+00
9.000000e+01	1.200000e+02	8.400000e+02	8.700000e+02	0.000000e+00	0.000000e+00	0.000000e+00
9.000000e+01	1.200000e+02	8.700000e+02	9.000000e+02	0.000000e+00	0.000000e+00	0.000000e+00
1.200000e+02	1.500000e+02	0.000000e+00	3.000000e+01	0.000000e+00	0.000000e+00	0.000000e+00
1.200000e+02	1.500000e+02	3.000000e+01	6.000000e+01	0.000000e+00	0.000000e+00	0.000000e+00
1.200000e+02	1.500000e+02	6.000000e+01	9.000000e+01	0.000000e+00	0.000000e+00	0.000000e+00
1.200000e+02	1.500000e+02	9.000000e+01	1.200000e+02	0.000000e+00	0.000000e+00	0.000000e+00
1.200000e+02	1.500000e+02	1.200000e+02	1.500000e+02	0.000000e+00	0.000000e+00	0.000000e+00
1.200000e+02	1.500000e+02	1.500000e+02	1.800000e+02	0.000000e+00	0.000000e+00	0.000000e+00
1.200000e+02	1.500000e+02	1.800000e+02	2.100000e+02	0.000000e+00	0.000000e+00	0.000000e+00
1.200000e+02	1.500000e+02	2.100000e+02	2.400000e+02	0.000000e+00	0.000000e+00	0.000000e+00
1.200000e+02	1.500000e+02	2.400000e+02	2.700000e+02	0.000000e+00	0.000000e+00	0.000000e+00
1.200000e+02	1.500000e+02	2.700000e+02	3.000000e+02	0.000000e+00	0.000000e+00	0.000000e+00
1.200000e+02	1.500000e+02	3.000000e+02	3.300000e+02	0.000000e+00	0.000000e+00	0.000000e+00
1.200000e+02	1.500000e+02	3.300000e+02	3.600000e+02	0.000000e+00	0.000000e+00	0.000000e+00
1.200000e+02	1.500000e+02	3.600000e+02	3.900000e+02	0.000000e+00	0.000000e+00	0.000000e+00
1.200000e+02	1.500000e+02	3.900000e+02	4.200000e+02	0.000000e+00	0.000000e+00	0.000000e+00
1.200000e+02	1.500000e+02	4.200000e+02	4.500000e+02	0.000000e+00	0.000000e+00	0.000000e+00
1.200000e+02	1.500000e+02	4.500000e+02	4.800000e+02	0.000000e+00	0.000000e+00	0.000000e+00
1.200000e+02	1.500000e+02	4.800000e+02	5.100000e+02	0.000000e+00	0.000000e+00	0.000000e+00
1.200000e+02	1.500000e+02	5.100000e+02	5.400000e+02	0.000000e+00	0.000000e+00	0.000000e+00
1.200000e+02	1.500000e+02	5.400000e+02	5.700000e+02	0.000000e+00	0.000000e+00	0.000000e+00
1.200000e+02	1.500000e+02	5.700000e+02	6.000000e+02	0.000000e+00	0.000000e+00	0.000000e+00
1.200000e+02	1.500000e+02	6.000000e+02	6.300000e+02	0.000000e+00	0.000000e+00	0.000000e+00
1.200000e+02	1.500000e+02	6.300000e+02	6.600000e+02	0.000000e+00	0.000000e+00	0.000000e+00
1.200000e+02	1.500000e+02	6.600000e+02	6.900000e+02	0.000000e+00	0.000000e+00	0.000000e+00
1.200000e+02	1.500000e+02	6.900000e+02	7.200000e+02	0.000000e+00	0.000000e+00	0.000000e+00
1.200000e+02	1.500000e+02	7.200000e+02	7.500000e+02	0.000000e+00	0.000000e+00	0.000000e+00
1.200000e+02	1.500000e+02	7.500000e+02	7.800000e+02	0.000000e+00	0.000000e+00	0.000000e+00
1.200000e+02	1.500000e+02	7.800000e+02	8.100000e+02	0.000000e+00	0.000000e+00	0.000000e+00
1.200000e+02	1.500000e+02	8.100000e+02	8.400000e+02	0.000000e+00	0.000000e+00	0.000000e+00
1.200000e+02	1.500000e+02	8.400000e+02	8.700000e+02	0.000000e+00	0.000000e+00	0.000000e+00
1.200000e+02	1.500000e+02	8.700000e+02	9.000000e+02	0.000000e+00	0.000000e+00	0.000000e+00
1.500000e+02	1.800000e+02	0.000000e+00	3.000000e+01	0.000000e+00	0.000000e+00	0.000000e+00
1.500000e+02	1.800000e+02	3.000000e+01	6.000000e+01	0.000000e+00	0.000000e+00	0.000000e+00
1.500000e+02	1.800000e+02	6.000000e+01	9.000000e+01	0.000000e+00	0.000000e+00	0.000000e+00
1.500000e+02	1.800000e+02	9.000000e+01	1.200000e+02	0.000000e+00	0.000000e+00	0.000000e+00
1.500000e+02	1.800000e+02	1.200000e+02	1.500000e+02	0.000000e+00	0.000000e+00	0.000000e+00
1.500000e+02	1.800000e+02	1.500000e+02	1.800000e+02	0.000000e+00	0.000000e+00	0.000000e+00
1.500000e+02	1.800000e+02	1.800000e+02	2.100000e+02	0.000000e+00	0.000000e+00	0.000000e+00
1.500000e+02	1.800000e+02	2.100000e+02	2.400000e+02	0.000000e+00	0.000000e+00	0.000000e+00
1.500000e+02	1.800000e+02	2.400000e+02	2.700000e+02	0.000000e+00	0.000000e+00	0.000000e+00
1.500000e+02	1.800000e+02	2.700000e+02	3.000000e+02	0.000000e+00	0.000000e+00	0.000000e+00
1.500000e+02	1.800000e+02	3.000000e+02	3.300000e+02	0.000000e+00	0.000000e+00	0.000000e+00
1.500000e+02	1.800000e+02	3.300000e+02	3.600000e+02	0.000000e+00	0.000000e+00	0.000000e+00
1.500000e+02	1.800000e+02	3.600000e+02	3.900000e+02	0.000000e+00	0.000000e+00	0.000000e+00
1.500000e+02	1.800000e+02	3.900000e+02	4.200000e+02	0.000000e+00	0.000000e+00	0.000000e+00
1.500000e+02	1.800000e+02	4.200000e+02	4.500000e+02	0.000000e+00	0.000000e+00	0.000000e+00
1.500000e+02	1.800000e+02	4.500000e+02	4.800000e+02	0.000000e+00	0.000000e+00	0.000000e+00
1.500000e+02	1.800000e+02	4.800000e+02	5.100000e+02	0.000000e+00	0.000000e+00	0.000000e+00
1.500000e+02	1.800000e+02	5.100000e+02	5.400000e+02	0.000000e+00	0.000000e+00	0.000000e+00
1.500000e+02	1.800000e+02	5.400000e+02	5.700000e+02	0.000000e+00	0.000000e+00	0.000000e+00
1.500000e+02	1.800000e+02	5.700000e+02	6.000000e+02	0.000000e+00	0.000000e+00	0.000000e+00
1.500000e+02	1.800000e+02	6.000000e+02	6.300000e+02	0.000000e+00	0.000000e+00	0.000000e+00
1.500000e+02	1.800000e+02	6.300000e+02	6.600000e+02	0.000000e+00	0.000000e+00	0.000000e+00
1.500000e+02	1.800000e+02	6.600000e+02	6.900000e+02	0.000000e+00	0.000000e+00	0.000000e+00
1.500000e+02	1.800000e+02	6.900000e+02	7.200000e+02	0.000000e+00	0.000000e+00	0.000000e+00
1.500000e+02	1.800000e+02	7.200000e+02	7.500000e+02	0.000000e+00	0.000000e+00	0.000000e+00
1.500000e+02	1.800000e+02	7.500000e+02	7.800000e+02	0.000000e+00	0.000000e+00	0.000000e+00
1.500000e+02	1.800000e+02	7.800000e+02	8.100000e+02	0.000000e+00	0.000000e+00	0.000000e+00
1.500000e+02	1.800000e+02	8.100000e+02	8.400000e+02	0.000000e+00	0.000000e+00	0.000000e+00
1.500000e+02	1.800000e+02	8.400000e+02	8.700000e+02	0.000000e+00	0.000000e+00	0.000000e+00
1.500000e+02	1.800000e+02	8.700000e+02	9.000000e+02	0.000000e+00	0.000000e+00	0.000000e+00
1.800000e+02	2.100000e+02	0.000000e+00	3.000000e+01	2.005486e-06	8.836271e-07	8.836271e-07
1.800000e+02	2.100000e+02	3.000000e+01	6.000000e+01	2.934851e-06	1.047918e-06	1.047918e-06
1.800000e+02	2.100000e+02	6.000000e+01	9.000000e+01	1.315239e-06	6.848540e-07	6.848540e-07
1.800000e+02	2.100000e+02	9.000000e+01	1.200000e+02	2.239610e-06	8.855165e-07	8.855165e-07
1.800000e+02	2.100000e+02	1.200000e+02	1.500000e+02	4.714452e-06	1.313698e-06	1.313698e-06
1.800000e+02	2.100000e+02	1.500000e+02	1.800000e+02	4.772741e-06	1.313814e-06	1.313814e-06
1.800000e+02	2.100000e+02	1.800000e+02	2.100000e+02	1.034341e-05	1.978464e-06	1.978464e-06
1.800000e+02	2.100000e+02	2.100000e+02	2.400000e+02	0.000000e+00	0.000000e+00	0.000000e+00
1.800000e+02	2.100000e+02	2.400000e+02	2.700000e+02	0.000000e+00	0.000000e+00	0.000000e+00
1.800000e+02	2.100000e+02	2.700000e+02	3.000000e+02	0.000000e+00	0.000000e+00	0.000000e+00
1.800000e+02	2.100000e+02	3.000000e+02	3.300000e+02	0.000000e+00	0.000000e+00	0.000000e+00
1.800000e+02	2.100000e+02	3.300000e+02	3.600000e+02	0.000000e+00	0.000000e+00	0.000000e+00
1.800000e+02	2.100000e+02	3.600000e+02	3.900000e+02	0.000000e+00	0.000000e+00	0.000000e+00
1.800000e+02	2.100000e+02	3.900000e+02	4.200000e+02	0.000000e+00	0.000000e+00	0.000000e+00
1.800000e+02	2.100000e+02	4.200000e+02	4.500000e+02	0.000000e+00	0.000000e+00	0.000000e+00
1.800000e+02	2.100000e+02	4.500000e+02	4.800000e+02	0.000000e+00	0.000000e+00	0.000000e+00
1.800000e+02	2.100000e+02	4.800000e+02	5.100000e+02	0.000000e+00	0.000000e+00	0.000000e+00
1.800000e+02	2.100000e+02	5.100000e+02	5.400000e+02	0.000000e+00	0.000000e+00	0.000000e+00
1.800000e+02	2.100000e+02	5.400000e+02	5.700000e+02	0.000000e+00	0.000000e+00	0.000000e+00
1.800000e+02	2.100000e+02	5.700000e+02	6.000000e+02	0.000000e+00	0.000000e+00	0.000000e+00
1.800000e+02	2.100000e+02	6.000000e+02	6.300000e+02	0.000000e+00	0.000000e+00	0.000000e+00
1.800000e+02	2.100000e+02	6.300000e+02	6.600000e+02	0.000000e+00	0.000000e+00	0.000000e+00
1.800000e+02	2.100000e+02	6.600000e+02	6.900000e+02	0.000000e+00	0.000000e+00	0.000000e+00
1.800000e+02	2.100000e+02	6.900000e+02	7.200000e+02	0.000000e+00	0.000000e+00	0.000000e+00
1.800000e+02	2.100000e+02	7.200000e+02	7.500000e+02	0.000000e+00	0.000000e+00	0.000000e+00
1.800000e+02	2.100000e+02	7.500000e+02	7.800000e+02	0.000000e+00	0.000000e+00	0.000000e+00
1.800000e+02	2.100000e+02	7.800000e+02	8.100000e+02	0.000000e+00	0.000000e+00	0.000000e+00
1.800000e+02	2.100000e+02	8.100000e+02	8.400000e+02	0.000000e+00	0.000000e+00	0.000000e+00
1.800000e+02	2.100000e+02	8.400000e+02	8.700000e+02	0.000000e+00	0.000000e+00	0.000000e+00
1.800000e+02	2.100000e+02	8.700000e+02	9.000000e+02	0.000000e+00	0.000000e+00	0.000000e+00
2.100000e+02	2.400000e+02	0.000000e+00	3.000000e+01	6.036098e-06	1.530519e-06	1.530519e-06
2.100000e+02	2.400000e+02	3.000000e+01	6.000000e+01	7.416598e-06	1.677506e-06	1.677506e-06
2.100000e+02	2.400000e+02	6.000000e+01	9.000000e+01	7.977183e-06	1.726194e-06	1.726194e-06
2.100000e+02	2.400000e+02	9.000000e+01	1.200000e+02	8.210588e-06	1.725247e-06	1.725247e-06
2.100000e+02	2.400000e+02	1.200000e+02	1.500000e+02	2.373414e-05	2.987860e-06	2.987860e-06
2.100000e+02	2.400000e+02	1.500000e+02	1.800000e+02	3.028030e-05	3.380628e-06	3.380628e-06
2.100000e+02	2.400000e+02	1.800000e+02	2.100000e+02	5.939408e-05	4.777357e-06	4.777357e-06
2.100000e+02	2.400000e+02	2.100000e+02	2.400000e+02	3.345100e-05	3.600585e-06	3.600585e-06
2.100000e+02	2.400000e+02	2.400000e+02	2.700000e+02	0.000000e+00	0.000000e+00	0.000000e+00
2.100000e+02	2.400000e+02	2.700000e+02	3.000000e+02	0.000000e+00	0.000000e+00	0.000000e+00
2.100000e+02	2.400000e+02	3.000000e+02	3.300000e+02	0.000000e+00	0.000000e+00	0.000000e+00
2.100000e+02	2.400000e+02	3.300000e+02	3.600000e+02	0.000000e+00	0.000000e+00	0.000000e+00
2.100000e+02	2.400000e+02	3.600000e+02	3.900000e+02	0.000000e+00	0.000000e+00	0.000000e+00
2.100000e+02	2.400000e+02	3.900000e+02	4.200000e+02	0.000000e+00	0.000000e+00	0.000000e+00
2.100000e+02	2.400000e+02	4.200000e+02	4.500000e+02	0.000000e+00	0.000000e+00	0.000000e+00
2.100000e+02	2.400000e+02	4.500000e+02	4.800000e+02	0.000000e+00	0.000000e+00	0.000000e+00
2.100000e+02	2.400000e+02	4.800000e+02	5.100000e+02	0.000000e+00	0.000000e+00	0.000000e+00
2.100000e+02	2.400000e+02	5.100000e+02	5.400000e+02	0.000000e+00	0.000000e+00	0.000000e+00
2.100000e+02	2.400000e+02	5.400000e+02	5.700000e+02	0.000000e+00	0.000000e+00	0.000000e+00
2.100000e+02	2.400000e+02	5.700000e+02	6.000000e+02	0.000000e+00	0.000000e+00	0.000000e+00
2.100000e+02	2.400000e+02	6.000000e+02	6.300000e+02	0.000000e+00	0.000000e+00	0.000000e+00
2.100000e+02	2.400000e+02	6.300000e+02	6.600000e+02	0.000000e+00	0.000000e+00	0.000000e+00
2.100000e+02	2.400000e+02	6.600000e+02	6.900000e+02	0.000000e+00	0.000000e+00	0.000000e+00
2.100000e+02	2.400000e+02	6.900000e+02	7.200000e+02	0.000000e+00	0.000000e+00	0.000000e+00
2.100000e+02	2.400000e+02	7.200000e+02	7.500000e+02	0.000000e+00	0.000000e+00	0.000000e+00
2.100000e+02	2.400000e+02	7.500000e+02	7.800000e+02	0.000000e+00	0.000000e+00	0.000000e+00
2.100000e+02	2.400000e+02	7.800000e+02	8.100000e+02	0.000000e+00	0.000000e+00	0.000000e+00
2.100000e+02	2.400000e+02	8.100000e+02	8.400000e+02	0.000000e+00	0.000000e+00	0.000000e+00
2.100000e+02	2.400000e+02	8.400000e+02	8.700000e+02	0.000000e+00	0.000000e+00	0.000000e+00
2.100000e+02	2.400000e+02	8.700000e+02	9.000000e+02	0.000000e+00	0.000000e+00	0.000000e+00
2.400000e+02	2.700000e+02	0.000000e+00	3.000000e+01	5.617558e-06	1.478597e-06	1.478597e-06
2.400000e+02	2.700000e+02	3.000000e+01	6.000000e+01	7.043864e-06	1.631689e-06	1.631689e-06
2.400000e+02	2.700000e+02	6.000000e+01	9.000000e+01	1.320374e-05	2.238280e-06	2.238280e-06
2.400000e+02	2.700000e+02	9.000000e+01	1.200000e+02	1.536373e-05	2.407000e-06	2.407000e-06
2.400000e+02	2.700000e+02	1.200000e+02	1.500000e+02	2.009804e-05	2.768163e-06	2.768163e-06
2.400000e+02	2.700000e+02	1.500000e+02	1.800000e+02	3.565441e-05	3.689675e-06	3.689675e-06
2.400000e+02	2.700000e+02	1.800000e+02	2.100000e+02	6.740342e-05	5.109287e-06	5.109287e-06
2.400000e+02	2.700000e+02	2.100000e+02	2.400000e+02	7.645512e-05	5.462092e-06	5.462092e-06
2.400000e+02	2.700000e+02	2.400000e+02	2.700000e+02	3.690648e-05	3.791789e-06	3.791789e-06
2.400000e+02	2.700000e+02	2.700000e+02	3.000000e+02	0.000000e+00	0.000000e+00	0.000000e+00
2.400000e+02	2.700000e+02	3.000000e+02	3.300000e+02	0.000000e+00	0.000000e+00	0.000000e+00
2.400000e+02	2.700000e+02	3.300000e+02	3.600000e+02	0.000000e+00	0.000000e+00	0.000000e+00
2.400000e+02	2.700000e+02	3.600000e+02	3.900000e+02	0.000000e+00	0.000000e+00	0.000000e+00
2.400000e+02	2.700000e+02	3.900000e+02	4.200000e+02	0.000000e+00	0.000000e+00	0.000000e+00
2.400000e+02	2.700000e+02	4.200000e+02	4.500000e+02	0.000000e+00	0.000000e+00	0.000000e+00
2.400000e+02	2.700000e+02	4.500000e+02	4.800000e+02	0.000000e+00	0.000000e+00	0.000000e+00
2.400000e+02	2.700000e+02	4.800000e+02	5.100000e+02	0.000000e+00	0.000000e+00	0.000000e+00
2.400000e+02	2.700000e+02	5.100000e+02	5.400000e+02	0.000000e+00	0.000000e+00	0.000000e+00
2.400000e+02	2.700000e+02	5.400000e+02	5.700000e+02	0.000000e+00	0.000000e+00	0.000000e+00
2.400000e+02	2.700000e+02	5.700000e+02	6.000000e+02	0.000000e+00	0.000000e+00	0.000000e+00
2.400000e+02	2.700000e+02	6.000000e+02	6.300000e+02	0.000000e+00	0.000000e+00	0.000000e+00
2.400000e+02	2.700000e+02	6.300000e+02	6.600000e+02	0.000000e+00	0.000000e+00	0.000000e+00
2.400000e+02	2.700000e+02	6.600000e+02	6.900000e+02	0.000000e+00	0.000000e+00	0.000000e+00
2.400000e+02	2.700000e+02	6.900000e+02	7.200000e+02	0.000000e+00	0.000000e+00	0.000000e+00
2.400000e+02	2.700000e+02	7.200000e+02	7.500000e+02	0.000000e+00	0.000000e+00	0.000000e+00
2.400000e+02	2.700000e+02	7.500000e+02	7.800000e+02	0.000000e+00	0.000000e+00	0.000000e+00
2.400000e+02	2.700000e+02	7.800000e+02	8.100000e+02	0.000000e+00	0.000000e+00	0.000000e+00
2.400000e+02	2.700000e+02	8.100000e+02	8.400000e+02	0.000000e+00	0.000000e+00	0.000000e+00
2.400000e+02	2.700000e+02	8.400000e+02	8.700000e+02	0.000000e+00	0.000000e+00	0.000000e+00
2.400000e+02	2.700000e+02	8.700000e+02	9.000000e+02	0.000000e+00	0.000000e+00	0.000000e+00
2.700000e+02	3.000000e+02	0.000000e+00	3.000000e+01	2.895277e-06	1.046776e-06	1.046776e-06
2.700000e+02	3.000000e+02	3.000000e+01	6.000000e+01	6.869276e-06	1.629404e-06	1.629404e-06
2.700000e+02	3.000000e+02	6.000000e+01	9.000000e+01	7.048143e-06	1.631016e-06	1.631016e-06
2.700000e+02	3.000000e+02	9.000000e+01	1.200000e+02	1.029891e-05	1.976739e-06	1.976739e-06
2.700000e+02	3.000000e+02	1.200000e+02	1.500000e+02	1.444109e-05	2.340156e-06	2.340156e-06
2.700000e+02	3.000000e+02	1.500000e+02	1.800000e+02	3.022674e-05	3.423334e-06	3.423334e-06
2.700000e+02	3.000000e+02	1.800000e+02	2.100000e+02	3.287924e-05	3.558957e-06	3.558957e-06
2.700000e+02	3.000000e+02	2.100000e+02	2.400000e+02	3.878708e-05	3.874304e-06	3.874304e-06
2.700000e+02	3.000000e+02	2.400000e+02	2.700000e+02	4.696519e-05	4.276236e-06	4.276236e-06
2.700000e+02	3.000000e+02	2.700000e+02	3.000000e+02	2.038838e-05	2.822795e-06	2.822795e-06
2.700000e+02	3.000000e+02	3.000000e+02	3.300000e+02	0.000000e+00	0.000000e+00	0.000000e+00
2.700000e+02	3.000000e+02	3.300000e+02	3.600000e+02	0.000000e+00	0.000000e+00	0.000000e+00
2.700000e+02	3.000000e+02	3.600000e+02	3.900000e+02	0.000000e+00	0.000000e+00	0.000000e+00
2.700000e+02	3.000000e+02	3.900000e+02	4.200000e+02	0.000000e+00	0.000000e+00	0.000000e+00
2.700000e+02	3.000000e+02	4.200000e+02	4.500000e+02	0.000000e+00	0.000000e+00	0.000000e+00
2.700000e+02	3.000000e+02	4.500000e+02	4.800000e+02	0.000000e+00	0.000000e+00	0.000000e+00
2.700000e+02	3.000000e+02	4.800000e+02	5.100000e+02	0.000000e+00	0.000000e+00	0.000000e+00
2.700000e+02	3.000000e+02	5.100000e+02	5.400000e+02	0.000000e+00	0.000000e+00	0.000000e+00
2.700000e+02	3.000000e+02	5.400000e+02	5.700000e+02	0.000000e+00	0.000000e+00	0.000000e+00
2.700000e+02	3.000000e+02	5.700000e+02	6.000000e+02	0.000000e+00	0.000000e+00	0.000000e+00
2.700000e+02	3.000000e+02	6.000000e+02	6.300000e+02	0.000000e+00	0.000000e+00	0.000000e+00
2.700000e+02	3.000000e+02	6.300000e+02	6.600000e+02	0.000000e+00	0.000000e+00	0.000000e+00
2.700000e+02	3.000000e+02	6.600000e+02	6.900000e+02	0.000000e+00	0.000000e+00	0.000000e+00
2.700000e+02	3.000000e+02	6.900000e+02	7.200000e+02	0.000000e+00	0.000000e+00	0.000000e+00
2.700000e+02	3.000000e+02	7.200000e+02	7.500000e+02	0.000000e+00	0.000000e+00	0.000000e+00
2.700000e+02	3.000000e+02	7.500000e+02	7.800000e+02	0.000000e+00	0.000000e+00	0.000000e+00
2.700000e+02	3.000000e+02	7.800000e+02	8.100000e+02	0.000000e+00	0.000000e+00	0.000000e+00
2.700000e+02	3.000000e+02	8.100000e+02	8.400000e+02	0.000000e+00	0.000000e+00	0.000000e+00
2.700000e+02	3.000000e+02	8.400000e+02	8.700000e+02	0.000000e+00	0.000000e+00	0.000000e+00
2.700000e+02	3.000000e+02	8.700000e+02	9.000000e+02	0.000000e+00	0.000000e+00	0.000000e+00
3.000000e+02	3.300000e+02	0.000000e+00	3.000000e+01	1.215783e-06	6.844977e-07	6.844977e-07
3.000000e+02	3.300000e+02	3.000000e+01	6.000000e+01	4.140192e-06	1.251647e-06	1.251647e-06
3.000000e+02	3.300000e+02	6.000000e+01	9.000000e+01	4.201007e-06	1.251769e-06	1.251769e-06
3.000000e+02	3.300000e+02	9.000000e+01	1.200000e+02	8.946930e-06	1.854858e-06	1.854858e-06
3.000000e+02	3.300000e+02	1.200000e+02	1.500000e+02	1.128481e-05	2.091629e-06	2.091629e-06
3.000000e+02	3.300000e+02	1.500000e+02	1.800000e+02	1.130650e-05	2.091653e-06	2.091653e-06
3.000000e+02	3.300000e+02	1.800000e+02	2.100000e+02	2.035939e-05	2.796893e-06	2.796893e-06
3.000000e+02	3.300000e+02	2.100000e+02	2.400000e+02	2.484308e-05	3.112257e-06	3.112257e-06
3.000000e+02	3.300000e+02	2.400000e+02	2.700000e+02	2.360674e-05	3.036032e-06	3.036032e-06
3.000000e+02	3.300000e+02	2.700000e+02	3.000000e+02	2.798980e-05	3.307156e-06	3.307156e-06
3.000000e+02	3.300000e+02	3.000000e+02	3.300000e+02	1.353793e-05	2.304114e-06	2.304114e-06
3.000000e+02	3.300000e+02	3.300000e+02	3.600000e+02	0.000000e+00	0.000000e+00	0.000000e+00
3.000000e+02	3.300000e+02	3.600000e+02	3.900000e+02	0.000000e+00	0.000000e+00	0.000000e+00
3.000000e+02	3.300000e+02	3.900000e+02	4.200000e+02	0.000000e+00	0.000000e+00	0.000000e+00
3.000000e+02	3.300000e+02	4.200000e+02	4.500000e+02	0.000000e+00	0.000000e+00	0.000000e+00
3.000000e+02	3.300000e+02	4.500000e+02	4.800000e+02	0.000000e+00	0.000000e+00	0.000000e+00
3.000000e+02	3.300000e+02	4.800000e+02	5.100000e+02	0.000000e+00	0.000000e+00	0.000000e+00
3.000000e+02	3.300000e+02	5.100000e+02	5.400000e+02	0.000000e+00	0.000000e+00	0.000000e+00
3.000000e+02	3.300000e+02	5.400000e+02	5.700000e+02	0.000000e+00	0.000000e+00	0.000000e+00
3.000000e+02	3.300000e+02	5.700000e+02	6.000000e+02	0.000000e+00	0.000000e+00	0.000000e+00
3.000000e+02	3.300000e+02	6.000000e+02	6.300000e+02	0.000000e+00	0.000000e+00	0.000000e+00
3.000000e+02	3.300000e+02	6.300000e+02	6.600000e+02	0.000000e+00	0.000000e+00	0.000000e+00
3.000000e+02	3.300000e+02	6.600000e+02	6.900000e+02	0.000000e+00	0.000000e+00	0.000000e+00
3.000000e+02	3.300000e+02	6.900000e+02	7.200000e+02	0.000000e+00	0.000000e+00	0.000000e+00
3.000000e+02	3.300000e+02	7.200000e+02	7.500000e+02	0.000000e+00	0.000000e+00	0.000000e+00
3.000000e+02	3.300000e+02	7.500000e+02	7.800000e+02	0.000000e+00	0.000000e+00	0.000000e+00
3.000000e+02	3.300000e+02	7.800000e+02	8.100000e+02	0.000000e+00	0.000000e+00	0.000000e+00
3.000000e+02	3.300000e+02	8.100000e+02	8.400000e+02	0.000000e+00	0.000000e+00	0.000000e+00
3.000000e+02	3.300000e+02	8.400000e+02	8.700000e+02	0.000000e+00	0.000000e+00	0.000000e+00
3.000000e+02	3.300000e+02	8.700000e+02	9.000000e+02	0.000000e+00	0.000000e+00	0.000000e+00
3.300000e+02	3.600000e+02	0.000000e+00	3.000000e+01	1.195347e-06	6.844260e-07	6.844260e-07
3.300000e+02	3.600000e+02	3.000000e+01	6.000000e+01	2.114951e-06	8.851720e-07	8.851720e-07
3.300000e+02	3.600000e+02	6.000000e+01	9.000000e+01	2.065567e-06	8.837930e-07	8.837930e-07
3.300000e+02	3.600000e+02	9.000000e+01	1.200000e+02	3.341900e-06	1.118980e-06	1.118980e-06
3.300000e+02	3.600000e+02	1.200000e+02	1.500000e+02	8.177722e-06	1.769331e-06	1.769331e-06
3.300000e+02	3.600000e+02	1.500000e+02	1.800000e+02	7.741238e-06	1.723953e-06	1.723953e-06
3.300000e+02	3.600000e+02	1.800000e+02	2.100000e+02	1.406248e-05	2.338821e-06	2.338821e-06
3.300000e+02	3.600000e+02	2.100000e+02	2.400000e+02	1.128820e-05	2.092158e-06	2.092158e-06
3.300000e+02	3.600000e+02	2.400000e+02	2.700000e+02	1.449528e-05	2.372465e-06	2.372465e-06
3.300000e+02	3.600000e+02	2.700000e+02	3.000000e+02	9.589543e-06	1.935881e-06	1.935881e-06
3.300000e+02	3.600000e+02	3.000000e+02	3.300000e+02	1.476712e-05	2.403648e-06	2.403648e-06
3.300000e+02	3.600000e+02	3.300000e+02	3.600000e+02	6.762948e-06	1.629242e-06	1.629242e-06
3.300000e+02	3.600000e+02	3.600000e+02	3.900000e+02	0.000000e+00	0.000000e+00	0.000000e+00
3.300000e+02	3.600000e+02	3.900000e+02	4.200000e+02	0.000000e+00	0.000000e+00	0.000000e+00
3.300000e+02	3.600000e+02	4.200000e+02	4.500000e+02	0.000000e+00	0.000000e+00	0.000000e+00
3.300000e+02	3.600000e+02	4.500000e+02	4.800000e+02	0.000000e+00	0.000000e+00	0.000000e+00
3.300000e+02	3.600000e+02	4.800000e+02	5.100000e+02	0.000000e+00	0.000000e+00	0.000000e+00
3.300000e+02	3.600000e+02	5.100000e+02	5.400000e+02	0.000000e+00	0.000000e+00	0.000000e+00
3.300000e+02	3.600000e+02	5.400000e+02	5.700000e+02	0.000000e+00	0.000000e+00	0.000000e+00
3.300000e+02	3.600000e+02	5.700000e+02	6.000000e+02	0.000000e+00	0.000000e+00	0.000000e+00
3.300000e+02	3.600000e+02	6.000000e+02	6.300000e+02	0.000000e+00	0.000000e+00	0.000000e+00
3.300000e+02	3.600000e+02	6.300000e+02	6.600000e+02	0.000000e+00	0.000000e+00	0.000000e+00
3.300000e+02	3.600000e+02	6.600000e+02	6.900000e+02	0.000000e+00	0.000000e+00	0.000000e+00
3.300000e+02	3.600000e+02	6.900000e+02	7.200000e+02	0.000000e+00	0.000000e+00	0.000000e+00
3.300000e+02	3.600000e+02	7.200000e+02	7.500000e+02	0.000000e+00	0.000000e+00	0.000000e+00
3.300000e+02	3.600000e+02	7.500000e+02	7.800000e+02	0.000000e+00	0.000000e+00	0.000000e+00
3.300000e+02	3.600000e+02	7.800000e+02	8.100000e+02	0.000000e+00	0.000000e+00	0.000000e+00
3.300000e+02	3.600000e+02	8.100000e+02	8.400000e+02	0.000000e+00	0.000000e+00	0.000000e+00
3.300000e+02	3.600000e+02	8.400000e+02	8.700000e+02	0.000000e+00	0.000000e+00	0.000000e+00
3.300000e+02	3.600000e+02	8.700000e+02	9.000000e+02	0.000000e+00	0.000000e+00	0.000000e+00
3.600000e+02	3.900000e+02	0.000000e+00	3.000000e+01	7.953903e-07	5.588243e-07	5.588243e-07
3.600000e+02	3.900000e+02	3.000000e+01	6.000000e+01	3.994624e-08	1.397101e-08	1.397101e-08
3.600000e+02	3.900000e+02	6.000000e+01	9.000000e+01	1.768606e-06	7.950057e-07	7.950057e-07
3.600000e+02	3.900000e+02	9.000000e+01	1.200000e+02	2.430201e-06	9.680255e-07	9.680255e-07
3.600000e+02	3.900000e+02	1.200000e+02	1.500000e+02	4.891076e-06	1.369850e-06	1.369850e-06
3.600000e+02	3.900000e+02	1.500000e+02	1.800000e+02	8.775110e-06	1.853444e-06	1.853444e-06
3.600000e+02	3.900000e+02	1.800000e+02	2.100000e+02	6.921257e-06	1.630829e-06	1.630829e-06
3.600000e+02	3.900000e+02	2.100000e+02	2.400000e+02	9.165420e-06	1.895088e-06	1.895088e-06
3.600000e+02	3.900000e+02	2.400000e+02	2.700000e+02	5.602579e-06	1.478570e-06	1.478570e-06
3.600000e+02	3.900000e+02	2.700000e+02	3.000000e+02	6.771283e-06	1.629255e-06	1.629255e-06
3.600000e+02	3.900000e+02	3.000000e+02	3.300000e+02	1.199416e-05	2.165405e-06	2.165405e-06
3.600000e+02	3.900000e+02	3.300000e+02	3.600000e+02	1.034984e-05	2.014886e-06	2.014886e-06
3.600000e+02	3.900000e+02	3.600000e+02	3.900000e+02	8.777394e-06	1.854042e-06	1.854042e-06
3.600000e+02	3.900000e+02	3.900000e+02	4.200000e+02	0.000000e+00	0.000000e+00	0.000000e+00
3.600000e+02	3.900000e+02	4.200000e+02	4.500000e+02	0.000000e+00	0.000000e+00	0.000000e+00
3.600000e+02	3.900000e+02	4.500000e+02	4.800000e+02	0.000000e+00	0.000000e+00	0.000000e+00
3.600000e+02	3.900000e+02	4.800000e+02	5.100000e+02	0.000000e+00	0.000000e+00	0.000000e+00
3.600000e+02	3.900000e+02	5.100000e+02	5.400000e+02	0.000000e+00	0.000000e+00	0.000000e+00
3.600000e+02	3.900000e+02	5.400000e+02	5.700000e+02	0.000000e+00	0.000000e+00	0.000000e+00
3.600000e+02	3.900000e+02	5.700000e+02	6.000000e+02	0.000000e+00	0.000000e+00	0.000000e+00
3.600000e+02	3.900000e+02	6.000000e+02	6.300000e+02	0.000000e+00	0.000000e+00	0.000000e+00
3.600000e+02	3.900000e+02	6.300000e+02	6.600000e+02	0.000000e+00	0.000000e+00	0.000000e+00
3.600000e+02	3.900000e+02	6.600000e+02	6.900000e+02	0.000000e+00	0.000000e+00	0.000000e+00
3.600000e+02	3.900000e+02	6.900000e+02	7.200000e+02	0.000000e+00	0.000000e+00	0.000000e+00
3.600000e+02	3.900000e+02	7.200000e+02	7.500000e+02	0.000000e+00	0.000000e+00	0.000000e+00
3.600000e+02	3.900000e+02	7.500000e+02	7.800000e+02	0.000000e+00	0.000000e+00	0.000000e+00
3.600000e+02	3.900000e+02	7.800000e+02	8.100000e+02	0.000000e+00	0.000000e+00	0.000000e+00
3.600000e+02	3.900000e+02	8.100000e+02	8.400000e+02	0.000000e+00	0.000000e+00	0.000000e+00
3.600000e+02	3.900000e+02	8.400000e+02	8.700000e+02	0.000000e+00	0.000000e+00	0.000000e+00
3.600000e+02	3.900000e+02	8.700000e+02	9.000000e+02	0.000000e+00	0.000000e+00	0.000000e+00
3.900000e+02	4.200000e+02	0.000000e+00	3.000000e+01	9.940064e-09	6.985304e-09	6.985304e-09
3.900000e+02	4.200000e+02	3.000000e+01	6.000000e+01	1.590596e-06	7.902969e-07	7.902969e-07
3.900000e+02	4.200000e+02	6.000000e+01	9.000000e+01	4.595984e-07	3.955342e-07	3.955342e-07
3.900000e+02	4.200000e+02	9.000000e+01	1.200000e+02	8.355211e-07	5.589992e-07	5.589992e-07
3.900000e+02	4.200000e+02	1.200000e+02	1.500000e+02	4.411360e-06	1.310629e-06	1.310629e-06
3.900000e+02	4.200000e+02	1.500000e+02	1.800000e+02	4.063388e-06	1.250614e-06	1.250614e-06
3.900000e+02	4.200000e+02	1.800000e+02	2.100000e+02	4.056473e-06	1.250603e-06	1.250603e-06
3.900000e+02	4.200000e+02	2.100000e+02	2.400000e+02	4.767158e-06	1.368825e-06	1.368825e-06
3.900000e+02	4.200000e+02	2.400000e+02	2.700000e+02	2.428339e-06	9.680204e-07	9.680204e-07
3.900000e+02	4.200000e+02	2.700000e+02	3.000000e+02	5.627027e-06	1.479351e-06	1.479351e-06
3.900000e+02	4.200000e+02	3.000000e+02	3.300000e+02	5.193168e-06	1.424767e-06	1.424767e-06
3.900000e+02	4.200000e+02	3.300000e+02	3.600000e+02	6.764371e-06	1.629243e-06	1.629243e-06
3.900000e+02	4.200000e+02	3.600000e+02	3.900000e+02	6.785362e-06	1.629277e-06	1.629277e-06
3.900000e+02	4.200000e+02	3.900000e+02	4.200000e+02	5.596568e-06	1.479302e-06	1.479302e-06
3.900000e+02	4.200000e+02	4.200000e+02	4.500000e+02	0.000000e+00	0.000000e+00	0.000000e+00
3.900000e+02	4.200000e+02	4.500000e+02	4.800000e+02	0.000000e+00	0.000000e+00	0.000000e+00
3.900000e+02	4.200000e+02	4.800000e+02	5.100000e+02	0.000000e+00	0.000000e+00	0.000000e+00
3.900000e+02	4.200000e+02	5.100000e+02	5.400000e+02	0.000000e+00	0.000000e+00	0.000000e+00
3.900000e+02	4.200000e+02	5.400000e+02	5.700000e+02	0.000000e+00	0.000000e+00	0.000000e+00
3.900000e+02	4.200000e+02	5.700000e+02	6.000000e+02	0.000000e+00	0.000000e+00	0.000000e+00
3.900000e+02	4.200000e+02	6.000000e+02	6.300000e+02	0.000000e+00	0.000000e+00	0.000000e+00
3.900000e+02	4.200000e+02	6.300000e+02	6.600000e+02	0.000000e+00	0.000000e+00	0.000000e+00
3.900000e+02	4.200000e+02	6.600000e+02	6.900000e+02	0.000000e+00	0.000000e+00	0.000000e+00
3.900000e+02	4.200000e+02	6.900000e+02	7.200000e+02	0.000000e+00	0.000000e+00	0.000000e+00
3.900000e+02	4.200000e+02	7.200000e+02	7.500000e+02	0.000000e+00	0.000000e+00	0.000000e+00
3.900000e+02	4.200000e+02	7.500000e+02	7.800000e+02	0.000000e+00	0.000000e+00	0.000000e+00
3.900000e+02	4.200000e+02	7.800000e+02	8.100000e+02	0.000000e+00	0.000000e+00	0.000000e+00
3.900000e+02	4.200000e+02	8.100000e+02	8.400000e+02	0.000000e+00	0.000000e+00	0.000000e+00
3.900000e+02	4.200000e+02	8.400000e+02	8.700000e+02	0.000000e+00	0.000000e+00	0.000000e+00
3.900000e+02	4.200000e+02	8.700000e+02	9.000000e+02	0.000000e+00	0.000000e+00	0.000000e+00
4.200000e+02	4.500000e+02	0.000000e+00	3.000000e+01	4.111861e-07	3.952430e-07	3.952430e-07
4.200000e+02	4.500000e+02	3.000000e+01	6.000000e+01	4.100122e-07	3.952257e-07	3.952257e-07
4.200000e+02	4.500000e+02	6.000000e+01	9.000000e+01	4.794161e-07	3.984224e-07	3.984224e-07
4.200000e+02	4.500000e+02	9.000000e+01	1.200000e+02	2.786491e-06	1.045471e-06	1.045471e-06
4.200000e+02	4.500000e+02	1.200000e+02	1.500000e+02	2.470631e-06	9.692597e-07	9.692597e-07
4.200000e+02	4.500000e+02	1.500000e+02	1.800000e+02	2.020489e-06	8.836685e-07	8.836685e-07
4.200000e+02	4.500000e+02	1.800000e+02	2.100000e+02	2.002274e-06	8.836211e-07	8.836211e-07
4.200000e+02	4.500000e+02	2.100000e+02	2.400000e+02	4.777656e-06	1.368843e-06	1.368843e-06
4.200000e+02	4.500000e+02	2.400000e+02	2.700000e+02	1.277208e-06	6.863137e-07	6.863137e-07
4.200000e+02	4.500000e+02	2.700000e+02	3.000000e+02	8.573167e-07	5.610592e-07	5.610592e-07
4.200000e+02	4.500000e+02	3.000000e+02	3.300000e+02	1.202687e-06	6.844447e-07	6.844447e-07
4.200000e+02	4.500000e+02	3.300000e+02	3.600000e+02	6.359604e-06	1.580591e-06	1.580591e-06
4.200000e+02	4.500000e+02	3.600000e+02	3.900000e+02	4.016404e-06	1.250525e-06	1.250525e-06
4.200000e+02	4.500000e+02	3.900000e+02	4.200000e+02	7.199392e-06	1.677190e-06	1.677190e-06
4.200000e+02	4.500000e+02	4.200000e+02	4.500000e+02	3.166189e-06	1.117616e-06	1.117616e-06
4.200000e+02	4.500000e+02	4.500000e+02	4.800000e+02	0.000000e+00	0.000000e+00	0.000000e+00
4.200000e+02	4.500000e+02	4.800000e+02	5.100000e+02	0.000000e+00	0.000000e+00	0.000000e+00
4.200000e+02	4.500000e+02	5.100000e+02	5.400000e+02	0.000000e+00	0.000000e+00	0.000000e+00
4.200000e+02	4.500000e+02	5.400000e+02	5.700000e+02	0.000000e+00	0.000000e+00	0.000000e+00
4.200000e+02	4.500000e+02	5.700000e+02	6.000000e+02	0.000000e+00	0.000000e+00	0.000000e+00
4.200000e+02	4.500000e+02	6.000000e+02	6.300000e+02	0.000000e+00	0.000000e+00	0.000000e+00
4.200000e+02	4.500000e+02	6.300000e+02	6.600000e+02	0.000000e+00	0.000000e+00	0.000000e+00
4.200000e+02	4.500000e+02	6.600000e+02	6.900000e+02	0.000000e+00	0.000000e+00	0.000000e+00
4.200000e+02	4.500000e+02	6.900000e+02	7.200000e+02	0.000000e+00	0.000000e+00	0.000000e+00
4.200000e+02	4.500000e+02	7.200000e+02	7.500000e+02	0.000000e+00	0.000000e+00	0.000000e+00
4.200000e+02	4.500000e+02	7.500000e+02	7.800000e+02	0.000000e+00	0.000000e+00	0.000000e+00
4.200000e+02	4.500000e+02	7.800000e+02	8.100000e+02	0.000000e+00	0.000000e+00	0.000000e+00
4.200000e+02	4.500000e+02	8.100000e+02	8.400000e+02	0.000000e+00	0.000000e+00	0.000000e+00
4.200000e+02	4.500000e+02	8.400000e+02	8.700000e+02	0.000000e+00	0.000000e+00	0.000000e+00
4.200000e+02	4.500000e+02	8.700000e+02	9.000000e+02	0.000000e+00	0.000000e+00	0.000000e+00
4.500000e+02	4.800000e+02	0.000000e+00	3.000000e+01	4.000721e-07	3.951638e-07	3.951638e-07
4.500000e+02	4.800000e+02	3.000000e+01	6.000000e+01	4.446489e-07	3.982080e-07	3.982080e-07
4.500000e+02	4.800000e+02	6.000000e+01	9.000000e+01	1.196018e-06	6.844263e-07	6.844263e-07
4.500000e+02	4.800000e+02	9.000000e+01	1.200000e+02	4.200148e-07	3.952874e-07	3.952874e-07
4.500000e+02	4.800000e+02	1.200000e+02	1.500000e+02	7.904513e-07	5.588025e-07	5.588025e-07
4.500000e+02	4.800000e+02	1.500000e+02	1.800000e+02	2.401367e-06	9.679500e-07	9.679500e-07
4.500000e+02	4.800000e+02	1.800000e+02	2.100000e+02	1.314002e-06	6.880521e-07	6.880521e-07
4.500000e+02	4.800000e+02	2.100000e+02	2.400000e+02	2.411857e-06	9.679754e-07	9.679754e-07
4.500000e+02	4.800000e+02	2.400000e+02	2.700000e+02	1.191266e-06	6.844085e-07	6.844085e-07
4.500000e+02	4.800000e+02	2.700000e+02	3.000000e+02	1.191397e-06	6.844085e-07	6.844085e-07
4.500000e+02	4.800000e+02	3.000000e+02	3.300000e+02	2.047600e-06	8.849871e-07	8.849871e-07
4.500000e+02	4.800000e+02	3.300000e+02	3.600000e+02	2.430386e-06	9.691589e-07	9.691589e-07
4.500000e+02	4.800000e+02	3.600000e+02	3.900000e+02	1.606958e-06	7.903437e-07	7.903437e-07
4.500000e+02	4.800000e+02	3.900000e+02	4.200000e+02	2.466988e-06	9.692542e-07	9.692542e-07
4.500000e+02	4.800000e+02	4.200000e+02	4.500000e+02	5.573784e-06	1.478523e-06	1.478523e-06
4.500000e+02	4.800000e+02	4.500000e+02	4.800000e+02	2.000732e-06	8.836133e-07	8.836133e-07
4.500000e+02	4.800000e+02	4.800000e+02	5.100000e+02	0.000000e+00	0.000000e+00	0.000000e+00
4.500000e+02	4.800000e+02	5.100000e+02	5.400000e+02	0.000000e+00	0.000000e+00	0.000000e+00
4.500000e+02	4.800000e+02	5.400000e+02	5.700000e+02	0.000000e+00	0.000000e+00	0.000000e+00
4.500000e+02	4.800000e+02	5.700000e+02	6.000000e+02	0.000000e+00	0.000000e+00	0.000000e+00
4.500000e+02	4.800000e+02	6.000000e+02	6.300000e+02	0.000000e+00	0.000000e+00	0.000000e+00
4.500000e+02	4.800000e+02	6.300000e+02	6.600000e+02	0.000000e+00	0.000000e+00	0.000000e+00
4.500000e+02	4.800000e+02	6.600000e+02	6.900000e+02	0.000000e+00	0.000000e+00	0.000000e+00
4.500000e+02	4.800000e+02	6.900000e+02	7.200000e+02	0.000000e+00	0.000000e+00	0.000000e+00
4.500000e+02	4.800000e+02	7.200000e+02	7.500000e+02	0.000000e+00	0.000000e+00	0.000000e+00
4.500000e+02	4.800000e+02	7.500000e+02	7.800000e+02	0.000000e+00	0.000000e+00	0.000000e+00
4.500000e+02	4.800000e+02	7.800000e+02	8.100000e+02	0.000000e+00	0.000000e+00	0.000000e+00
4.500000e+02	4.800000e+02	8.100000e+02	8.400000e+02	0.000000e+00	0.000000e+00	0.000000e+00
4.500000e+02	4.800000e+02	8.400000e+02	8.700000e+02	0.000000e+00	0.000000e+00	0.000000e+00
4.500000e+02	4.800000e+02	8.700000e+02	9.000000e+02	0.000000e+00	0.000000e+00	0.000000e+00
4.800000e+02	5.100000e+02	0.000000e+00	3.000000e+01	7.903278e-07	5.588024e-07	5.588024e-07
4.800000e+02	5.100000e+02	3.000000e+01	6.000000e+01	4.000721e-07	3.951638e-07	3.951638e-07
4.800000e+02	5.100000e+02	6.000000e+01	9.000000e+01	4.494638e-07	3.982387e-07	3.982387e-07
4.800000e+02	5.100000e+02	9.000000e+01	1.200000e+02	8.002138e-07	5.588461e-07	5.588461e-07
4.800000e+02	5.100000e+02	1.200000e+02	1.500000e+02	4.100740e-07	3.952257e-07	3.952257e-07
4.800000e+02	5.100000e+02	1.500000e+02	1.800000e+02	2.435748e-06	9.691716e-07	9.691716e-07
4.800000e+02	5.100000e+02	1.800000e+02	2.100000e+02	8.104548e-07	5.588898e-07	5.588898e-07
4.800000e+02	5.100000e+02	2.100000e+02	2.400000e+02	1.216770e-06	6.845074e-07	6.845074e-07
4.800000e+02	5.100000e+02	2.400000e+02	2.700000e+02	1.205411e-06	6.844618e-07	6.844618e-07
4.800000e+02	5.100000e+02	2.700000e+02	3.000000e+02	8.208903e-07	5.589337e-07	5.589337e-07
4.800000e+02	5.100000e+02	3.000000e+02	3.300000e+02	1.651041e-06	7.918701e-07	7.918701e-07
4.800000e+02	5.100000e+02	3.300000e+02	3.600000e+02	8.023692e-07	5.588471e-07	5.588471e-07
4.800000e+02	5.100000e+02	3.600000e+02	3.900000e+02	1.241336e-06	6.861887e-07	6.861887e-07
4.800000e+02	5.100000e+02	3.900000e+02	4.200000e+02	2.036602e-06	8.849517e-07	8.849517e-07
4.800000e+02	5.100000e+02	4.200000e+02	4.500000e+02	4.366344e-06	1.310545e-06	1.310545e-06
4.800000e+02	5.100000e+02	4.500000e+02	4.800000e+02	3.241093e-06	1.118761e-06	1.118761e-06
4.800000e+02	5.100000e+02	4.800000e+02	5.100000e+02	2.371540e-06	9.678744e-07	9.678744e-07
4.800000e+02	5.100000e+02	5.100000e+02	5.400000e+02	0.000000e+00	0.000000e+00	0.000000e+00
4.800000e+02	5.100000e+02	5.400000e+02	5.700000e+02	0.000000e+00	0.000000e+00	0.000000e+00
4.800000e+02	5.100000e+02	5.700000e+02	6.000000e+02	0.000000e+00	0.000000e+00	0.000000e+00
4.800000e+02	5.100000e+02	6.000000e+02	6.300000e+02	0.000000e+00	0.000000e+00	0.000000e+00
4.800000e+02	5.100000e+02	6.300000e+02	6.600000e+02	0.000000e+00	0.000000e+00	0.000000e+00
4.800000e+02	5.100000e+02	6.600000e+02	6.900000e+02	0.000000e+00	0.000000e+00	0.000000e+00
4.800000e+02	5.100000e+02	6.900000e+02	7.200000e+02	0.000000e+00	0.000000e+00	0.000000e+00
4.800000e+02	5.100000e+02	7.200000e+02	7.500000e+02	0.000000e+00	0.000000e+00	0.000000e+00
4.800000e+02	5.100000e+02	7.500000e+02	7.800000e+02	0.000000e+00	0.000000e+00	0.000000e+00
4.800000e+02	5.100000e+02	7.800000e+02	8.100000e+02	0.000000e+00	0.000000e+00	0.000000e+00
4.800000e+02	5.100000e+02	8.100000e+02	8.400000e+02	0.000000e+00	0.000000e+00	0.000000e+00
4.800000e+02	5.100000e+02	8.400000e+02	8.700000e+02	0.000000e+00	0.000000e+00	0.000000e+00
4.800000e+02	5.100000e+02	8.700000e+02	9.000000e+02	0.000000e+00	0.000000e+00	0.000000e+00
5.100000e+02	5.400000e+02	0.000000e+00	3.000000e+01	0.000000e+00	0.000000e+00	0.000000e+00
5.100000e+02	5.400000e+02	3.000000e+01	6.000000e+01	1.055823e-08	7.012535e-09	7.012535e-09
5.100000e+02	5.400000e+02	6.000000e+01	9.000000e+01	9.646802e-15	9.646801e-15	9.646801e-15
5.100000e+02	5.400000e+02	9.000000e+01	1.200000e+02	4.099504e-07	3.952257e-07	3.952257e-07
5.100000e+02	5.400000e+02	1.200000e+02	1.500000e+02	4.103217e-07	3.952257e-07	3.952257e-07
5.100000e+02	5.400000e+02	1.500000e+02	1.800000e+02	1.988013e-08	9.878711e-09	9.878711e-09
5.100000e+02	5.400000e+02	1.800000e+02	2.100000e+02	4.056904e-07	3.951952e-07	3.951952e-07
5.100000e+02	5.400000e+02	2.100000e+02	2.400000e+02	1.247448e-06	6.862165e-07	6.862165e-07
5.100000e+02	5.400000e+02	2.400000e+02	2.700000e+02	4.152686e-07	3.952564e-07	3.952564e-07
5.100000e+02	5.400000e+02	2.700000e+02	3.000000e+02	4.150757e-07	3.952564e-07	3.952564e-07
5.100000e+02	5.400000e+02	3.000000e+02	3.300000e+02	8.551010e-07	5.610463e-07	5.610463e-07
5.100000e+02	5.400000e+02	3.300000e+02	3.600000e+02	1.981530e-06	8.835583e-07	8.835583e-07
5.100000e+02	5.400000e+02	3.600000e+02	3.900000e+02	2.375984e-06	9.678868e-07	9.678868e-07
5.100000e+02	5.400000e+02	3.900000e+02	4.200000e+02	1.210466e-06	6.844795e-07	6.844795e-07
5.100000e+02	5.400000e+02	4.200000e+02	4.500000e+02	1.597449e-06	7.903212e-07	7.903212e-07
5.100000e+02	5.400000e+02	4.500000e+02	4.800000e+02	1.601091e-06	7.903280e-07	7.903280e-07
5.100000e+02	5.400000e+02	4.800000e+02	5.100000e+02	3.171143e-06	1.117626e-06	1.117626e-06
5.100000e+02	5.400000e+02	5.100000e+02	5.400000e+02	1.990606e-06	8.835856e-07	8.835856e-07
5.100000e+02	5.400000e+02	5.400000e+02	5.700000e+02	0.000000e+00	0.000000e+00	0.000000e+00
5.100000e+02	5.400000e+02	5.700000e+02	6.000000e+02	0.000000e+00	0.000000e+00	0.000000e+00
5.100000e+02	5.400000e+02	6.000000e+02	6.300000e+02	0.000000e+00	0.000000e+00	0.000000e+00
5.100000e+02	5.400000e+02	6.300000e+02	6.600000e+02	0.000000e+00	0.000000e+00	0.000000e+00
5.100000e+02	5.400000e+02	6.600000e+02	6.900000e+02	0.000000e+00	0.000000e+00	0.000000e+00
5.100000e+02	5.400000e+02	6.900000e+02	7.200000e+02	0.000000e+00	0.000000e+00	0.000000e+00
5.100000e+02	5.400000e+02	7.200000e+02	7.500000e+02	0.000000e+00	0.000000e+00	0.000000e+00
5.100000e+02	5.400000e+02	7.500000e+02	7.800000e+02	0.000000e+00	0.000000e+00	0.000000e+00
5.100000e+02	5.400000e+02	7.800000e+02	8.100000e+02	0.000000e+00	0.000000e+00	0.000000e+00
5.100000e+02	5.400000e+02	8.100000e+02	8.400000e+02	0.000000e+00	0.000000e+00	0.000000e+00
5.100000e+02	5.400000e+02	8.400000e+02	8.700000e+02	0.000000e+00	0.000000e+00	0.000000e+00
5.100000e+02	5.400000e+02	8.700000e+02	9.000000e+02	0.000000e+00	0.000000e+00	0.000000e+00
5.400000e+02	5.700000e+02	0.000000e+00	3.000000e+01	3.951330e-07	3.951330e-07	3.951330e-07
5.400000e+02	5.700000e+02	3.000000e+01	6.000000e+01	4.050731e-07	3.951947e-07	3.951947e-07
5.400000e+02	5.700000e+02	6.000000e+01	9.000000e+01	4.939162e-09	4.939162e-09	4.939162e-09
5.400000e+02	5.700000e+02	9.000000e+01	1.200000e+02	4.939162e-08	4.939162e-08	4.939162e-08
5.400000e+02	5.700000e+02	1.200000e+02	1.500000e+02	4.099512e-07	3.952257e-07	3.952257e-07
5.400000e+02	5.700000e+02	1.500000e+02	1.800000e+02	4.050731e-07	3.951947e-07	3.951947e-07
5.400000e+02	5.700000e+02	1.800000e+02	2.100000e+02	6.173953e-11	6.173953e-11	6.173953e-11
5.400000e+02	5.700000e+02	2.100000e+02	2.400000e+02	1.185461e-06	6.843904e-07	6.843904e-07
5.400000e+02	5.700000e+02	2.400000e+02	2.700000e+02	8.063800e-07	5.588802e-07	5.588802e-07
5.400000e+02	5.700000e+02	2.700000e+02	3.000000e+02	5.089814e-07	4.013507e-07	4.013507e-07
5.400000e+02	5.700000e+02	3.000000e+02	3.300000e+02	8.002763e-07	5.588461e-07	5.588461e-07
5.400000e+02	5.700000e+02	3.300000e+02	3.600000e+02	4.545889e-07	3.982692e-07	3.982692e-07
5.400000e+02	5.700000e+02	3.600000e+02	3.900000e+02	4.208174e-07	3.952878e-07	3.952878e-07
5.400000e+02	5.700000e+02	3.900000e+02	4.200000e+02	1.208436e-06	6.844821e-07	6.844821e-07
5.400000e+02	5.700000e+02	4.200000e+02	4.500000e+02	8.103321e-07	5.588898e-07	5.588898e-07
5.400000e+02	5.700000e+02	4.500000e+02	4.800000e+02	2.771117e-06	1.045435e-06	1.045435e-06
5.400000e+02	5.700000e+02	4.800000e+02	5.100000e+02	8.449371e-07	5.610027e-07	5.610027e-07
5.400000e+02	5.700000e+02	5.100000e+02	5.400000e+02	2.787726e-06	1.045477e-06	1.045477e-06
5.400000e+02	5.700000e+02	5.400000e+02	5.700000e+02	2.830140e-06	1.046625e-06	1.046625e-06
5.400000e+02	5.700000e+02	5.700000e+02	6.000000e+02	0.000000e+00	0.000000e+00	0.000000e+00
5.400000e+02	5.700000e+02	6.000000e+02	6.300000e+02	0.000000e+00	0.000000e+00	0.000000e+00
5.400000e+02	5.700000e+02	6.300000e+02	6.600000e+02	0.000000e+00	0.000000e+00	0.000000e+00
5.400000e+02	5.700000e+02	6.600000e+02	6.900000e+02	0.000000e+00	0.000000e+00	0.000000e+00
5.400000e+02	5.700000e+02	6.900000e+02	7.200000e+02	0.000000e+00	0.000000e+00	0.000000e+00
5.400000e+02	5.700000e+02	7.200000e+02	7.500000e+02	0.000000e+00	0.000000e+00	0.000000e+00
5.400000e+02	5.700000e+02	7.500000e+02	7.800000e+02	0.000000e+00	0.000000e+00	0.000000e+00
5.400000e+02	5.700000e+02	7.800000e+02	8.100000e+02	0.000000e+00	0.000000e+00	0.000000e+00
5.400000e+02	5.700000e+02	8.100000e+02	8.400000e+02	0.000000e+00	0.000000e+00	0.000000e+00
5.400000e+02	5.700000e+02	8.400000e+02	8.700000e+02	0.000000e+00	0.000000e+00	0.000000e+00
5.400000e+02	5.700000e+02	8.700000e+02	9.000000e+02	0.000000e+00	0.000000e+00	0.000000e+00
5.700000e+02	6.000000e+02	0.000000e+00	3.000000e+01	6.174918e-11	6.173954e-11	6.173954e-11
5.700000e+02	6.000000e+02	3.000000e+01	6.000000e+01	3.951948e-07	3.951330e-07	3.951330e-07
5.700000e+02	6.000000e+02	6.000000e+01	9.000000e+01	0.000000e+00	0.000000e+00	0.000000e+00
5.700000e+02	6.000000e+02	9.000000e+01	1.200000e+02	5.001673e-09	4.939548e-09	4.939548e-09
5.700000e+02	6.000000e+02	1.200000e+02	1.500000e+02	4.056287e-07	3.951952e-07	3.951952e-07
5.700000e+02	6.000000e+02	1.500000e+02	1.800000e+02	1.185400e-06	6.843904e-07	6.843904e-07
5.700000e+02	6.000000e+02	1.800000e+02	2.100000e+02	1.595474e-06	7.903123e-07	7.903123e-07
5.700000e+02	6.000000e+02	2.100000e+02	2.400000e+02	8.051460e-07	5.588679e-07	5.588679e-07
5.700000e+02	6.000000e+02	2.400000e+02	2.700000e+02	4.100122e-07	3.952257e-07	3.952257e-07
5.700000e+02	6.000000e+02	2.700000e+02	3.000000e+02	6.519772e-08	5.013105e-08	5.013105e-08
5.700000e+02	6.000000e+02	3.000000e+02	3.300000e+02	8.107712e-07	5.588901e-07	5.588901e-07
5.700000e+02	6.000000e+02	3.300000e+02	3.600000e+02	4.151606e-07	3.952564e-07	3.952564e-07
5.700000e+02	6.000000e+02	3.600000e+02	3.900000e+02	5.818951e-09	4.979346e-09	4.979346e-09
5.700000e+02	6.000000e+02	3.900000e+02	4.200000e+02	8.052086e-07	5.588679e-07	5.588679e-07
5.700000e+02	6.000000e+02	4.200000e+02	4.500000e+02	1.986469e-06	8.835721e-07	8.835721e-07
5.700000e+02	6.000000e+02	4.500000e+02	4.800000e+02	7.954521e-07	5.588243e-07	5.588243e-07
5.700000e+02	6.000000e+02	4.800000e+02	5.100000e+02	2.376726e-06	9.678870e-07	9.678870e-07
5.700000e+02	6.000000e+02	5.100000e+02	5.400000e+02	2.420374e-06	9.691337e-07	9.691337e-07
5.700000e+02	6.000000e+02	5.400000e+02	5.700000e+02	1.980604e-06	8.835580e-07	8.835580e-07
5.700000e+02	6.000000e+02	5.700000e+02	6.000000e+02	7.959460e-07	5.588246e-07	5.588246e-07
5.700000e+02	6.000000e+02	6.000000e+02	6.300000e+02	0.000000e+00	0.000000e+00	0.000000e+00
5.700000e+02	6.000000e+02	6.300000e+02	6.600000e+02	0.000000e+00	0.000000e+00	0.000000e+00
5.700000e+02	6.000000e+02	6.600000e+02	6.900000e+02	0.000000e+00	0.000000e+00	0.000000e+00
5.700000e+02	6.000000e+02	6.900000e+02	7.200000e+02	0.000000e+00	0.000000e+00	0.000000e+00
5.700000e+02	6.000000e+02	7.200000e+02	7.500000e+02	0.000000e+00	0.000000e+00	0.000000e+00
5.700000e+02	6.000000e+02	7.500000e+02	7.800000e+02	0.000000e+00	0.000000e+00	0.000000e+00
5.700000e+02	6.000000e+02	7.800000e+02	8.100000e+02	0.000000e+00	0.000000e+00	0.000000e+00
5.700000e+02	6.000000e+02	8.100000e+02	8.400000e+02	0.000000e+00	0.000000e+00	0.000000e+00
5.700000e+02	6.000000e+02	8.400000e+02	8.700000e+02	0.000000e+00	0.000000e+00	0.000000e+00
5.700000e+02	6.000000e+02	8.700000e+02	9.000000e+02	0.000000e+00	0.000000e+00	0.000000e+00
6.000000e+02	6.300000e+02	0.000000e+00	3.000000e+01	0.000000e+00	0.000000e+00	0.000000e+00
6.000000e+02	6.300000e+02	3.000000e+01	6.000000e+01	4.939162e-09	4.939162e-09	4.939162e-09
6.000000e+02	6.300000e+02	6.000000e+01	9.000000e+01	4.056287e-07	3.951952e-07	3.951952e-07
6.000000e+02	6.300000e+02	9.000000e+01	1.200000e+02	3.951330e-07	3.951330e-07	3.951330e-07
6.000000e+02	6.300000e+02	1.200000e+02	1.500000e+02	3.951948e-07	3.951330e-07	3.951330e-07
6.000000e+02	6.300000e+02	1.500000e+02	1.800000e+02	4.050113e-07	3.951947e-07	3.951947e-07
6.000000e+02	6.300000e+02	1.800000e+02	2.100000e+02	7.952669e-07	5.588243e-07	5.588243e-07
6.000000e+02	6.300000e+02	2.100000e+02	2.400000e+02	1.195409e-06	6.844260e-07	6.844260e-07
6.000000e+02	6.300000e+02	2.400000e+02	2.700000e+02	8.008234e-07	5.588465e-07	5.588465e-07
6.000000e+02	6.300000e+02	2.700000e+02	3.000000e+02	4.957839e-08	4.939174e-08	4.939174e-08
6.000000e+02	6.300000e+02	3.000000e+02	3.300000e+02	4.008138e-07	3.951643e-07	3.951643e-07
6.000000e+02	6.300000e+02	3.300000e+02	3.600000e+02	1.207633e-07	7.064540e-08	7.064540e-08
6.000000e+02	6.300000e+02	3.600000e+02	3.900000e+02	4.001964e-07	3.951638e-07	3.951638e-07
6.000000e+02	6.300000e+02	3.900000e+02	4.200000e+02	5.013250e-08	4.939556e-08	4.939556e-08
6.000000e+02	6.300000e+02	4.200000e+02	4.500000e+02	5.186121e-09	4.940705e-09	4.940705e-09
6.000000e+02	6.300000e+02	4.500000e+02	4.800000e+02	8.544751e-07	5.610462e-07	5.610462e-07
6.000000e+02	6.300000e+02	4.800000e+02	5.100000e+02	4.100122e-07	3.952257e-07	3.952257e-07
6.000000e+02	6.300000e+02	5.100000e+02	5.400000e+02	2.770932e-06	1.045435e-06	1.045435e-06
6.000000e+02	6.300000e+02	5.400000e+02	5.700000e+02	1.195339e-06	6.844260e-07	6.844260e-07
6.000000e+02	6.300000e+02	5.700000e+02	6.000000e+02	1.980729e-06	8.835580e-07	8.835580e-07
6.000000e+02	6.300000e+02	6.000000e+02	6.300000e+02	3.951346e-07	3.951330e-07	3.951330e-07
6.000000e+02	6.300000e+02	6.300000e+02	6.600000e+02	0.000000e+00	0.000000e+00	0.000000e+00
6.000000e+02	6.300000e+02	6.600000e+02	6.900000e+02	0.000000e+00	0.000000e+00	0.000000e+00
6.000000e+02	6.300000e+02	6.900000e+02	7.200000e+02	0.000000e+00	0.000000e+00	0.000000e+00
6.000000e+02	6.300000e+02	7.200000e+02	7.500000e+02	0.000000e+00	0.000000e+00	0.000000e+00
6.000000e+02	6.300000e+02	7.500000e+02	7.800000e+02	0.000000e+00	0.000000e+00	0.000000e+00
6.000000e+02	6.300000e+02	7.800000e+02	8.100000e+02	0.000000e+00	0.000000e+00	0.000000e+00
6.000000e+02	6.300000e+02	8.100000e+02	8.400000e+02	0.000000e+00	0.000000e+00	0.000000e+00
6.000000e+02	6.300000e+02	8.400000e+02	8.700000e+02	0.000000e+00	0.000000e+00	0.000000e+00
6.000000e+02	6.300000e+02	8.700000e+02	9.000000e+02	0.000000e+00	0.000000e+00	0.000000e+00
6.300000e+02	6.600000e+02	0.000000e+00	3.000000e+01	0.000000e+00	0.000000e+00	0.000000e+00
6.300000e+02	6.600000e+02	3.000000e+01	6.000000e+01	0.000000e+00	0.000000e+00	0.000000e+00
6.300000e+02	6.600000e+02	6.000000e+01	9.000000e+01	0.000000e+00	0.000000e+00	0.000000e+00
6.300000e+02	6.600000e+02	9.000000e+01	1.200000e+02	5.016337e-09	4.939766e-09	4.939766e-09
6.300000e+02	6.600000e+02	1.200000e+02	1.500000e+02	0.000000e+00	0.000000e+00	0.000000e+00
6.300000e+02	6.600000e+02	1.500000e+02	1.800000e+02	5.000912e-09	4.939548e-09	4.939548e-09
6.300000e+02	6.600000e+02	1.800000e+02	2.100000e+02	5.000902e-09	4.939548e-09	4.939548e-09
6.300000e+02	6.600000e+02	2.100000e+02	2.400000e+02	1.117486e-08	7.906759e-09	7.906759e-09
6.300000e+02	6.600000e+02	2.400000e+02	2.700000e+02	1.195339e-06	6.844260e-07	6.844260e-07
6.300000e+02	6.600000e+02	2.700000e+02	3.000000e+02	1.244792e-06	6.862060e-07	6.862060e-07
6.300000e+02	6.600000e+02	3.000000e+02	3.300000e+02	2.123840e-08	1.055078e-08	1.055078e-08
6.300000e+02	6.600000e+02	3.300000e+02	3.600000e+02	8.066278e-07	5.588687e-07	5.588687e-07
6.300000e+02	6.600000e+02	3.600000e+02	3.900000e+02	4.100763e-07	3.952257e-07	3.952257e-07
6.300000e+02	6.600000e+02	3.900000e+02	4.200000e+02	9.940064e-09	6.985304e-09	6.985304e-09
6.300000e+02	6.600000e+02	4.200000e+02	4.500000e+02	5.002446e-09	4.939548e-09	4.939548e-09
6.300000e+02	6.600000e+02	4.500000e+02	4.800000e+02	7.909451e-07	5.588028e-07	5.588028e-07
6.300000e+02	6.600000e+02	4.800000e+02	5.100000e+02	1.018779e-08	6.986395e-09	6.986395e-09
6.300000e+02	6.600000e+02	5.100000e+02	5.400000e+02	5.680037e-09	4.978366e-09	4.978366e-09
6.300000e+02	6.600000e+02	5.400000e+02	5.700000e+02	3.951330e-07	3.951330e-07	3.951330e-07
6.300000e+02	6.600000e+02	5.700000e+02	6.000000e+02	1.980666e-06	8.835580e-07	8.835580e-07
6.300000e+02	6.600000e+02	6.000000e+02	6.300000e+02	1.191766e-06	6.844088e-07	6.844088e-07
6.300000e+02	6.600000e+02	6.300000e+02	6.600000e+02	1.186017e-06	6.843907e-07	6.843907e-07
6.300000e+02	6.600000e+02	6.600000e+02	6.900000e+02	0.000000e+00	0.000000e+00	0.000000e+00
6.300000e+02	6.600000e+02	6.900000e+02	7.200000e+02	0.000000e+00	0.000000e+00	0.000000e+00
6.300000e+02	6.600000e+02	7.200000e+02	7.500000e+02	0.000000e+00	0.000000e+00	0.000000e+00
6.300000e+02	6.600000e+02	7.500000e+02	7.800000e+02	0.000000e+00	0.000000e+00	0.000000e+00
6.300000e+02	6.600000e+02	7.800000e+02	8.100000e+02	0.000000e+00	0.000000e+00	0.000000e+00
6.300000e+02	6.600000e+02	8.100000e+02	8.400000e+02	0.000000e+00	0.000000e+00	0.000000e+00
6.300000e+02	6.600000e+02	8.400000e+02	8.700000e+02	0.000000e+00	0.000000e+00	0.000000e+00
6.300000e+02	6.600000e+02	8.700000e+02	9.000000e+02	0.000000e+00	0.000000e+00	0.000000e+00
6.600000e+02	6.900000e+02	0.000000e+00	3.000000e+01	0.000000e+00	0.000000e+00	0.000000e+00
6.600000e+02	6.900000e+02	3.000000e+01	6.000000e+01	0.000000e+00	0.000000e+00	0.000000e+00
6.600000e+02	6.900000e+02	6.000000e+01	9.000000e+01	3.951330e-07	3.951330e-07	3.951330e-07
6.600000e+02	6.900000e+02	9.000000e+01	1.200000e+02	0.000000e+00	0.000000e+00	0.000000e+00
6.600000e+02	6.900000e+02	1.200000e+02	1.500000e+02	6.173953e-11	6.173953e-11	6.173953e-11
6.600000e+02	6.900000e+02	1.500000e+02	1.800000e+02	7.902660e-07	5.588024e-07	5.588024e-07
6.600000e+02	6.900000e+02	1.800000e+02	2.100000e+02	3.951330e-07	3.951330e-07	3.951330e-07
6.600000e+02	6.900000e+02	2.100000e+02	2.400000e+02	4.001957e-07	3.951638e-07	3.951638e-07
6.600000e+02	6.900000e+02	2.400000e+02	2.700000e+02	4.101357e-07	3.952257e-07	3.952257e-07
6.600000e+02	6.900000e+02	2.700000e+02	3.000000e+02	1.018779e-08	6.986395e-09	6.986395e-09
6.600000e+02	6.900000e+02	3.000000e+02	3.300000e+02	4.545349e-07	3.982692e-07	3.982692e-07
6.600000e+02	6.900000e+02	3.300000e+02	3.600000e+02	2.544594e-08	1.106189e-08	1.106189e-08
6.600000e+02	6.900000e+02	3.600000e+02	3.900000e+02	8.051452e-07	5.588679e-07	5.588679e-07
6.600000e+02	6.900000e+02	3.900000e+02	4.200000e+02	1.000180e-08	6.985576e-09	6.985576e-09
6.600000e+02	6.900000e+02	4.200000e+02	4.500000e+02	7.958936e-07	5.588246e-07	5.588246e-07
6.600000e+02	6.900000e+02	4.500000e+02	4.800000e+02	5.186121e-09	4.940705e-09	4.940705e-09
6.600000e+02	6.900000e+02	4.800000e+02	5.100000e+02	4.004441e-07	3.951638e-07	3.951638e-07
6.600000e+02	6.900000e+02	5.100000e+02	5.400000e+02	3.952572e-07	3.951330e-07	3.951330e-07
6.600000e+02	6.900000e+02	5.400000e+02	5.700000e+02	5.078077e-09	4.940152e-09	4.940152e-09
6.600000e+02	6.900000e+02	5.700000e+02	6.000000e+02	4.001957e-07	3.951638e-07	3.951638e-07
6.600000e+02	6.900000e+02	6.000000e+02	6.300000e+02	1.185399e-06	6.843904e-07	6.843904e-07
6.600000e+02	6.900000e+02	6.300000e+02	6.600000e+02	1.185461e-06	6.843904e-07	6.843904e-07
6.600000e+02	6.900000e+02	6.600000e+02	6.900000e+02	1.190338e-06	6.844083e-07	6.844083e-07
6.600000e+02	6.900000e+02	6.900000e+02	7.200000e+02	0.000000e+00	0.000000e+00	0.000000e+00
6.600000e+02	6.900000e+02	7.200000e+02	7.500000e+02	0.000000e+00	0.000000e+00	0.000000e+00
6.600000e+02	6.900000e+02	7.500000e+02	7.800000e+02	0.000000e+00	0.000000e+00	0.000000e+00
6.600000e+02	6.900000e+02	7.800000e+02	8.100000e+02	0.000000e+00	0.000000e+00	0.000000e+00
6.600000e+02	6.900000e+02	8.100000e+02	8.400000e+02	0.000000e+00	0.000000e+00	0.000000e+00
6.600000e+02	6.900000e+02	8.400000e+02	8.700000e+02	0.000000e+00	0.000000e+00	0.000000e+00
6.600000e+02	6.900000e+02	8.700000e+02	9.000000e+02	0.000000e+00	0.000000e+00	0.000000e+00
6.900000e+02	7.200000e+02	0.000000e+00	3.000000e+01	0.000000e+00	0.000000e+00	0.000000e+00
6.900000e+02	7.200000e+02	3.000000e+01	6.000000e+01	0.000000e+00	0.000000e+00	0.000000e+00
6.900000e+02	7.200000e+02	6.000000e+01	9.000000e+01	6.173953e-11	6.173953e-11	6.173953e-11
6.900000e+02	7.200000e+02	9.000000e+01	1.200000e+02	7.717441e-13	7.717441e-13	7.717441e-13
6.900000e+02	7.200000e+02	1.200000e+02	1.500000e+02	0.000000e+00	0.000000e+00	0.000000e+00
6.900000e+02	7.200000e+02	1.500000e+02	1.800000e+02	3.951948e-07	3.951330e-07	3.951330e-07
6.900000e+02	7.200000e+02	1.800000e+02	2.100000e+02	6.173953e-11	6.173953e-11	6.173953e-11
6.900000e+02	7.200000e+02	2.100000e+02	2.400000e+02	1.234791e-10	8.731288e-11	8.731288e-11
6.900000e+02	7.200000e+02	2.400000e+02	2.700000e+02	5.000902e-09	4.939548e-09	4.939548e-09
6.900000e+02	7.200000e+02	2.700000e+02	3.000000e+02	4.106297e-07	3.952261e-07	3.952261e-07
6.900000e+02	7.200000e+02	3.000000e+02	3.300000e+02	4.106921e-07	3.952261e-07	3.952261e-07
6.900000e+02	7.200000e+02	3.300000e+02	3.600000e+02	6.359172e-09	5.016883e-09	5.016883e-09
6.900000e+02	7.200000e+02	3.600000e+02	3.900000e+02	5.933169e-08	4.988314e-08	4.988314e-08
6.900000e+02	7.200000e+02	3.900000e+02	4.200000e+02	5.433156e-08	4.963797e-08	4.963797e-08
6.900000e+02	7.200000e+02	4.200000e+02	4.500000e+02	9.940064e-09	6.985304e-09	6.985304e-09
6.900000e+02	7.200000e+02	4.500000e+02	4.800000e+02	4.050113e-07	3.951947e-07	3.951947e-07
6.900000e+02	7.200000e+02	4.800000e+02	5.100000e+02	4.001339e-07	3.951638e-07	3.951638e-07
6.900000e+02	7.200000e+02	5.100000e+02	5.400000e+02	1.195462e-06	6.844260e-07	6.844260e-07
6.900000e+02	7.200000e+02	5.400000e+02	5.700000e+02	7.408743e-10	6.235387e-10	6.235387e-10
6.900000e+02	7.200000e+02	5.700000e+02	6.000000e+02	3.958129e-07	3.951335e-07	3.951335e-07
6.900000e+02	7.200000e+02	6.000000e+02	6.300000e+02	0.000000e+00	0.000000e+00	0.000000e+00
6.900000e+02	7.200000e+02	6.300000e+02	6.600000e+02	3.951948e-07	3.951330e-07	3.951330e-07
6.900000e+02	7.200000e+02	6.600000e+02	6.900000e+02	8.051452e-07	5.588679e-07	5.588679e-07
6.900000e+02	7.200000e+02	6.900000e+02	7.200000e+02	4.939162e-09	4.939162e-09	4.939162e-09
6.900000e+02	7.200000e+02	7.200000e+02	7.500000e+02	0.000000e+00	0.000000e+00	0.000000e+00
6.900000e+02	7.200000e+02	7.500000e+02	7.800000e+02	0.000000e+00	0.000000e+00	0.000000e+00
6.900000e+02	7.200000e+02	7.800000e+02	8.100000e+02	0.000000e+00	0.000000e+00	0.000000e+00
6.900000e+02	7.200000e+02	8.100000e+02	8.400000e+02	0.000000e+00	0.000000e+00	0.000000e+00
6.900000e+02	7.200000e+02	8.400000e+02	8.700000e+02	0.000000e+00	0.000000e+00	0.000000e+00
6.900000e+02	7.200000e+02	8.700000e+02	9.000000e+02	0.000000e+00	0.000000e+00	0.000000e+00
7.200000e+02	7.500000e+02	0.000000e+00	3.000000e+01	0.000000e+00	0.000000e+00	0.000000e+00
7.200000e+02	7.500000e+02	3.000000e+01	6.000000e+01	5.000902e-09	4.939548e-09	4.939548e-09
7.200000e+02	7.500000e+02	6.000000e+01	9.000000e+01	6.173953e-10	6.173953e-10	6.173953e-10
7.200000e+02	7.500000e+02	9.000000e+01	1.200000e+02	4.939162e-09	4.939162e-09	4.939162e-09
7.200000e+02	7.500000e+02	1.200000e+02	1.500000e+02	6.251128e-11	6.174436e-11	6.174436e-11
7.200000e+02	7.500000e+02	1.500000e+02	1.800000e+02	3.951407e-07	3.951330e-07	3.951330e-07
7.200000e+02	7.500000e+02	1.800000e+02	2.100000e+02	0.000000e+00	0.000000e+00	0.000000e+00
7.200000e+02	7.500000e+02	2.100000e+02	2.400000e+02	6.791349e-10	6.204746e-10	6.204746e-10
7.200000e+02	7.500000e+02	2.400000e+02	2.700000e+02	4.951588e-08	4.939171e-08	4.939171e-08
7.200000e+02	7.500000e+02	2.700000e+02	3.000000e+02	1.137250e-07	7.037229e-08	7.037229e-08
7.200000e+02	7.500000e+02	3.000000e+02	3.300000e+02	1.249671e-06	6.862237e-07	6.862237e-07
7.200000e+02	7.500000e+02	3.300000e+02	3.600000e+02	5.150312e-07	4.013820e-07	4.013820e-07
7.200000e+02	7.500000e+02	3.600000e+02	3.900000e+02	1.994264e-08	9.878904e-09	9.878904e-09
7.200000e+02	7.500000e+02	3.900000e+02	4.200000e+02	2.000592e-08	9.879097e-09	9.879097e-09
7.200000e+02	7.500000e+02	4.200000e+02	4.500000e+02	5.618298e-09	4.977984e-09	4.977984e-09
7.200000e+02	7.500000e+02	4.500000e+02	4.800000e+02	1.190461e-06	6.844083e-07	6.844083e-07
7.200000e+02	7.500000e+02	4.800000e+02	5.100000e+02	5.001673e-09	4.939548e-09	4.939548e-09
7.200000e+02	7.500000e+02	5.100000e+02	5.400000e+02	1.185522e-06	6.843904e-07	6.843904e-07
7.200000e+02	7.500000e+02	5.400000e+02	5.700000e+02	7.408743e-10	6.235387e-10	6.235387e-10
7.200000e+02	7.500000e+02	5.700000e+02	6.000000e+02	4.001347e-07	3.951638e-07	3.951638e-07
7.200000e+02	7.500000e+02	6.000000e+02	6.300000e+02	3.952564e-07	3.951330e-07	3.951330e-07
7.200000e+02	7.500000e+02	6.300000e+02	6.600000e+02	0.000000e+00	0.000000e+00	0.000000e+00
7.200000e+02	7.500000e+02	6.600000e+02	6.900000e+02	3.951330e-07	3.951330e-07	3.951330e-07
7.200000e+02	7.500000e+02	6.900000e+02	7.200000e+02	7.952051e-07	5.588243e-07	5.588243e-07
7.200000e+02	7.500000e+02	7.200000e+02	7.500000e+02	0.000000e+00	0.000000e+00	0.000000e+00
7.200000e+02	7.500000e+02	7.500000e+02	7.800000e+02	0.000000e+00	0.000000e+00	0.000000e+00
7.200000e+02	7.500000e+02	7.800000e+02	8.100000e+02	0.000000e+00	0.000000e+00	0.000000e+00
7.200000e+02	7.500000e+02	8.100000e+02	8.400000e+02	0.000000e+00	0.000000e+00	0.000000e+00
7.200000e+02	7.500000e+02	8.400000e+02	8.700000e+02	0.000000e+00	0.000000e+00	0.000000e+00
7.200000e+02	7.500000e+02	8.700000e+02	9.000000e+02	0.000000e+00	0.000000e+00	0.000000e+00
7.500000e+02	7.800000e+02	0.000000e+00	3.000000e+01	0.000000e+00	0.000000e+00	0.000000e+00
7.500000e+02	7.800000e+02	3.000000e+01	6.000000e+01	0.000000e+00	0.000000e+00	0.000000e+00
7.500000e+02	7.800000e+02	6.000000e+01	9.000000e+01	0.000000e+00	0.000000e+00	0.000000e+00
7.500000e+02	7.800000e+02	9.000000e+01	1.200000e+02	0.000000e+00	0.000000e+00	0.000000e+00
7.500000e+02	7.800000e+02	1.200000e+02	1.500000e+02	0.000000e+00	0.000000e+00	0.000000e+00
7.500000e+02	7.800000e+02	1.500000e+02	1.800000e+02	3.951330e-07	3.951330e-07	3.951330e-07
7.500000e+02	7.800000e+02	1.800000e+02	2.100000e+02	3.951948e-07	3.951330e-07	3.951330e-07
7.500000e+02	7.800000e+02	2.100000e+02	2.400000e+02	5.062641e-09	4.939934e-09	4.939934e-09
7.500000e+02	7.800000e+02	2.400000e+02	2.700000e+02	3.958121e-07	3.951335e-07	3.951335e-07
7.500000e+02	7.800000e+02	2.700000e+02	3.000000e+02	7.959538e-07	5.588246e-07	5.588246e-07
7.500000e+02	7.800000e+02	3.000000e+02	3.300000e+02	6.939523e-08	5.036993e-08	5.036993e-08
7.500000e+02	7.800000e+02	3.300000e+02	3.600000e+02	3.531501e-08	1.308266e-08	1.308266e-08
7.500000e+02	7.800000e+02	3.600000e+02	3.900000e+02	9.940064e-09	6.985304e-09	6.985304e-09
7.500000e+02	7.800000e+02	3.900000e+02	4.200000e+02	4.148904e-07	3.952564e-07	3.952564e-07
7.500000e+02	7.800000e+02	4.200000e+02	4.500000e+02	4.050731e-07	3.951947e-07	3.951947e-07
7.500000e+02	7.800000e+02	4.500000e+02	4.800000e+02	4.058147e-07	3.951952e-07	3.951952e-07
7.500000e+02	7.800000e+02	4.800000e+02	5.100000e+02	0.000000e+00	0.000000e+00	0.000000e+00
7.500000e+02	7.800000e+02	5.100000e+02	5.400000e+02	6.173953e-11	6.173953e-11	6.173953e-11
7.500000e+02	7.800000e+02	5.400000e+02	5.700000e+02	3.951948e-07	3.951330e-07	3.951330e-07
7.500000e+02	7.800000e+02	5.700000e+02	6.000000e+02	3.951330e-07	3.951330e-07	3.951330e-07
7.500000e+02	7.800000e+02	6.000000e+02	6.300000e+02	3.951948e-07	3.951330e-07	3.951330e-07
7.500000e+02	7.800000e+02	6.300000e+02	6.600000e+02	3.951330e-07	3.951330e-07	3.951330e-07
7.500000e+02	7.800000e+02	6.600000e+02	6.900000e+02	5.000902e-09	4.939548e-09	4.939548e-09
7.500000e+02	7.800000e+02	6.900000e+02	7.200000e+02	3.951948e-07	3.951330e-07	3.951330e-07
7.500000e+02	7.800000e+02	7.200000e+02	7.500000e+02	3.952642e-07	3.951330e-07	3.951330e-07
7.500000e+02	7.800000e+02	7.500000e+02	7.800000e+02	6.173953e-11	6.173953e-11	6.173953e-11
7.500000e+02	7.800000e+02	7.800000e+02	8.100000e+02	0.000000e+00	0.000000e+00	0.000000e+00
7.500000e+02	7.800000e+02	8.100000e+02	8.400000e+02	0.000000e+00	0.000000e+00	0.000000e+00
7.500000e+02	7.800000e+02	8.400000e+02	8.700000e+02	0.000000e+00	0.000000e+00	0.000000e+00
7.500000e+02	7.800000e+02	8.700000e+02	9.000000e+02	0.000000e+00	0.000000e+00	0.000000e+00
7.800000e+02	8.100000e+02	0.000000e+00	3.000000e+01	0.000000e+00	0.000000e+00	0.000000e+00
7.800000e+02	8.100000e+02	3.000000e+01	6.000000e+01	0.000000e+00	0.000000e+00	0.000000e+00
7.800000e+02	8.100000e+02	6.000000e+01	9.000000e+01	7.717441e-13	7.717441e-13	7.717441e-13
7.800000e+02	8.100000e+02	9.000000e+01	1.200000e+02	0.000000e+00	0.000000e+00	0.000000e+00
7.800000e+02	8.100000e+02	1.200000e+02	1.500000e+02	0.000000e+00	0.000000e+00	0.000000e+00
7.800000e+02	8.100000e+02	1.500000e+02	1.800000e+02	3.951330e-07	3.951330e-07	3.951330e-07
7.800000e+02	8.100000e+02	1.800000e+02	2.100000e+02	0.000000e+00	0.000000e+00	0.000000e+00
7.800000e+02	8.100000e+02	2.100000e+02	2.400000e+02	4.001339e-07	3.951638e-07	3.951638e-07
7.800000e+02	8.100000e+02	2.400000e+02	2.700000e+02	4.939934e-09	4.939162e-09	4.939162e-09
7.800000e+02	8.100000e+02	2.700000e+02	3.000000e+02	5.064186e-09	4.939934e-09	4.939934e-09
7.800000e+02	8.100000e+02	3.000000e+02	3.300000e+02	1.123660e-08	7.039931e-09	7.039931e-09
7.800000e+02	8.100000e+02	3.300000e+02	3.600000e+02	5.063413e-09	4.939934e-09	4.939934e-09
7.800000e+02	8.100000e+02	3.600000e+02	3.900000e+02	5.124381e-09	4.940320e-09	4.940320e-09
7.800000e+02	8.100000e+02	3.900000e+02	4.200000e+02	6.791349e-10	6.204746e-10	6.204746e-10
7.800000e+02	8.100000e+02	4.200000e+02	4.500000e+02	4.495880e-07	3.982387e-07	3.982387e-07
7.800000e+02	8.100000e+02	4.500000e+02	4.800000e+02	1.994187e-08	9.878904e-09	9.878904e-09
7.800000e+02	8.100000e+02	4.800000e+02	5.100000e+02	3.951330e-07	3.951330e-07	3.951330e-07
7.800000e+02	8.100000e+02	5.100000e+02	5.400000e+02	5.494896e-08	4.964180e-08	4.964180e-08
7.800000e+02	8.100000e+02	5.400000e+02	5.700000e+02	7.952051e-07	5.588243e-07	5.588243e-07
7.800000e+02	8.100000e+02	5.700000e+02	6.000000e+02	5.001673e-09	4.939548e-09	4.939548e-09
7.800000e+02	8.100000e+02	6.000000e+02	6.300000e+02	3.957504e-07	3.951335e-07	3.951335e-07
7.800000e+02	8.100000e+02	6.300000e+02	6.600000e+02	4.939162e-09	4.939162e-09	4.939162e-09
7.800000e+02	8.100000e+02	6.600000e+02	6.900000e+02	5.556558e-09	4.977600e-09	4.977600e-09
7.800000e+02	8.100000e+02	6.900000e+02	7.200000e+02	0.000000e+00	0.000000e+00	0.000000e+00
7.800000e+02	8.100000e+02	7.200000e+02	7.500000e+02	0.000000e+00	0.000000e+00	0.000000e+00
7.800000e+02	8.100000e+02	7.500000e+02	7.800000e+02	3.951330e-07	3.951330e-07	3.951330e-07
7.800000e+02	8.100000e+02	7.800000e+02	8.100000e+02	3.951330e-07	3.951330e-07	3.951330e-07
7.800000e+02	8.100000e+02	8.100000e+02	8.400000e+02	0.000000e+00	0.000000e+00	0.000000e+00
7.800000e+02	8.100000e+02	8.400000e+02	8.700000e+02	0.000000e+00	0.000000e+00	0.000000e+00
7.800000e+02	8.100000e+02	8.700000e+02	9.000000e+02	0.000000e+00	0.000000e+00	0.000000e+00
8.100000e+02	8.400000e+02	0.000000e+00	3.000000e+01	0.000000e+00	0.000000e+00	0.000000e+00
8.100000e+02	8.400000e+02	3.000000e+01	6.000000e+01	0.000000e+00	0.000000e+00	0.000000e+00
8.100000e+02	8.400000e+02	6.000000e+01	9.000000e+01	9.646802e-15	9.646801e-15	9.646801e-15
8.100000e+02	8.400000e+02	9.000000e+01	1.200000e+02	4.939162e-09	4.939162e-09	4.939162e-09
8.100000e+02	8.400000e+02	1.200000e+02	1.500000e+02	0.000000e+00	0.000000e+00	0.000000e+00
8.100000e+02	8.400000e+02	1.500000e+02	1.800000e+02	6.173953e-11	6.173953e-11	6.173953e-11
8.100000e+02	8.400000e+02	1.800000e+02	2.100000e+02	7.717441e-13	7.717441e-13	7.717441e-13
8.100000e+02	8.400000e+02	2.100000e+02	2.400000e+02	5.062641e-09	4.939934e-09	4.939934e-09
8.100000e+02	8.400000e+02	2.400000e+02	2.700000e+02	4.939162e-09	4.939162e-09	4.939162e-09
8.100000e+02	8.400000e+02	2.700000e+02	3.000000e+02	8.396653e-07	5.609811e-07	5.609811e-07
8.100000e+02	8.400000e+02	3.000000e+02	3.300000e+02	4.501429e-07	3.982392e-07	3.982392e-07
8.100000e+02	8.400000e+02	3.300000e+02	3.600000e+02	1.679316e-08	9.343294e-09	9.343294e-09
8.100000e+02	8.400000e+02	3.600000e+02	3.900000e+02	1.117486e-08	7.039660e-09	7.039660e-09
8.100000e+02	8.400000e+02	3.900000e+02	4.200000e+02	4.050731e-07	3.951947e-07	3.951947e-07
8.100000e+02	8.400000e+02	4.200000e+02	4.500000e+02	1.185584e-06	6.843904e-07	6.843904e-07
8.100000e+02	8.400000e+02	4.500000e+02	4.800000e+02	0.000000e+00	0.000000e+00	0.000000e+00
8.100000e+02	8.400000e+02	4.800000e+02	5.100000e+02	6.433337e-08	5.012710e-08	5.012710e-08
8.100000e+02	8.400000e+02	5.100000e+02	5.400000e+02	4.001347e-07	3.951638e-07	3.951638e-07
8.100000e+02	8.400000e+02	5.400000e+02	5.700000e+02	5.680809e-09	4.978366e-09	4.978366e-09
8.100000e+02	8.400000e+02	5.700000e+02	6.000000e+02	4.945413e-08	4.939167e-08	4.939167e-08
8.100000e+02	8.400000e+02	6.000000e+02	6.300000e+02	4.939162e-09	4.939162e-09	4.939162e-09
8.100000e+02	8.400000e+02	6.300000e+02	6.600000e+02	4.939162e-09	4.939162e-09	4.939162e-09
8.100000e+02	8.400000e+02	6.600000e+02	6.900000e+02	0.000000e+00	0.000000e+00	0.000000e+00
8.100000e+02	8.400000e+02	6.900000e+02	7.200000e+02	0.000000e+00	0.000000e+00	0.000000e+00
8.100000e+02	8.400000e+02	7.200000e+02	7.500000e+02	0.000000e+00	0.000000e+00	0.000000e+00
8.100000e+02	8.400000e+02	7.500000e+02	7.800000e+02	3.952564e-07	3.951330e-07	3.951330e-07
8.100000e+02	8.400000e+02	7.800000e+02	8.100000e+02	3.951330e-07	3.951330e-07	3.951330e-07
8.100000e+02	8.400000e+02	8.100000e+02	8.400000e+02	3.951330e-07	3.951330e-07	3.951330e-07
8.100000e+02	8.400000e+02	8.400000e+02	8.700000e+02	0.000000e+00	0.000000e+00	0.000000e+00
8.100000e+02	8.400000e+02	8.700000e+02	9.000000e+02	0.000000e+00	0.000000e+00	0.000000e+00
8.400000e+02	8.700000e+02	0.000000e+00	3.000000e+01	0.000000e+00	0.000000e+00	0.000000e+00
8.400000e+02	8.700000e+02	3.000000e+01	6.000000e+01	0.000000e+00	0.000000e+00	0.000000e+00
8.400000e+02	8.700000e+02	6.000000e+01	9.000000e+01	0.000000e+00	0.000000e+00	0.000000e+00
8.400000e+02	8.700000e+02	9.000000e+01	1.200000e+02	0.000000e+00	0.000000e+00	0.000000e+00
8.400000e+02	8.700000e+02	1.200000e+02	1.500000e+02	0.000000e+00	0.000000e+00	0.000000e+00
8.400000e+02	8.700000e+02	1.500000e+02	1.800000e+02	4.939162e-09	4.939162e-09	4.939162e-09
8.400000e+02	8.700000e+02	1.800000e+02	2.100000e+02	0.000000e+00	0.000000e+00	0.000000e+00
8.400000e+02	8.700000e+02	2.100000e+02	2.400000e+02	6.173953e-11	6.173953e-11	6.173953e-11
8.400000e+02	8.700000e+02	2.400000e+02	2.700000e+02	0.000000e+00	0.000000e+00	0.000000e+00
8.400000e+02	8.700000e+02	2.700000e+02	3.000000e+02	5.002446e-09	4.939548e-09	4.939548e-09
8.400000e+02	8.700000e+02	3.000000e+02	3.300000e+02	2.062872e-08	9.898373e-09	9.898373e-09
8.400000e+02	8.700000e+02	3.300000e+02	3.600000e+02	1.250226e-10	8.731970e-11	8.731970e-11
8.400000e+02	8.700000e+02	3.600000e+02	3.900000e+02	5.002446e-09	4.939548e-09	4.939548e-09
8.400000e+02	8.700000e+02	3.900000e+02	4.200000e+02	4.106921e-07	3.952261e-07	3.952261e-07
8.400000e+02	8.700000e+02	4.200000e+02	4.500000e+02	1.055823e-08	7.012535e-09	7.012535e-09
8.400000e+02	8.700000e+02	4.500000e+02	4.800000e+02	6.550564e-08	5.026375e-08	5.026375e-08
8.400000e+02	8.700000e+02	4.800000e+02	5.100000e+02	4.939162e-09	4.939162e-09	4.939162e-09
8.400000e+02	8.700000e+02	5.100000e+02	5.400000e+02	0.000000e+00	0.000000e+00	0.000000e+00
8.400000e+02	8.700000e+02	5.400000e+02	5.700000e+02	4.050113e-07	3.951947e-07	3.951947e-07
8.400000e+02	8.700000e+02	5.700000e+02	6.000000e+02	3.951330e-07	3.951330e-07	3.951330e-07
8.400000e+02	8.700000e+02	6.000000e+02	6.300000e+02	6.173953e-11	6.173953e-11	6.173953e-11
8.400000e+02	8.700000e+02	6.300000e+02	6.600000e+02	4.939162e-09	4.939162e-09	4.939162e-09
8.400000e+02	8.700000e+02	6.600000e+02	6.900000e+02	1.234791e-10	8.731288e-11	8.731288e-11
8.400000e+02	8.700000e+02	6.900000e+02	7.200000e+02	4.945337e-08	4.939167e-08	4.939167e-08
8.400000e+02	8.700000e+02	7.200000e+02	7.500000e+02	3.951948e-07	3.951330e-07	3.951330e-07
8.400000e+02	8.700000e+02	7.500000e+02	7.800000e+02	4.000721e-07	3.951638e-07	3.951638e-07
8.400000e+02	8.700000e+02	7.800000e+02	8.100000e+02	3.951330e-07	3.951330e-07	3.951330e-07
8.400000e+02	8.700000e+02	8.100000e+02	8.400000e+02	0.000000e+00	0.000000e+00	0.000000e+00
8.400000e+02	8.700000e+02	8.400000e+02	8.700000e+02	6.173953e-11	6.173953e-11	6.173953e-11
8.400000e+02	8.700000e+02	8.700000e+02	9.000000e+02	0.000000e+00	0.000000e+00	0.000000e+00
8.700000e+02	9.000000e+02	0.000000e+00	3.000000e+01	0.000000e+00	0.000000e+00	0.000000e+00
8.700000e+02	9.000000e+02	3.000000e+01	6.000000e+01	6.173953e-11	6.173953e-11	6.173953e-11
8.700000e+02	9.000000e+02	6.000000e+01	9.000000e+01	6.173953e-11	6.173953e-11	6.173953e-11
8.700000e+02	9.000000e+02	9.000000e+01	1.200000e+02	0.000000e+00	0.000000e+00	0.000000e+00
8.700000e+02	9.000000e+02	1.200000e+02	1.500000e+02	0.000000e+00	0.000000e+00	0.000000e+00
8.700000e+02	9.000000e+02	1.500000e+02	1.800000e+02	0.000000e+00	0.000000e+00	0.000000e+00
8.700000e+02	9.000000e+02	1.800000e+02	2.100000e+02	0.000000e+00	0.000000e+00	0.000000e+00
8.700000e+02	9.000000e+02	2.100000e+02	2.400000e+02	8.489186e-12	7.755933e-12	7.755933e-12
8.700000e+02	9.000000e+02	2.400000e+02	2.700000e+02	1.234791e-10	8.731288e-11	8.731288e-11
8.700000e+02	9.000000e+02	2.700000e+02	3.000000e+02	5.001673e-09	4.939548e-09	4.939548e-09
8.700000e+02	9.000000e+02	3.000000e+02	3.300000e+02	5.008620e-09	4.939554e-09	4.939554e-09
8.700000e+02	9.000000e+02	3.300000e+02	3.600000e+02	1.488077e-08	8.555103e-09	8.555103e-09
8.700000e+02	9.000000e+02	3.600000e+02	3.900000e+02	5.445503e-08	4.963805e-08	4.963805e-08
8.700000e+02	9.000000e+02	3.900000e+02	4.200000e+02	5.680037e-09	4.978366e-09	4.978366e-09
8.700000e+02	9.000000e+02	4.200000e+02	4.500000e+02	4.951510e-08	4.939171e-08	4.939171e-08
8.700000e+02	9.000000e+02	4.500000e+02	4.800000e+02	1.006509e-08	6.985849e-09	6.985849e-09
8.700000e+02	9.000000e+02	4.800000e+02	5.100000e+02	2.469581e-08	1.104430e-08	1.104430e-08
8.700000e+02	9.000000e+02	5.100000e+02	5.400000e+02	5.445427e-08	4.963805e-08	4.963805e-08
8.700000e+02	9.000000e+02	5.400000e+02	5.700000e+02	0.000000e+00	0.000000e+00	0.000000e+00
8.700000e+02	9.000000e+02	5.700000e+02	6.000000e+02	0.000000e+00	0.000000e+00	0.000000e+00
8.700000e+02	9.000000e+02	6.000000e+02	6.300000e+02	0.000000e+00	0.000000e+00	0.000000e+00
8.700000e+02	9.000000e+02	6.300000e+02	6.600000e+02	6.173953e-11	6.173953e-11	6.173953e-11
8.700000e+02	9.000000e+02	6.600000e+02	6.900000e+02	4.939162e-09	4.939162e-09	4.939162e-09
8.700000e+02	9.000000e+02	6.900000e+02	7.200000e+02	0.000000e+00	0.000000e+00	0.000000e+00
8.700000e+02	9.000000e+02	7.200000e+02	7.500000e+02	4.939162e-09	4.939162e-09	4.939162e-09
8.700000e+02	9.000000e+02	7.500000e+02	7.800000e+02	6.183600e-11	6.173961e-11	6.173961e-11
8.700000e+02	9.000000e+02	7.800000e+02	8.100000e+02	0.000000e+00	0.000000e+00	0.000000e+00
8.700000e+02	9.000000e+02	8.100000e+02	8.400000e+02	3.951330e-07	3.951330e-07	3.951330e-07
8.700000e+02	9.000000e+02	8.400000e+02	8.700000e+02	3.951330e-07	3.951330e-07	3.951330e-07
8.700000e+02	9.000000e+02	8.700000e+02	9.000000e+02	0.000000e+00	0.000000e+00	0.000000e+00
# END HISTO2D

