# BEGIN HISTOGRAM /res/oxford_combined_rw/signal/histo_ptHptH_inter_C1
Path=/res/oxford_combined_rw/signal/histo_ptHptH_inter_C1
Title=ptHptH_inter_C1
# xlow	 xhigh	 ylow	 yhigh	 val	 errminus	 errplus
0.000000e+00	3.000000e+01	0.000000e+00	3.000000e+01	0.000000e+00	0.000000e+00	0.000000e+00
0.000000e+00	3.000000e+01	3.000000e+01	6.000000e+01	0.000000e+00	0.000000e+00	0.000000e+00
0.000000e+00	3.000000e+01	6.000000e+01	9.000000e+01	0.000000e+00	0.000000e+00	0.000000e+00
0.000000e+00	3.000000e+01	9.000000e+01	1.200000e+02	0.000000e+00	0.000000e+00	0.000000e+00
0.000000e+00	3.000000e+01	1.200000e+02	1.500000e+02	0.000000e+00	0.000000e+00	0.000000e+00
0.000000e+00	3.000000e+01	1.500000e+02	1.800000e+02	0.000000e+00	0.000000e+00	0.000000e+00
0.000000e+00	3.000000e+01	1.800000e+02	2.100000e+02	0.000000e+00	0.000000e+00	0.000000e+00
0.000000e+00	3.000000e+01	2.100000e+02	2.400000e+02	0.000000e+00	0.000000e+00	0.000000e+00
0.000000e+00	3.000000e+01	2.400000e+02	2.700000e+02	0.000000e+00	0.000000e+00	0.000000e+00
0.000000e+00	3.000000e+01	2.700000e+02	3.000000e+02	0.000000e+00	0.000000e+00	0.000000e+00
0.000000e+00	3.000000e+01	3.000000e+02	3.300000e+02	0.000000e+00	0.000000e+00	0.000000e+00
0.000000e+00	3.000000e+01	3.300000e+02	3.600000e+02	0.000000e+00	0.000000e+00	0.000000e+00
0.000000e+00	3.000000e+01	3.600000e+02	3.900000e+02	0.000000e+00	0.000000e+00	0.000000e+00
0.000000e+00	3.000000e+01	3.900000e+02	4.200000e+02	0.000000e+00	0.000000e+00	0.000000e+00
0.000000e+00	3.000000e+01	4.200000e+02	4.500000e+02	0.000000e+00	0.000000e+00	0.000000e+00
0.000000e+00	3.000000e+01	4.500000e+02	4.800000e+02	0.000000e+00	0.000000e+00	0.000000e+00
0.000000e+00	3.000000e+01	4.800000e+02	5.100000e+02	0.000000e+00	0.000000e+00	0.000000e+00
0.000000e+00	3.000000e+01	5.100000e+02	5.400000e+02	0.000000e+00	0.000000e+00	0.000000e+00
0.000000e+00	3.000000e+01	5.400000e+02	5.700000e+02	0.000000e+00	0.000000e+00	0.000000e+00
0.000000e+00	3.000000e+01	5.700000e+02	6.000000e+02	0.000000e+00	0.000000e+00	0.000000e+00
0.000000e+00	3.000000e+01	6.000000e+02	6.300000e+02	0.000000e+00	0.000000e+00	0.000000e+00
0.000000e+00	3.000000e+01	6.300000e+02	6.600000e+02	0.000000e+00	0.000000e+00	0.000000e+00
0.000000e+00	3.000000e+01	6.600000e+02	6.900000e+02	0.000000e+00	0.000000e+00	0.000000e+00
0.000000e+00	3.000000e+01	6.900000e+02	7.200000e+02	0.000000e+00	0.000000e+00	0.000000e+00
0.000000e+00	3.000000e+01	7.200000e+02	7.500000e+02	0.000000e+00	0.000000e+00	0.000000e+00
0.000000e+00	3.000000e+01	7.500000e+02	7.800000e+02	0.000000e+00	0.000000e+00	0.000000e+00
0.000000e+00	3.000000e+01	7.800000e+02	8.100000e+02	0.000000e+00	0.000000e+00	0.000000e+00
0.000000e+00	3.000000e+01	8.100000e+02	8.400000e+02	0.000000e+00	0.000000e+00	0.000000e+00
0.000000e+00	3.000000e+01	8.400000e+02	8.700000e+02	0.000000e+00	0.000000e+00	0.000000e+00
0.000000e+00	3.000000e+01	8.700000e+02	9.000000e+02	0.000000e+00	0.000000e+00	0.000000e+00
3.000000e+01	6.000000e+01	0.000000e+00	3.000000e+01	0.000000e+00	0.000000e+00	0.000000e+00
3.000000e+01	6.000000e+01	3.000000e+01	6.000000e+01	0.000000e+00	0.000000e+00	0.000000e+00
3.000000e+01	6.000000e+01	6.000000e+01	9.000000e+01	0.000000e+00	0.000000e+00	0.000000e+00
3.000000e+01	6.000000e+01	9.000000e+01	1.200000e+02	0.000000e+00	0.000000e+00	0.000000e+00
3.000000e+01	6.000000e+01	1.200000e+02	1.500000e+02	0.000000e+00	0.000000e+00	0.000000e+00
3.000000e+01	6.000000e+01	1.500000e+02	1.800000e+02	0.000000e+00	0.000000e+00	0.000000e+00
3.000000e+01	6.000000e+01	1.800000e+02	2.100000e+02	0.000000e+00	0.000000e+00	0.000000e+00
3.000000e+01	6.000000e+01	2.100000e+02	2.400000e+02	0.000000e+00	0.000000e+00	0.000000e+00
3.000000e+01	6.000000e+01	2.400000e+02	2.700000e+02	0.000000e+00	0.000000e+00	0.000000e+00
3.000000e+01	6.000000e+01	2.700000e+02	3.000000e+02	0.000000e+00	0.000000e+00	0.000000e+00
3.000000e+01	6.000000e+01	3.000000e+02	3.300000e+02	0.000000e+00	0.000000e+00	0.000000e+00
3.000000e+01	6.000000e+01	3.300000e+02	3.600000e+02	0.000000e+00	0.000000e+00	0.000000e+00
3.000000e+01	6.000000e+01	3.600000e+02	3.900000e+02	0.000000e+00	0.000000e+00	0.000000e+00
3.000000e+01	6.000000e+01	3.900000e+02	4.200000e+02	0.000000e+00	0.000000e+00	0.000000e+00
3.000000e+01	6.000000e+01	4.200000e+02	4.500000e+02	0.000000e+00	0.000000e+00	0.000000e+00
3.000000e+01	6.000000e+01	4.500000e+02	4.800000e+02	0.000000e+00	0.000000e+00	0.000000e+00
3.000000e+01	6.000000e+01	4.800000e+02	5.100000e+02	0.000000e+00	0.000000e+00	0.000000e+00
3.000000e+01	6.000000e+01	5.100000e+02	5.400000e+02	0.000000e+00	0.000000e+00	0.000000e+00
3.000000e+01	6.000000e+01	5.400000e+02	5.700000e+02	0.000000e+00	0.000000e+00	0.000000e+00
3.000000e+01	6.000000e+01	5.700000e+02	6.000000e+02	0.000000e+00	0.000000e+00	0.000000e+00
3.000000e+01	6.000000e+01	6.000000e+02	6.300000e+02	0.000000e+00	0.000000e+00	0.000000e+00
3.000000e+01	6.000000e+01	6.300000e+02	6.600000e+02	0.000000e+00	0.000000e+00	0.000000e+00
3.000000e+01	6.000000e+01	6.600000e+02	6.900000e+02	0.000000e+00	0.000000e+00	0.000000e+00
3.000000e+01	6.000000e+01	6.900000e+02	7.200000e+02	0.000000e+00	0.000000e+00	0.000000e+00
3.000000e+01	6.000000e+01	7.200000e+02	7.500000e+02	0.000000e+00	0.000000e+00	0.000000e+00
3.000000e+01	6.000000e+01	7.500000e+02	7.800000e+02	0.000000e+00	0.000000e+00	0.000000e+00
3.000000e+01	6.000000e+01	7.800000e+02	8.100000e+02	0.000000e+00	0.000000e+00	0.000000e+00
3.000000e+01	6.000000e+01	8.100000e+02	8.400000e+02	0.000000e+00	0.000000e+00	0.000000e+00
3.000000e+01	6.000000e+01	8.400000e+02	8.700000e+02	0.000000e+00	0.000000e+00	0.000000e+00
3.000000e+01	6.000000e+01	8.700000e+02	9.000000e+02	0.000000e+00	0.000000e+00	0.000000e+00
6.000000e+01	9.000000e+01	0.000000e+00	3.000000e+01	0.000000e+00	0.000000e+00	0.000000e+00
6.000000e+01	9.000000e+01	3.000000e+01	6.000000e+01	0.000000e+00	0.000000e+00	0.000000e+00
6.000000e+01	9.000000e+01	6.000000e+01	9.000000e+01	0.000000e+00	0.000000e+00	0.000000e+00
6.000000e+01	9.000000e+01	9.000000e+01	1.200000e+02	0.000000e+00	0.000000e+00	0.000000e+00
6.000000e+01	9.000000e+01	1.200000e+02	1.500000e+02	0.000000e+00	0.000000e+00	0.000000e+00
6.000000e+01	9.000000e+01	1.500000e+02	1.800000e+02	0.000000e+00	0.000000e+00	0.000000e+00
6.000000e+01	9.000000e+01	1.800000e+02	2.100000e+02	0.000000e+00	0.000000e+00	0.000000e+00
6.000000e+01	9.000000e+01	2.100000e+02	2.400000e+02	0.000000e+00	0.000000e+00	0.000000e+00
6.000000e+01	9.000000e+01	2.400000e+02	2.700000e+02	0.000000e+00	0.000000e+00	0.000000e+00
6.000000e+01	9.000000e+01	2.700000e+02	3.000000e+02	0.000000e+00	0.000000e+00	0.000000e+00
6.000000e+01	9.000000e+01	3.000000e+02	3.300000e+02	0.000000e+00	0.000000e+00	0.000000e+00
6.000000e+01	9.000000e+01	3.300000e+02	3.600000e+02	0.000000e+00	0.000000e+00	0.000000e+00
6.000000e+01	9.000000e+01	3.600000e+02	3.900000e+02	0.000000e+00	0.000000e+00	0.000000e+00
6.000000e+01	9.000000e+01	3.900000e+02	4.200000e+02	0.000000e+00	0.000000e+00	0.000000e+00
6.000000e+01	9.000000e+01	4.200000e+02	4.500000e+02	0.000000e+00	0.000000e+00	0.000000e+00
6.000000e+01	9.000000e+01	4.500000e+02	4.800000e+02	0.000000e+00	0.000000e+00	0.000000e+00
6.000000e+01	9.000000e+01	4.800000e+02	5.100000e+02	0.000000e+00	0.000000e+00	0.000000e+00
6.000000e+01	9.000000e+01	5.100000e+02	5.400000e+02	0.000000e+00	0.000000e+00	0.000000e+00
6.000000e+01	9.000000e+01	5.400000e+02	5.700000e+02	0.000000e+00	0.000000e+00	0.000000e+00
6.000000e+01	9.000000e+01	5.700000e+02	6.000000e+02	0.000000e+00	0.000000e+00	0.000000e+00
6.000000e+01	9.000000e+01	6.000000e+02	6.300000e+02	0.000000e+00	0.000000e+00	0.000000e+00
6.000000e+01	9.000000e+01	6.300000e+02	6.600000e+02	0.000000e+00	0.000000e+00	0.000000e+00
6.000000e+01	9.000000e+01	6.600000e+02	6.900000e+02	0.000000e+00	0.000000e+00	0.000000e+00
6.000000e+01	9.000000e+01	6.900000e+02	7.200000e+02	0.000000e+00	0.000000e+00	0.000000e+00
6.000000e+01	9.000000e+01	7.200000e+02	7.500000e+02	0.000000e+00	0.000000e+00	0.000000e+00
6.000000e+01	9.000000e+01	7.500000e+02	7.800000e+02	0.000000e+00	0.000000e+00	0.000000e+00
6.000000e+01	9.000000e+01	7.800000e+02	8.100000e+02	0.000000e+00	0.000000e+00	0.000000e+00
6.000000e+01	9.000000e+01	8.100000e+02	8.400000e+02	0.000000e+00	0.000000e+00	0.000000e+00
6.000000e+01	9.000000e+01	8.400000e+02	8.700000e+02	0.000000e+00	0.000000e+00	0.000000e+00
6.000000e+01	9.000000e+01	8.700000e+02	9.000000e+02	0.000000e+00	0.000000e+00	0.000000e+00
9.000000e+01	1.200000e+02	0.000000e+00	3.000000e+01	0.000000e+00	0.000000e+00	0.000000e+00
9.000000e+01	1.200000e+02	3.000000e+01	6.000000e+01	0.000000e+00	0.000000e+00	0.000000e+00
9.000000e+01	1.200000e+02	6.000000e+01	9.000000e+01	0.000000e+00	0.000000e+00	0.000000e+00
9.000000e+01	1.200000e+02	9.000000e+01	1.200000e+02	0.000000e+00	0.000000e+00	0.000000e+00
9.000000e+01	1.200000e+02	1.200000e+02	1.500000e+02	0.000000e+00	0.000000e+00	0.000000e+00
9.000000e+01	1.200000e+02	1.500000e+02	1.800000e+02	0.000000e+00	0.000000e+00	0.000000e+00
9.000000e+01	1.200000e+02	1.800000e+02	2.100000e+02	0.000000e+00	0.000000e+00	0.000000e+00
9.000000e+01	1.200000e+02	2.100000e+02	2.400000e+02	0.000000e+00	0.000000e+00	0.000000e+00
9.000000e+01	1.200000e+02	2.400000e+02	2.700000e+02	0.000000e+00	0.000000e+00	0.000000e+00
9.000000e+01	1.200000e+02	2.700000e+02	3.000000e+02	0.000000e+00	0.000000e+00	0.000000e+00
9.000000e+01	1.200000e+02	3.000000e+02	3.300000e+02	0.000000e+00	0.000000e+00	0.000000e+00
9.000000e+01	1.200000e+02	3.300000e+02	3.600000e+02	0.000000e+00	0.000000e+00	0.000000e+00
9.000000e+01	1.200000e+02	3.600000e+02	3.900000e+02	0.000000e+00	0.000000e+00	0.000000e+00
9.000000e+01	1.200000e+02	3.900000e+02	4.200000e+02	0.000000e+00	0.000000e+00	0.000000e+00
9.000000e+01	1.200000e+02	4.200000e+02	4.500000e+02	0.000000e+00	0.000000e+00	0.000000e+00
9.000000e+01	1.200000e+02	4.500000e+02	4.800000e+02	0.000000e+00	0.000000e+00	0.000000e+00
9.000000e+01	1.200000e+02	4.800000e+02	5.100000e+02	0.000000e+00	0.000000e+00	0.000000e+00
9.000000e+01	1.200000e+02	5.100000e+02	5.400000e+02	0.000000e+00	0.000000e+00	0.000000e+00
9.000000e+01	1.200000e+02	5.400000e+02	5.700000e+02	0.000000e+00	0.000000e+00	0.000000e+00
9.000000e+01	1.200000e+02	5.700000e+02	6.000000e+02	0.000000e+00	0.000000e+00	0.000000e+00
9.000000e+01	1.200000e+02	6.000000e+02	6.300000e+02	0.000000e+00	0.000000e+00	0.000000e+00
9.000000e+01	1.200000e+02	6.300000e+02	6.600000e+02	0.000000e+00	0.000000e+00	0.000000e+00
9.000000e+01	1.200000e+02	6.600000e+02	6.900000e+02	0.000000e+00	0.000000e+00	0.000000e+00
9.000000e+01	1.200000e+02	6.900000e+02	7.200000e+02	0.000000e+00	0.000000e+00	0.000000e+00
9.000000e+01	1.200000e+02	7.200000e+02	7.500000e+02	0.000000e+00	0.000000e+00	0.000000e+00
9.000000e+01	1.200000e+02	7.500000e+02	7.800000e+02	0.000000e+00	0.000000e+00	0.000000e+00
9.000000e+01	1.200000e+02	7.800000e+02	8.100000e+02	0.000000e+00	0.000000e+00	0.000000e+00
9.000000e+01	1.200000e+02	8.100000e+02	8.400000e+02	0.000000e+00	0.000000e+00	0.000000e+00
9.000000e+01	1.200000e+02	8.400000e+02	8.700000e+02	0.000000e+00	0.000000e+00	0.000000e+00
9.000000e+01	1.200000e+02	8.700000e+02	9.000000e+02	0.000000e+00	0.000000e+00	0.000000e+00
1.200000e+02	1.500000e+02	0.000000e+00	3.000000e+01	0.000000e+00	0.000000e+00	0.000000e+00
1.200000e+02	1.500000e+02	3.000000e+01	6.000000e+01	0.000000e+00	0.000000e+00	0.000000e+00
1.200000e+02	1.500000e+02	6.000000e+01	9.000000e+01	0.000000e+00	0.000000e+00	0.000000e+00
1.200000e+02	1.500000e+02	9.000000e+01	1.200000e+02	0.000000e+00	0.000000e+00	0.000000e+00
1.200000e+02	1.500000e+02	1.200000e+02	1.500000e+02	0.000000e+00	0.000000e+00	0.000000e+00
1.200000e+02	1.500000e+02	1.500000e+02	1.800000e+02	0.000000e+00	0.000000e+00	0.000000e+00
1.200000e+02	1.500000e+02	1.800000e+02	2.100000e+02	0.000000e+00	0.000000e+00	0.000000e+00
1.200000e+02	1.500000e+02	2.100000e+02	2.400000e+02	0.000000e+00	0.000000e+00	0.000000e+00
1.200000e+02	1.500000e+02	2.400000e+02	2.700000e+02	0.000000e+00	0.000000e+00	0.000000e+00
1.200000e+02	1.500000e+02	2.700000e+02	3.000000e+02	0.000000e+00	0.000000e+00	0.000000e+00
1.200000e+02	1.500000e+02	3.000000e+02	3.300000e+02	0.000000e+00	0.000000e+00	0.000000e+00
1.200000e+02	1.500000e+02	3.300000e+02	3.600000e+02	0.000000e+00	0.000000e+00	0.000000e+00
1.200000e+02	1.500000e+02	3.600000e+02	3.900000e+02	0.000000e+00	0.000000e+00	0.000000e+00
1.200000e+02	1.500000e+02	3.900000e+02	4.200000e+02	0.000000e+00	0.000000e+00	0.000000e+00
1.200000e+02	1.500000e+02	4.200000e+02	4.500000e+02	0.000000e+00	0.000000e+00	0.000000e+00
1.200000e+02	1.500000e+02	4.500000e+02	4.800000e+02	0.000000e+00	0.000000e+00	0.000000e+00
1.200000e+02	1.500000e+02	4.800000e+02	5.100000e+02	0.000000e+00	0.000000e+00	0.000000e+00
1.200000e+02	1.500000e+02	5.100000e+02	5.400000e+02	0.000000e+00	0.000000e+00	0.000000e+00
1.200000e+02	1.500000e+02	5.400000e+02	5.700000e+02	0.000000e+00	0.000000e+00	0.000000e+00
1.200000e+02	1.500000e+02	5.700000e+02	6.000000e+02	0.000000e+00	0.000000e+00	0.000000e+00
1.200000e+02	1.500000e+02	6.000000e+02	6.300000e+02	0.000000e+00	0.000000e+00	0.000000e+00
1.200000e+02	1.500000e+02	6.300000e+02	6.600000e+02	0.000000e+00	0.000000e+00	0.000000e+00
1.200000e+02	1.500000e+02	6.600000e+02	6.900000e+02	0.000000e+00	0.000000e+00	0.000000e+00
1.200000e+02	1.500000e+02	6.900000e+02	7.200000e+02	0.000000e+00	0.000000e+00	0.000000e+00
1.200000e+02	1.500000e+02	7.200000e+02	7.500000e+02	0.000000e+00	0.000000e+00	0.000000e+00
1.200000e+02	1.500000e+02	7.500000e+02	7.800000e+02	0.000000e+00	0.000000e+00	0.000000e+00
1.200000e+02	1.500000e+02	7.800000e+02	8.100000e+02	0.000000e+00	0.000000e+00	0.000000e+00
1.200000e+02	1.500000e+02	8.100000e+02	8.400000e+02	0.000000e+00	0.000000e+00	0.000000e+00
1.200000e+02	1.500000e+02	8.400000e+02	8.700000e+02	0.000000e+00	0.000000e+00	0.000000e+00
1.200000e+02	1.500000e+02	8.700000e+02	9.000000e+02	0.000000e+00	0.000000e+00	0.000000e+00
1.500000e+02	1.800000e+02	0.000000e+00	3.000000e+01	0.000000e+00	0.000000e+00	0.000000e+00
1.500000e+02	1.800000e+02	3.000000e+01	6.000000e+01	0.000000e+00	0.000000e+00	0.000000e+00
1.500000e+02	1.800000e+02	6.000000e+01	9.000000e+01	0.000000e+00	0.000000e+00	0.000000e+00
1.500000e+02	1.800000e+02	9.000000e+01	1.200000e+02	0.000000e+00	0.000000e+00	0.000000e+00
1.500000e+02	1.800000e+02	1.200000e+02	1.500000e+02	0.000000e+00	0.000000e+00	0.000000e+00
1.500000e+02	1.800000e+02	1.500000e+02	1.800000e+02	0.000000e+00	0.000000e+00	0.000000e+00
1.500000e+02	1.800000e+02	1.800000e+02	2.100000e+02	0.000000e+00	0.000000e+00	0.000000e+00
1.500000e+02	1.800000e+02	2.100000e+02	2.400000e+02	0.000000e+00	0.000000e+00	0.000000e+00
1.500000e+02	1.800000e+02	2.400000e+02	2.700000e+02	0.000000e+00	0.000000e+00	0.000000e+00
1.500000e+02	1.800000e+02	2.700000e+02	3.000000e+02	0.000000e+00	0.000000e+00	0.000000e+00
1.500000e+02	1.800000e+02	3.000000e+02	3.300000e+02	0.000000e+00	0.000000e+00	0.000000e+00
1.500000e+02	1.800000e+02	3.300000e+02	3.600000e+02	0.000000e+00	0.000000e+00	0.000000e+00
1.500000e+02	1.800000e+02	3.600000e+02	3.900000e+02	0.000000e+00	0.000000e+00	0.000000e+00
1.500000e+02	1.800000e+02	3.900000e+02	4.200000e+02	0.000000e+00	0.000000e+00	0.000000e+00
1.500000e+02	1.800000e+02	4.200000e+02	4.500000e+02	0.000000e+00	0.000000e+00	0.000000e+00
1.500000e+02	1.800000e+02	4.500000e+02	4.800000e+02	0.000000e+00	0.000000e+00	0.000000e+00
1.500000e+02	1.800000e+02	4.800000e+02	5.100000e+02	0.000000e+00	0.000000e+00	0.000000e+00
1.500000e+02	1.800000e+02	5.100000e+02	5.400000e+02	0.000000e+00	0.000000e+00	0.000000e+00
1.500000e+02	1.800000e+02	5.400000e+02	5.700000e+02	0.000000e+00	0.000000e+00	0.000000e+00
1.500000e+02	1.800000e+02	5.700000e+02	6.000000e+02	0.000000e+00	0.000000e+00	0.000000e+00
1.500000e+02	1.800000e+02	6.000000e+02	6.300000e+02	0.000000e+00	0.000000e+00	0.000000e+00
1.500000e+02	1.800000e+02	6.300000e+02	6.600000e+02	0.000000e+00	0.000000e+00	0.000000e+00
1.500000e+02	1.800000e+02	6.600000e+02	6.900000e+02	0.000000e+00	0.000000e+00	0.000000e+00
1.500000e+02	1.800000e+02	6.900000e+02	7.200000e+02	0.000000e+00	0.000000e+00	0.000000e+00
1.500000e+02	1.800000e+02	7.200000e+02	7.500000e+02	0.000000e+00	0.000000e+00	0.000000e+00
1.500000e+02	1.800000e+02	7.500000e+02	7.800000e+02	0.000000e+00	0.000000e+00	0.000000e+00
1.500000e+02	1.800000e+02	7.800000e+02	8.100000e+02	0.000000e+00	0.000000e+00	0.000000e+00
1.500000e+02	1.800000e+02	8.100000e+02	8.400000e+02	0.000000e+00	0.000000e+00	0.000000e+00
1.500000e+02	1.800000e+02	8.400000e+02	8.700000e+02	0.000000e+00	0.000000e+00	0.000000e+00
1.500000e+02	1.800000e+02	8.700000e+02	9.000000e+02	0.000000e+00	0.000000e+00	0.000000e+00
1.800000e+02	2.100000e+02	0.000000e+00	3.000000e+01	1.968129e-06	2.840749e-07	2.840749e-07
1.800000e+02	2.100000e+02	3.000000e+01	6.000000e+01	4.223276e-06	4.161317e-07	4.161317e-07
1.800000e+02	2.100000e+02	6.000000e+01	9.000000e+01	7.257474e-06	5.455051e-07	5.455051e-07
1.800000e+02	2.100000e+02	9.000000e+01	1.200000e+02	1.008666e-05	6.431019e-07	6.431019e-07
1.800000e+02	2.100000e+02	1.200000e+02	1.500000e+02	1.057869e-05	6.586005e-07	6.586005e-07
1.800000e+02	2.100000e+02	1.500000e+02	1.800000e+02	1.365389e-05	7.482287e-07	7.482287e-07
1.800000e+02	2.100000e+02	1.800000e+02	2.100000e+02	1.381790e-05	7.527091e-07	7.527091e-07
1.800000e+02	2.100000e+02	2.100000e+02	2.400000e+02	0.000000e+00	0.000000e+00	0.000000e+00
1.800000e+02	2.100000e+02	2.400000e+02	2.700000e+02	0.000000e+00	0.000000e+00	0.000000e+00
1.800000e+02	2.100000e+02	2.700000e+02	3.000000e+02	0.000000e+00	0.000000e+00	0.000000e+00
1.800000e+02	2.100000e+02	3.000000e+02	3.300000e+02	0.000000e+00	0.000000e+00	0.000000e+00
1.800000e+02	2.100000e+02	3.300000e+02	3.600000e+02	0.000000e+00	0.000000e+00	0.000000e+00
1.800000e+02	2.100000e+02	3.600000e+02	3.900000e+02	0.000000e+00	0.000000e+00	0.000000e+00
1.800000e+02	2.100000e+02	3.900000e+02	4.200000e+02	0.000000e+00	0.000000e+00	0.000000e+00
1.800000e+02	2.100000e+02	4.200000e+02	4.500000e+02	0.000000e+00	0.000000e+00	0.000000e+00
1.800000e+02	2.100000e+02	4.500000e+02	4.800000e+02	0.000000e+00	0.000000e+00	0.000000e+00
1.800000e+02	2.100000e+02	4.800000e+02	5.100000e+02	0.000000e+00	0.000000e+00	0.000000e+00
1.800000e+02	2.100000e+02	5.100000e+02	5.400000e+02	0.000000e+00	0.000000e+00	0.000000e+00
1.800000e+02	2.100000e+02	5.400000e+02	5.700000e+02	0.000000e+00	0.000000e+00	0.000000e+00
1.800000e+02	2.100000e+02	5.700000e+02	6.000000e+02	0.000000e+00	0.000000e+00	0.000000e+00
1.800000e+02	2.100000e+02	6.000000e+02	6.300000e+02	0.000000e+00	0.000000e+00	0.000000e+00
1.800000e+02	2.100000e+02	6.300000e+02	6.600000e+02	0.000000e+00	0.000000e+00	0.000000e+00
1.800000e+02	2.100000e+02	6.600000e+02	6.900000e+02	0.000000e+00	0.000000e+00	0.000000e+00
1.800000e+02	2.100000e+02	6.900000e+02	7.200000e+02	0.000000e+00	0.000000e+00	0.000000e+00
1.800000e+02	2.100000e+02	7.200000e+02	7.500000e+02	0.000000e+00	0.000000e+00	0.000000e+00
1.800000e+02	2.100000e+02	7.500000e+02	7.800000e+02	0.000000e+00	0.000000e+00	0.000000e+00
1.800000e+02	2.100000e+02	7.800000e+02	8.100000e+02	0.000000e+00	0.000000e+00	0.000000e+00
1.800000e+02	2.100000e+02	8.100000e+02	8.400000e+02	0.000000e+00	0.000000e+00	0.000000e+00
1.800000e+02	2.100000e+02	8.400000e+02	8.700000e+02	0.000000e+00	0.000000e+00	0.000000e+00
1.800000e+02	2.100000e+02	8.700000e+02	9.000000e+02	0.000000e+00	0.000000e+00	0.000000e+00
2.100000e+02	2.400000e+02	0.000000e+00	3.000000e+01	6.519426e-06	5.170241e-07	5.170241e-07
2.100000e+02	2.400000e+02	3.000000e+01	6.000000e+01	1.287484e-05	7.265693e-07	7.265693e-07
2.100000e+02	2.400000e+02	6.000000e+01	9.000000e+01	2.501163e-05	1.012691e-06	1.012691e-06
2.100000e+02	2.400000e+02	9.000000e+01	1.200000e+02	3.923956e-05	1.268435e-06	1.268435e-06
2.100000e+02	2.400000e+02	1.200000e+02	1.500000e+02	4.079766e-05	1.293373e-06	1.293373e-06
2.100000e+02	2.400000e+02	1.500000e+02	1.800000e+02	4.346284e-05	1.334950e-06	1.334950e-06
2.100000e+02	2.400000e+02	1.800000e+02	2.100000e+02	5.170438e-05	1.456028e-06	1.456028e-06
2.100000e+02	2.400000e+02	2.100000e+02	2.400000e+02	3.173607e-05	1.140730e-06	1.140730e-06
2.100000e+02	2.400000e+02	2.400000e+02	2.700000e+02	0.000000e+00	0.000000e+00	0.000000e+00
2.100000e+02	2.400000e+02	2.700000e+02	3.000000e+02	0.000000e+00	0.000000e+00	0.000000e+00
2.100000e+02	2.400000e+02	3.000000e+02	3.300000e+02	0.000000e+00	0.000000e+00	0.000000e+00
2.100000e+02	2.400000e+02	3.300000e+02	3.600000e+02	0.000000e+00	0.000000e+00	0.000000e+00
2.100000e+02	2.400000e+02	3.600000e+02	3.900000e+02	0.000000e+00	0.000000e+00	0.000000e+00
2.100000e+02	2.400000e+02	3.900000e+02	4.200000e+02	0.000000e+00	0.000000e+00	0.000000e+00
2.100000e+02	2.400000e+02	4.200000e+02	4.500000e+02	0.000000e+00	0.000000e+00	0.000000e+00
2.100000e+02	2.400000e+02	4.500000e+02	4.800000e+02	0.000000e+00	0.000000e+00	0.000000e+00
2.100000e+02	2.400000e+02	4.800000e+02	5.100000e+02	0.000000e+00	0.000000e+00	0.000000e+00
2.100000e+02	2.400000e+02	5.100000e+02	5.400000e+02	0.000000e+00	0.000000e+00	0.000000e+00
2.100000e+02	2.400000e+02	5.400000e+02	5.700000e+02	0.000000e+00	0.000000e+00	0.000000e+00
2.100000e+02	2.400000e+02	5.700000e+02	6.000000e+02	0.000000e+00	0.000000e+00	0.000000e+00
2.100000e+02	2.400000e+02	6.000000e+02	6.300000e+02	0.000000e+00	0.000000e+00	0.000000e+00
2.100000e+02	2.400000e+02	6.300000e+02	6.600000e+02	0.000000e+00	0.000000e+00	0.000000e+00
2.100000e+02	2.400000e+02	6.600000e+02	6.900000e+02	0.000000e+00	0.000000e+00	0.000000e+00
2.100000e+02	2.400000e+02	6.900000e+02	7.200000e+02	0.000000e+00	0.000000e+00	0.000000e+00
2.100000e+02	2.400000e+02	7.200000e+02	7.500000e+02	0.000000e+00	0.000000e+00	0.000000e+00
2.100000e+02	2.400000e+02	7.500000e+02	7.800000e+02	0.000000e+00	0.000000e+00	0.000000e+00
2.100000e+02	2.400000e+02	7.800000e+02	8.100000e+02	0.000000e+00	0.000000e+00	0.000000e+00
2.100000e+02	2.400000e+02	8.100000e+02	8.400000e+02	0.000000e+00	0.000000e+00	0.000000e+00
2.100000e+02	2.400000e+02	8.400000e+02	8.700000e+02	0.000000e+00	0.000000e+00	0.000000e+00
2.100000e+02	2.400000e+02	8.700000e+02	9.000000e+02	0.000000e+00	0.000000e+00	0.000000e+00
2.400000e+02	2.700000e+02	0.000000e+00	3.000000e+01	6.560428e-06	5.186474e-07	5.186474e-07
2.400000e+02	2.700000e+02	3.000000e+01	6.000000e+01	1.340788e-05	7.414572e-07	7.414572e-07
2.400000e+02	2.700000e+02	6.000000e+01	9.000000e+01	2.640572e-05	1.040531e-06	1.040531e-06
2.400000e+02	2.700000e+02	9.000000e+01	1.200000e+02	4.329883e-05	1.332429e-06	1.332429e-06
2.400000e+02	2.700000e+02	1.200000e+02	1.500000e+02	4.493893e-05	1.357430e-06	1.357430e-06
2.400000e+02	2.700000e+02	1.500000e+02	1.800000e+02	4.313482e-05	1.329903e-06	1.329903e-06
2.400000e+02	2.700000e+02	1.800000e+02	2.100000e+02	4.260178e-05	1.321661e-06	1.321661e-06
2.400000e+02	2.700000e+02	2.100000e+02	2.400000e+02	5.412353e-05	1.489701e-06	1.489701e-06
2.400000e+02	2.700000e+02	2.400000e+02	2.700000e+02	2.337153e-05	9.789255e-07	9.789255e-07
2.400000e+02	2.700000e+02	2.700000e+02	3.000000e+02	0.000000e+00	0.000000e+00	0.000000e+00
2.400000e+02	2.700000e+02	3.000000e+02	3.300000e+02	0.000000e+00	0.000000e+00	0.000000e+00
2.400000e+02	2.700000e+02	3.300000e+02	3.600000e+02	0.000000e+00	0.000000e+00	0.000000e+00
2.400000e+02	2.700000e+02	3.600000e+02	3.900000e+02	0.000000e+00	0.000000e+00	0.000000e+00
2.400000e+02	2.700000e+02	3.900000e+02	4.200000e+02	0.000000e+00	0.000000e+00	0.000000e+00
2.400000e+02	2.700000e+02	4.200000e+02	4.500000e+02	0.000000e+00	0.000000e+00	0.000000e+00
2.400000e+02	2.700000e+02	4.500000e+02	4.800000e+02	0.000000e+00	0.000000e+00	0.000000e+00
2.400000e+02	2.700000e+02	4.800000e+02	5.100000e+02	0.000000e+00	0.000000e+00	0.000000e+00
2.400000e+02	2.700000e+02	5.100000e+02	5.400000e+02	0.000000e+00	0.000000e+00	0.000000e+00
2.400000e+02	2.700000e+02	5.400000e+02	5.700000e+02	0.000000e+00	0.000000e+00	0.000000e+00
2.400000e+02	2.700000e+02	5.700000e+02	6.000000e+02	0.000000e+00	0.000000e+00	0.000000e+00
2.400000e+02	2.700000e+02	6.000000e+02	6.300000e+02	0.000000e+00	0.000000e+00	0.000000e+00
2.400000e+02	2.700000e+02	6.300000e+02	6.600000e+02	0.000000e+00	0.000000e+00	0.000000e+00
2.400000e+02	2.700000e+02	6.600000e+02	6.900000e+02	0.000000e+00	0.000000e+00	0.000000e+00
2.400000e+02	2.700000e+02	6.900000e+02	7.200000e+02	0.000000e+00	0.000000e+00	0.000000e+00
2.400000e+02	2.700000e+02	7.200000e+02	7.500000e+02	0.000000e+00	0.000000e+00	0.000000e+00
2.400000e+02	2.700000e+02	7.500000e+02	7.800000e+02	0.000000e+00	0.000000e+00	0.000000e+00
2.400000e+02	2.700000e+02	7.800000e+02	8.100000e+02	0.000000e+00	0.000000e+00	0.000000e+00
2.400000e+02	2.700000e+02	8.100000e+02	8.400000e+02	0.000000e+00	0.000000e+00	0.000000e+00
2.400000e+02	2.700000e+02	8.400000e+02	8.700000e+02	0.000000e+00	0.000000e+00	0.000000e+00
2.400000e+02	2.700000e+02	8.700000e+02	9.000000e+02	0.000000e+00	0.000000e+00	0.000000e+00
2.700000e+02	3.000000e+02	0.000000e+00	3.000000e+01	5.125335e-06	4.584239e-07	4.584239e-07
2.700000e+02	3.000000e+02	3.000000e+01	6.000000e+01	9.676632e-06	6.298951e-07	6.298951e-07
2.700000e+02	3.000000e+02	6.000000e+01	9.000000e+01	1.992730e-05	9.039207e-07	9.039207e-07
2.700000e+02	3.000000e+02	9.000000e+01	1.200000e+02	3.284314e-05	1.160455e-06	1.160455e-06
2.700000e+02	3.000000e+02	1.200000e+02	1.500000e+02	3.304816e-05	1.164072e-06	1.164072e-06
2.700000e+02	3.000000e+02	1.500000e+02	1.800000e+02	3.149006e-05	1.136300e-06	1.136300e-06
2.700000e+02	3.000000e+02	1.800000e+02	2.100000e+02	3.263813e-05	1.156828e-06	1.156828e-06
2.700000e+02	3.000000e+02	2.100000e+02	2.400000e+02	3.546732e-05	1.205925e-06	1.205925e-06
2.700000e+02	3.000000e+02	2.400000e+02	2.700000e+02	3.288415e-05	1.161180e-06	1.161180e-06
2.700000e+02	3.000000e+02	2.700000e+02	3.000000e+02	1.492497e-05	7.822812e-07	7.822812e-07
2.700000e+02	3.000000e+02	3.000000e+02	3.300000e+02	0.000000e+00	0.000000e+00	0.000000e+00
2.700000e+02	3.000000e+02	3.300000e+02	3.600000e+02	0.000000e+00	0.000000e+00	0.000000e+00
2.700000e+02	3.000000e+02	3.600000e+02	3.900000e+02	0.000000e+00	0.000000e+00	0.000000e+00
2.700000e+02	3.000000e+02	3.900000e+02	4.200000e+02	0.000000e+00	0.000000e+00	0.000000e+00
2.700000e+02	3.000000e+02	4.200000e+02	4.500000e+02	0.000000e+00	0.000000e+00	0.000000e+00
2.700000e+02	3.000000e+02	4.500000e+02	4.800000e+02	0.000000e+00	0.000000e+00	0.000000e+00
2.700000e+02	3.000000e+02	4.800000e+02	5.100000e+02	0.000000e+00	0.000000e+00	0.000000e+00
2.700000e+02	3.000000e+02	5.100000e+02	5.400000e+02	0.000000e+00	0.000000e+00	0.000000e+00
2.700000e+02	3.000000e+02	5.400000e+02	5.700000e+02	0.000000e+00	0.000000e+00	0.000000e+00
2.700000e+02	3.000000e+02	5.700000e+02	6.000000e+02	0.000000e+00	0.000000e+00	0.000000e+00
2.700000e+02	3.000000e+02	6.000000e+02	6.300000e+02	0.000000e+00	0.000000e+00	0.000000e+00
2.700000e+02	3.000000e+02	6.300000e+02	6.600000e+02	0.000000e+00	0.000000e+00	0.000000e+00
2.700000e+02	3.000000e+02	6.600000e+02	6.900000e+02	0.000000e+00	0.000000e+00	0.000000e+00
2.700000e+02	3.000000e+02	6.900000e+02	7.200000e+02	0.000000e+00	0.000000e+00	0.000000e+00
2.700000e+02	3.000000e+02	7.200000e+02	7.500000e+02	0.000000e+00	0.000000e+00	0.000000e+00
2.700000e+02	3.000000e+02	7.500000e+02	7.800000e+02	0.000000e+00	0.000000e+00	0.000000e+00
2.700000e+02	3.000000e+02	7.800000e+02	8.100000e+02	0.000000e+00	0.000000e+00	0.000000e+00
2.700000e+02	3.000000e+02	8.100000e+02	8.400000e+02	0.000000e+00	0.000000e+00	0.000000e+00
2.700000e+02	3.000000e+02	8.400000e+02	8.700000e+02	0.000000e+00	0.000000e+00	0.000000e+00
2.700000e+02	3.000000e+02	8.700000e+02	9.000000e+02	0.000000e+00	0.000000e+00	0.000000e+00
3.000000e+02	3.300000e+02	0.000000e+00	3.000000e+01	3.239212e-06	3.644398e-07	3.644398e-07
3.000000e+02	3.300000e+02	3.000000e+01	6.000000e+01	8.282541e-06	5.827575e-07	5.827575e-07
3.000000e+02	3.300000e+02	6.000000e+01	9.000000e+01	1.414592e-05	7.615909e-07	7.615909e-07
3.000000e+02	3.300000e+02	9.000000e+01	1.200000e+02	2.468361e-05	1.006029e-06	1.006029e-06
3.000000e+02	3.300000e+02	1.200000e+02	1.500000e+02	2.132139e-05	9.350049e-07	9.350049e-07
3.000000e+02	3.300000e+02	1.500000e+02	1.800000e+02	2.103437e-05	9.286903e-07	9.286903e-07
3.000000e+02	3.300000e+02	1.800000e+02	2.100000e+02	2.070635e-05	9.214206e-07	9.214206e-07
3.000000e+02	3.300000e+02	2.100000e+02	2.400000e+02	2.423258e-05	9.967953e-07	9.967953e-07
3.000000e+02	3.300000e+02	2.400000e+02	2.700000e+02	2.238746e-05	9.580949e-07	9.580949e-07
3.000000e+02	3.300000e+02	2.700000e+02	3.000000e+02	1.972229e-05	8.992589e-07	8.992589e-07
3.000000e+02	3.300000e+02	3.000000e+02	3.300000e+02	8.733570e-06	5.984144e-07	5.984144e-07
3.000000e+02	3.300000e+02	3.300000e+02	3.600000e+02	0.000000e+00	0.000000e+00	0.000000e+00
3.000000e+02	3.300000e+02	3.600000e+02	3.900000e+02	0.000000e+00	0.000000e+00	0.000000e+00
3.000000e+02	3.300000e+02	3.900000e+02	4.200000e+02	0.000000e+00	0.000000e+00	0.000000e+00
3.000000e+02	3.300000e+02	4.200000e+02	4.500000e+02	0.000000e+00	0.000000e+00	0.000000e+00
3.000000e+02	3.300000e+02	4.500000e+02	4.800000e+02	0.000000e+00	0.000000e+00	0.000000e+00
3.000000e+02	3.300000e+02	4.800000e+02	5.100000e+02	0.000000e+00	0.000000e+00	0.000000e+00
3.000000e+02	3.300000e+02	5.100000e+02	5.400000e+02	0.000000e+00	0.000000e+00	0.000000e+00
3.000000e+02	3.300000e+02	5.400000e+02	5.700000e+02	0.000000e+00	0.000000e+00	0.000000e+00
3.000000e+02	3.300000e+02	5.700000e+02	6.000000e+02	0.000000e+00	0.000000e+00	0.000000e+00
3.000000e+02	3.300000e+02	6.000000e+02	6.300000e+02	0.000000e+00	0.000000e+00	0.000000e+00
3.000000e+02	3.300000e+02	6.300000e+02	6.600000e+02	0.000000e+00	0.000000e+00	0.000000e+00
3.000000e+02	3.300000e+02	6.600000e+02	6.900000e+02	0.000000e+00	0.000000e+00	0.000000e+00
3.000000e+02	3.300000e+02	6.900000e+02	7.200000e+02	0.000000e+00	0.000000e+00	0.000000e+00
3.000000e+02	3.300000e+02	7.200000e+02	7.500000e+02	0.000000e+00	0.000000e+00	0.000000e+00
3.000000e+02	3.300000e+02	7.500000e+02	7.800000e+02	0.000000e+00	0.000000e+00	0.000000e+00
3.000000e+02	3.300000e+02	7.800000e+02	8.100000e+02	0.000000e+00	0.000000e+00	0.000000e+00
3.000000e+02	3.300000e+02	8.100000e+02	8.400000e+02	0.000000e+00	0.000000e+00	0.000000e+00
3.000000e+02	3.300000e+02	8.400000e+02	8.700000e+02	0.000000e+00	0.000000e+00	0.000000e+00
3.000000e+02	3.300000e+02	8.700000e+02	9.000000e+02	0.000000e+00	0.000000e+00	0.000000e+00
3.300000e+02	3.600000e+02	0.000000e+00	3.000000e+01	2.501163e-06	3.202412e-07	3.202412e-07
3.300000e+02	3.600000e+02	3.000000e+01	6.000000e+01	6.847447e-06	5.298714e-07	5.298714e-07
3.300000e+02	3.600000e+02	6.000000e+01	9.000000e+01	9.840643e-06	6.352108e-07	6.352108e-07
3.300000e+02	3.600000e+02	9.000000e+01	1.200000e+02	1.435094e-05	7.670899e-07	7.670899e-07
3.300000e+02	3.600000e+02	1.200000e+02	1.500000e+02	1.558102e-05	7.992893e-07	7.992893e-07
3.300000e+02	3.600000e+02	1.500000e+02	1.800000e+02	1.496598e-05	7.833551e-07	7.833551e-07
3.300000e+02	3.600000e+02	1.800000e+02	2.100000e+02	1.365389e-05	7.482287e-07	7.482287e-07
3.300000e+02	3.600000e+02	2.100000e+02	2.400000e+02	1.775416e-05	8.532105e-07	8.532105e-07
3.300000e+02	3.600000e+02	2.400000e+02	2.700000e+02	1.722112e-05	8.403048e-07	8.403048e-07
3.300000e+02	3.600000e+02	2.700000e+02	3.000000e+02	1.406392e-05	7.593802e-07	7.593802e-07
3.300000e+02	3.600000e+02	3.000000e+02	3.300000e+02	1.143975e-05	6.848797e-07	6.848797e-07
3.300000e+02	3.600000e+02	3.300000e+02	3.600000e+02	4.510295e-06	4.300397e-07	4.300397e-07
3.300000e+02	3.600000e+02	3.600000e+02	3.900000e+02	0.000000e+00	0.000000e+00	0.000000e+00
3.300000e+02	3.600000e+02	3.900000e+02	4.200000e+02	0.000000e+00	0.000000e+00	0.000000e+00
3.300000e+02	3.600000e+02	4.200000e+02	4.500000e+02	0.000000e+00	0.000000e+00	0.000000e+00
3.300000e+02	3.600000e+02	4.500000e+02	4.800000e+02	0.000000e+00	0.000000e+00	0.000000e+00
3.300000e+02	3.600000e+02	4.800000e+02	5.100000e+02	0.000000e+00	0.000000e+00	0.000000e+00
3.300000e+02	3.600000e+02	5.100000e+02	5.400000e+02	0.000000e+00	0.000000e+00	0.000000e+00
3.300000e+02	3.600000e+02	5.400000e+02	5.700000e+02	0.000000e+00	0.000000e+00	0.000000e+00
3.300000e+02	3.600000e+02	5.700000e+02	6.000000e+02	0.000000e+00	0.000000e+00	0.000000e+00
3.300000e+02	3.600000e+02	6.000000e+02	6.300000e+02	0.000000e+00	0.000000e+00	0.000000e+00
3.300000e+02	3.600000e+02	6.300000e+02	6.600000e+02	0.000000e+00	0.000000e+00	0.000000e+00
3.300000e+02	3.600000e+02	6.600000e+02	6.900000e+02	0.000000e+00	0.000000e+00	0.000000e+00
3.300000e+02	3.600000e+02	6.900000e+02	7.200000e+02	0.000000e+00	0.000000e+00	0.000000e+00
3.300000e+02	3.600000e+02	7.200000e+02	7.500000e+02	0.000000e+00	0.000000e+00	0.000000e+00
3.300000e+02	3.600000e+02	7.500000e+02	7.800000e+02	0.000000e+00	0.000000e+00	0.000000e+00
3.300000e+02	3.600000e+02	7.800000e+02	8.100000e+02	0.000000e+00	0.000000e+00	0.000000e+00
3.300000e+02	3.600000e+02	8.100000e+02	8.400000e+02	0.000000e+00	0.000000e+00	0.000000e+00
3.300000e+02	3.600000e+02	8.400000e+02	8.700000e+02	0.000000e+00	0.000000e+00	0.000000e+00
3.300000e+02	3.600000e+02	8.700000e+02	9.000000e+02	0.000000e+00	0.000000e+00	0.000000e+00
3.600000e+02	3.900000e+02	0.000000e+00	3.000000e+01	1.763115e-06	2.688725e-07	2.688725e-07
3.600000e+02	3.900000e+02	3.000000e+01	6.000000e+01	2.829185e-06	3.405938e-07	3.405938e-07
3.600000e+02	3.900000e+02	6.000000e+01	9.000000e+01	5.781378e-06	4.868798e-07	4.868798e-07
3.600000e+02	3.900000e+02	9.000000e+01	1.200000e+02	1.168576e-05	6.922049e-07	6.922049e-07
3.600000e+02	3.900000e+02	1.200000e+02	1.500000e+02	9.553624e-06	6.258787e-07	6.258787e-07
3.600000e+02	3.900000e+02	1.500000e+02	1.800000e+02	8.323544e-06	5.841982e-07	5.841982e-07
3.600000e+02	3.900000e+02	1.800000e+02	2.100000e+02	8.569560e-06	5.927688e-07	5.927688e-07
3.600000e+02	3.900000e+02	2.100000e+02	2.400000e+02	1.139874e-05	6.836513e-07	6.836513e-07
3.600000e+02	3.900000e+02	2.400000e+02	2.700000e+02	1.258782e-05	7.184250e-07	7.184250e-07
3.600000e+02	3.900000e+02	2.700000e+02	3.000000e+02	1.066070e-05	6.611483e-07	6.611483e-07
3.600000e+02	3.900000e+02	3.000000e+02	3.300000e+02	9.061592e-06	6.095486e-07	6.095486e-07
3.600000e+02	3.900000e+02	3.300000e+02	3.600000e+02	6.150402e-06	5.021782e-07	5.021782e-07
3.600000e+02	3.900000e+02	3.600000e+02	3.900000e+02	2.542166e-06	3.228554e-07	3.228554e-07
3.600000e+02	3.900000e+02	3.900000e+02	4.200000e+02	0.000000e+00	0.000000e+00	0.000000e+00
3.600000e+02	3.900000e+02	4.200000e+02	4.500000e+02	0.000000e+00	0.000000e+00	0.000000e+00
3.600000e+02	3.900000e+02	4.500000e+02	4.800000e+02	0.000000e+00	0.000000e+00	0.000000e+00
3.600000e+02	3.900000e+02	4.800000e+02	5.100000e+02	0.000000e+00	0.000000e+00	0.000000e+00
3.600000e+02	3.900000e+02	5.100000e+02	5.400000e+02	0.000000e+00	0.000000e+00	0.000000e+00
3.600000e+02	3.900000e+02	5.400000e+02	5.700000e+02	0.000000e+00	0.000000e+00	0.000000e+00
3.600000e+02	3.900000e+02	5.700000e+02	6.000000e+02	0.000000e+00	0.000000e+00	0.000000e+00
3.600000e+02	3.900000e+02	6.000000e+02	6.300000e+02	0.000000e+00	0.000000e+00	0.000000e+00
3.600000e+02	3.900000e+02	6.300000e+02	6.600000e+02	0.000000e+00	0.000000e+00	0.000000e+00
3.600000e+02	3.900000e+02	6.600000e+02	6.900000e+02	0.000000e+00	0.000000e+00	0.000000e+00
3.600000e+02	3.900000e+02	6.900000e+02	7.200000e+02	0.000000e+00	0.000000e+00	0.000000e+00
3.600000e+02	3.900000e+02	7.200000e+02	7.500000e+02	0.000000e+00	0.000000e+00	0.000000e+00
3.600000e+02	3.900000e+02	7.500000e+02	7.800000e+02	0.000000e+00	0.000000e+00	0.000000e+00
3.600000e+02	3.900000e+02	7.800000e+02	8.100000e+02	0.000000e+00	0.000000e+00	0.000000e+00
3.600000e+02	3.900000e+02	8.100000e+02	8.400000e+02	0.000000e+00	0.000000e+00	0.000000e+00
3.600000e+02	3.900000e+02	8.400000e+02	8.700000e+02	0.000000e+00	0.000000e+00	0.000000e+00
3.600000e+02	3.900000e+02	8.700000e+02	9.000000e+02	0.000000e+00	0.000000e+00	0.000000e+00
3.900000e+02	4.200000e+02	0.000000e+00	3.000000e+01	1.394091e-06	2.390846e-07	2.390846e-07
3.900000e+02	4.200000e+02	3.000000e+01	6.000000e+01	2.501163e-06	3.202412e-07	3.202412e-07
3.900000e+02	4.200000e+02	6.000000e+01	9.000000e+01	3.772246e-06	3.932839e-07	3.932839e-07
3.900000e+02	4.200000e+02	9.000000e+01	1.200000e+02	6.027394e-06	4.971310e-07	4.971310e-07
3.900000e+02	4.200000e+02	1.200000e+02	1.500000e+02	6.232407e-06	5.055150e-07	5.055150e-07
3.900000e+02	4.200000e+02	1.500000e+02	1.800000e+02	5.002327e-06	4.528894e-07	4.528894e-07
3.900000e+02	4.200000e+02	1.800000e+02	2.100000e+02	6.109399e-06	5.005015e-07	5.005015e-07
3.900000e+02	4.200000e+02	2.100000e+02	2.400000e+02	7.380482e-06	5.501086e-07	5.501086e-07
3.900000e+02	4.200000e+02	2.400000e+02	2.700000e+02	9.348611e-06	6.191269e-07	6.191269e-07
3.900000e+02	4.200000e+02	2.700000e+02	3.000000e+02	8.446552e-06	5.884991e-07	5.884991e-07
3.900000e+02	4.200000e+02	3.000000e+02	3.300000e+02	7.298477e-06	5.470440e-07	5.470440e-07
3.900000e+02	4.200000e+02	3.300000e+02	3.600000e+02	4.059265e-06	4.079715e-07	4.079715e-07
3.900000e+02	4.200000e+02	3.600000e+02	3.900000e+02	3.649238e-06	3.868185e-07	3.868185e-07
3.900000e+02	4.200000e+02	3.900000e+02	4.200000e+02	1.599104e-06	2.560616e-07	2.560616e-07
3.900000e+02	4.200000e+02	4.200000e+02	4.500000e+02	0.000000e+00	0.000000e+00	0.000000e+00
3.900000e+02	4.200000e+02	4.500000e+02	4.800000e+02	0.000000e+00	0.000000e+00	0.000000e+00
3.900000e+02	4.200000e+02	4.800000e+02	5.100000e+02	0.000000e+00	0.000000e+00	0.000000e+00
3.900000e+02	4.200000e+02	5.100000e+02	5.400000e+02	0.000000e+00	0.000000e+00	0.000000e+00
3.900000e+02	4.200000e+02	5.400000e+02	5.700000e+02	0.000000e+00	0.000000e+00	0.000000e+00
3.900000e+02	4.200000e+02	5.700000e+02	6.000000e+02	0.000000e+00	0.000000e+00	0.000000e+00
3.900000e+02	4.200000e+02	6.000000e+02	6.300000e+02	0.000000e+00	0.000000e+00	0.000000e+00
3.900000e+02	4.200000e+02	6.300000e+02	6.600000e+02	0.000000e+00	0.000000e+00	0.000000e+00
3.900000e+02	4.200000e+02	6.600000e+02	6.900000e+02	0.000000e+00	0.000000e+00	0.000000e+00
3.900000e+02	4.200000e+02	6.900000e+02	7.200000e+02	0.000000e+00	0.000000e+00	0.000000e+00
3.900000e+02	4.200000e+02	7.200000e+02	7.500000e+02	0.000000e+00	0.000000e+00	0.000000e+00
3.900000e+02	4.200000e+02	7.500000e+02	7.800000e+02	0.000000e+00	0.000000e+00	0.000000e+00
3.900000e+02	4.200000e+02	7.800000e+02	8.100000e+02	0.000000e+00	0.000000e+00	0.000000e+00
3.900000e+02	4.200000e+02	8.100000e+02	8.400000e+02	0.000000e+00	0.000000e+00	0.000000e+00
3.900000e+02	4.200000e+02	8.400000e+02	8.700000e+02	0.000000e+00	0.000000e+00	0.000000e+00
3.900000e+02	4.200000e+02	8.700000e+02	9.000000e+02	0.000000e+00	0.000000e+00	0.000000e+00
4.200000e+02	4.500000e+02	0.000000e+00	3.000000e+01	9.840643e-07	2.008713e-07	2.008713e-07
4.200000e+02	4.500000e+02	3.000000e+01	6.000000e+01	1.353088e-06	2.355425e-07	2.355425e-07
4.200000e+02	4.500000e+02	6.000000e+01	9.000000e+01	2.706177e-06	3.331073e-07	3.331073e-07
4.200000e+02	4.500000e+02	9.000000e+01	1.200000e+02	4.551297e-06	4.319900e-07	4.319900e-07
4.200000e+02	4.500000e+02	1.200000e+02	1.500000e+02	3.772246e-06	3.932839e-07	3.932839e-07
4.200000e+02	4.500000e+02	1.500000e+02	1.800000e+02	4.182273e-06	4.141067e-07	4.141067e-07
4.200000e+02	4.500000e+02	1.800000e+02	2.100000e+02	4.674305e-06	4.377888e-07	4.377888e-07
4.200000e+02	4.500000e+02	2.100000e+02	2.400000e+02	5.945388e-06	4.937376e-07	4.937376e-07
4.200000e+02	4.500000e+02	2.400000e+02	2.700000e+02	7.626498e-06	5.592020e-07	5.592020e-07
4.200000e+02	4.500000e+02	2.700000e+02	3.000000e+02	6.068396e-06	4.988191e-07	4.988191e-07
4.200000e+02	4.500000e+02	3.000000e+02	3.300000e+02	4.100268e-06	4.100268e-07	4.100268e-07
4.200000e+02	4.500000e+02	3.300000e+02	3.600000e+02	3.649238e-06	3.868185e-07	3.868185e-07
4.200000e+02	4.500000e+02	3.600000e+02	3.900000e+02	2.829185e-06	3.405938e-07	3.405938e-07
4.200000e+02	4.500000e+02	3.900000e+02	4.200000e+02	1.681110e-06	2.625452e-07	2.625452e-07
4.200000e+02	4.500000e+02	4.200000e+02	4.500000e+02	8.610562e-07	1.878979e-07	1.878979e-07
4.200000e+02	4.500000e+02	4.500000e+02	4.800000e+02	0.000000e+00	0.000000e+00	0.000000e+00
4.200000e+02	4.500000e+02	4.800000e+02	5.100000e+02	0.000000e+00	0.000000e+00	0.000000e+00
4.200000e+02	4.500000e+02	5.100000e+02	5.400000e+02	0.000000e+00	0.000000e+00	0.000000e+00
4.200000e+02	4.500000e+02	5.400000e+02	5.700000e+02	0.000000e+00	0.000000e+00	0.000000e+00
4.200000e+02	4.500000e+02	5.700000e+02	6.000000e+02	0.000000e+00	0.000000e+00	0.000000e+00
4.200000e+02	4.500000e+02	6.000000e+02	6.300000e+02	0.000000e+00	0.000000e+00	0.000000e+00
4.200000e+02	4.500000e+02	6.300000e+02	6.600000e+02	0.000000e+00	0.000000e+00	0.000000e+00
4.200000e+02	4.500000e+02	6.600000e+02	6.900000e+02	0.000000e+00	0.000000e+00	0.000000e+00
4.200000e+02	4.500000e+02	6.900000e+02	7.200000e+02	0.000000e+00	0.000000e+00	0.000000e+00
4.200000e+02	4.500000e+02	7.200000e+02	7.500000e+02	0.000000e+00	0.000000e+00	0.000000e+00
4.200000e+02	4.500000e+02	7.500000e+02	7.800000e+02	0.000000e+00	0.000000e+00	0.000000e+00
4.200000e+02	4.500000e+02	7.800000e+02	8.100000e+02	0.000000e+00	0.000000e+00	0.000000e+00
4.200000e+02	4.500000e+02	8.100000e+02	8.400000e+02	0.000000e+00	0.000000e+00	0.000000e+00
4.200000e+02	4.500000e+02	8.400000e+02	8.700000e+02	0.000000e+00	0.000000e+00	0.000000e+00
4.200000e+02	4.500000e+02	8.700000e+02	9.000000e+02	0.000000e+00	0.000000e+00	0.000000e+00
4.500000e+02	4.800000e+02	0.000000e+00	3.000000e+01	5.740375e-07	1.534180e-07	1.534180e-07
4.500000e+02	4.800000e+02	3.000000e+01	6.000000e+01	1.107072e-06	2.130562e-07	2.130562e-07
4.500000e+02	4.800000e+02	6.000000e+01	9.000000e+01	2.870187e-06	3.430530e-07	3.430530e-07
4.500000e+02	4.800000e+02	9.000000e+01	1.200000e+02	2.542166e-06	3.228554e-07	3.228554e-07
4.500000e+02	4.800000e+02	1.200000e+02	1.500000e+02	2.378155e-06	3.122671e-07	3.122671e-07
4.500000e+02	4.800000e+02	1.500000e+02	1.800000e+02	2.460161e-06	3.176054e-07	3.176054e-07
4.500000e+02	4.800000e+02	1.800000e+02	2.100000e+02	2.378155e-06	3.122671e-07	3.122671e-07
4.500000e+02	4.800000e+02	2.100000e+02	2.400000e+02	4.715308e-06	4.397047e-07	4.397047e-07
4.500000e+02	4.800000e+02	2.400000e+02	2.700000e+02	5.453356e-06	4.728659e-07	4.728659e-07
4.500000e+02	4.800000e+02	2.700000e+02	3.000000e+02	4.510295e-06	4.300397e-07	4.300397e-07
4.500000e+02	4.800000e+02	3.000000e+02	3.300000e+02	4.428289e-06	4.261123e-07	4.261123e-07
4.500000e+02	4.800000e+02	3.300000e+02	3.600000e+02	2.501163e-06	3.202412e-07	3.202412e-07
4.500000e+02	4.800000e+02	3.600000e+02	3.900000e+02	2.378155e-06	3.122671e-07	3.122671e-07
4.500000e+02	4.800000e+02	3.900000e+02	4.200000e+02	1.599104e-06	2.560616e-07	2.560616e-07
4.500000e+02	4.800000e+02	4.200000e+02	4.500000e+02	1.353088e-06	2.355425e-07	2.355425e-07
4.500000e+02	4.800000e+02	4.500000e+02	4.800000e+02	5.740375e-07	1.534180e-07	1.534180e-07
4.500000e+02	4.800000e+02	4.800000e+02	5.100000e+02	0.000000e+00	0.000000e+00	0.000000e+00
4.500000e+02	4.800000e+02	5.100000e+02	5.400000e+02	0.000000e+00	0.000000e+00	0.000000e+00
4.500000e+02	4.800000e+02	5.400000e+02	5.700000e+02	0.000000e+00	0.000000e+00	0.000000e+00
4.500000e+02	4.800000e+02	5.700000e+02	6.000000e+02	0.000000e+00	0.000000e+00	0.000000e+00
4.500000e+02	4.800000e+02	6.000000e+02	6.300000e+02	0.000000e+00	0.000000e+00	0.000000e+00
4.500000e+02	4.800000e+02	6.300000e+02	6.600000e+02	0.000000e+00	0.000000e+00	0.000000e+00
4.500000e+02	4.800000e+02	6.600000e+02	6.900000e+02	0.000000e+00	0.000000e+00	0.000000e+00
4.500000e+02	4.800000e+02	6.900000e+02	7.200000e+02	0.000000e+00	0.000000e+00	0.000000e+00
4.500000e+02	4.800000e+02	7.200000e+02	7.500000e+02	0.000000e+00	0.000000e+00	0.000000e+00
4.500000e+02	4.800000e+02	7.500000e+02	7.800000e+02	0.000000e+00	0.000000e+00	0.000000e+00
4.500000e+02	4.800000e+02	7.800000e+02	8.100000e+02	0.000000e+00	0.000000e+00	0.000000e+00
4.500000e+02	4.800000e+02	8.100000e+02	8.400000e+02	0.000000e+00	0.000000e+00	0.000000e+00
4.500000e+02	4.800000e+02	8.400000e+02	8.700000e+02	0.000000e+00	0.000000e+00	0.000000e+00
4.500000e+02	4.800000e+02	8.700000e+02	9.000000e+02	0.000000e+00	0.000000e+00	0.000000e+00
4.800000e+02	5.100000e+02	0.000000e+00	3.000000e+01	2.050134e-07	9.168477e-08	9.168477e-08
4.800000e+02	5.100000e+02	3.000000e+01	6.000000e+01	8.200536e-07	1.833695e-07	1.833695e-07
4.800000e+02	5.100000e+02	6.000000e+01	9.000000e+01	1.230080e-06	2.245809e-07	2.245809e-07
4.800000e+02	5.100000e+02	9.000000e+01	1.200000e+02	1.886123e-06	2.780937e-07	2.780937e-07
4.800000e+02	5.100000e+02	1.200000e+02	1.500000e+02	1.681110e-06	2.625452e-07	2.625452e-07
4.800000e+02	5.100000e+02	1.500000e+02	1.800000e+02	1.681110e-06	2.625452e-07	2.625452e-07
4.800000e+02	5.100000e+02	1.800000e+02	2.100000e+02	1.927126e-06	2.811002e-07	2.811002e-07
4.800000e+02	5.100000e+02	2.100000e+02	2.400000e+02	3.321217e-06	3.690241e-07	3.690241e-07
4.800000e+02	5.100000e+02	2.400000e+02	2.700000e+02	3.444225e-06	3.757957e-07	3.757957e-07
4.800000e+02	5.100000e+02	2.700000e+02	3.000000e+02	3.690241e-06	3.889856e-07	3.889856e-07
4.800000e+02	5.100000e+02	3.000000e+02	3.300000e+02	3.362220e-06	3.712950e-07	3.712950e-07
4.800000e+02	5.100000e+02	3.300000e+02	3.600000e+02	1.968129e-06	2.840749e-07	2.840749e-07
4.800000e+02	5.100000e+02	3.600000e+02	3.900000e+02	1.476096e-06	2.460161e-07	2.460161e-07
4.800000e+02	5.100000e+02	3.900000e+02	4.200000e+02	1.189078e-06	2.208062e-07	2.208062e-07
4.800000e+02	5.100000e+02	4.200000e+02	4.500000e+02	8.200536e-07	1.833695e-07	1.833695e-07
4.800000e+02	5.100000e+02	4.500000e+02	4.800000e+02	9.020589e-07	1.923196e-07	1.923196e-07
4.800000e+02	5.100000e+02	4.800000e+02	5.100000e+02	1.230080e-07	7.101872e-08	7.101872e-08
4.800000e+02	5.100000e+02	5.100000e+02	5.400000e+02	0.000000e+00	0.000000e+00	0.000000e+00
4.800000e+02	5.100000e+02	5.400000e+02	5.700000e+02	0.000000e+00	0.000000e+00	0.000000e+00
4.800000e+02	5.100000e+02	5.700000e+02	6.000000e+02	0.000000e+00	0.000000e+00	0.000000e+00
4.800000e+02	5.100000e+02	6.000000e+02	6.300000e+02	0.000000e+00	0.000000e+00	0.000000e+00
4.800000e+02	5.100000e+02	6.300000e+02	6.600000e+02	0.000000e+00	0.000000e+00	0.000000e+00
4.800000e+02	5.100000e+02	6.600000e+02	6.900000e+02	0.000000e+00	0.000000e+00	0.000000e+00
4.800000e+02	5.100000e+02	6.900000e+02	7.200000e+02	0.000000e+00	0.000000e+00	0.000000e+00
4.800000e+02	5.100000e+02	7.200000e+02	7.500000e+02	0.000000e+00	0.000000e+00	0.000000e+00
4.800000e+02	5.100000e+02	7.500000e+02	7.800000e+02	0.000000e+00	0.000000e+00	0.000000e+00
4.800000e+02	5.100000e+02	7.800000e+02	8.100000e+02	0.000000e+00	0.000000e+00	0.000000e+00
4.800000e+02	5.100000e+02	8.100000e+02	8.400000e+02	0.000000e+00	0.000000e+00	0.000000e+00
4.800000e+02	5.100000e+02	8.400000e+02	8.700000e+02	0.000000e+00	0.000000e+00	0.000000e+00
4.800000e+02	5.100000e+02	8.700000e+02	9.000000e+02	0.000000e+00	0.000000e+00	0.000000e+00
5.100000e+02	5.400000e+02	0.000000e+00	3.000000e+01	2.460161e-07	1.004356e-07	1.004356e-07
5.100000e+02	5.400000e+02	3.000000e+01	6.000000e+01	3.690241e-07	1.230080e-07	1.230080e-07
5.100000e+02	5.400000e+02	6.000000e+01	9.000000e+01	9.020589e-07	1.923196e-07	1.923196e-07
5.100000e+02	5.400000e+02	9.000000e+01	1.200000e+02	1.394091e-06	2.390846e-07	2.390846e-07
5.100000e+02	5.400000e+02	1.200000e+02	1.500000e+02	1.394091e-06	2.390846e-07	2.390846e-07
5.100000e+02	5.400000e+02	1.500000e+02	1.800000e+02	1.107072e-06	2.130562e-07	2.130562e-07
5.100000e+02	5.400000e+02	1.800000e+02	2.100000e+02	1.476096e-06	2.460161e-07	2.460161e-07
5.100000e+02	5.400000e+02	2.100000e+02	2.400000e+02	2.542166e-06	3.228554e-07	3.228554e-07
5.100000e+02	5.400000e+02	2.400000e+02	2.700000e+02	3.116204e-06	3.574531e-07	3.574531e-07
5.100000e+02	5.400000e+02	2.700000e+02	3.000000e+02	2.788182e-06	3.381167e-07	3.381167e-07
5.100000e+02	5.400000e+02	3.000000e+02	3.300000e+02	2.091137e-06	2.928177e-07	2.928177e-07
5.100000e+02	5.400000e+02	3.300000e+02	3.600000e+02	1.763115e-06	2.688725e-07	2.688725e-07
5.100000e+02	5.400000e+02	3.600000e+02	3.900000e+02	1.107072e-06	2.130562e-07	2.130562e-07
5.100000e+02	5.400000e+02	3.900000e+02	4.200000e+02	9.430616e-07	1.966419e-07	1.966419e-07
5.100000e+02	5.400000e+02	4.200000e+02	4.500000e+02	8.610562e-07	1.878979e-07	1.878979e-07
5.100000e+02	5.400000e+02	4.500000e+02	4.800000e+02	4.920321e-07	1.420374e-07	1.420374e-07
5.100000e+02	5.400000e+02	4.800000e+02	5.100000e+02	3.280214e-07	1.159731e-07	1.159731e-07
5.100000e+02	5.400000e+02	5.100000e+02	5.400000e+02	2.460161e-07	1.004356e-07	1.004356e-07
5.100000e+02	5.400000e+02	5.400000e+02	5.700000e+02	0.000000e+00	0.000000e+00	0.000000e+00
5.100000e+02	5.400000e+02	5.700000e+02	6.000000e+02	0.000000e+00	0.000000e+00	0.000000e+00
5.100000e+02	5.400000e+02	6.000000e+02	6.300000e+02	0.000000e+00	0.000000e+00	0.000000e+00
5.100000e+02	5.400000e+02	6.300000e+02	6.600000e+02	0.000000e+00	0.000000e+00	0.000000e+00
5.100000e+02	5.400000e+02	6.600000e+02	6.900000e+02	0.000000e+00	0.000000e+00	0.000000e+00
5.100000e+02	5.400000e+02	6.900000e+02	7.200000e+02	0.000000e+00	0.000000e+00	0.000000e+00
5.100000e+02	5.400000e+02	7.200000e+02	7.500000e+02	0.000000e+00	0.000000e+00	0.000000e+00
5.100000e+02	5.400000e+02	7.500000e+02	7.800000e+02	0.000000e+00	0.000000e+00	0.000000e+00
5.100000e+02	5.400000e+02	7.800000e+02	8.100000e+02	0.000000e+00	0.000000e+00	0.000000e+00
5.100000e+02	5.400000e+02	8.100000e+02	8.400000e+02	0.000000e+00	0.000000e+00	0.000000e+00
5.100000e+02	5.400000e+02	8.400000e+02	8.700000e+02	0.000000e+00	0.000000e+00	0.000000e+00
5.100000e+02	5.400000e+02	8.700000e+02	9.000000e+02	0.000000e+00	0.000000e+00	0.000000e+00
5.400000e+02	5.700000e+02	0.000000e+00	3.000000e+01	1.640107e-07	8.200536e-08	8.200536e-08
5.400000e+02	5.700000e+02	3.000000e+01	6.000000e+01	3.280214e-07	1.159731e-07	1.159731e-07
5.400000e+02	5.700000e+02	6.000000e+01	9.000000e+01	6.150402e-07	1.588027e-07	1.588027e-07
5.400000e+02	5.700000e+02	9.000000e+01	1.200000e+02	9.840643e-07	2.008713e-07	2.008713e-07
5.400000e+02	5.700000e+02	1.200000e+02	1.500000e+02	8.200536e-07	1.833695e-07	1.833695e-07
5.400000e+02	5.700000e+02	1.500000e+02	1.800000e+02	8.610562e-07	1.878979e-07	1.878979e-07
5.400000e+02	5.700000e+02	1.800000e+02	2.100000e+02	9.020589e-07	1.923196e-07	1.923196e-07
5.400000e+02	5.700000e+02	2.100000e+02	2.400000e+02	1.845120e-06	2.750543e-07	2.750543e-07
5.400000e+02	5.700000e+02	2.400000e+02	2.700000e+02	2.009131e-06	2.870187e-07	2.870187e-07
5.400000e+02	5.700000e+02	2.700000e+02	3.000000e+02	2.091137e-06	2.928177e-07	2.928177e-07
5.400000e+02	5.700000e+02	3.000000e+02	3.300000e+02	1.681110e-06	2.625452e-07	2.625452e-07
5.400000e+02	5.700000e+02	3.300000e+02	3.600000e+02	1.763115e-06	2.688725e-07	2.688725e-07
5.400000e+02	5.700000e+02	3.600000e+02	3.900000e+02	7.790509e-07	1.787265e-07	1.787265e-07
5.400000e+02	5.700000e+02	3.900000e+02	4.200000e+02	7.790509e-07	1.787265e-07	1.787265e-07
5.400000e+02	5.700000e+02	4.200000e+02	4.500000e+02	5.330348e-07	1.478373e-07	1.478373e-07
5.400000e+02	5.700000e+02	4.500000e+02	4.800000e+02	4.100268e-07	1.296619e-07	1.296619e-07
5.400000e+02	5.700000e+02	4.800000e+02	5.100000e+02	4.100268e-07	1.296619e-07	1.296619e-07
5.400000e+02	5.700000e+02	5.100000e+02	5.400000e+02	2.460161e-07	1.004356e-07	1.004356e-07
5.400000e+02	5.700000e+02	5.400000e+02	5.700000e+02	8.200536e-08	5.798654e-08	5.798654e-08
5.400000e+02	5.700000e+02	5.700000e+02	6.000000e+02	0.000000e+00	0.000000e+00	0.000000e+00
5.400000e+02	5.700000e+02	6.000000e+02	6.300000e+02	0.000000e+00	0.000000e+00	0.000000e+00
5.400000e+02	5.700000e+02	6.300000e+02	6.600000e+02	0.000000e+00	0.000000e+00	0.000000e+00
5.400000e+02	5.700000e+02	6.600000e+02	6.900000e+02	0.000000e+00	0.000000e+00	0.000000e+00
5.400000e+02	5.700000e+02	6.900000e+02	7.200000e+02	0.000000e+00	0.000000e+00	0.000000e+00
5.400000e+02	5.700000e+02	7.200000e+02	7.500000e+02	0.000000e+00	0.000000e+00	0.000000e+00
5.400000e+02	5.700000e+02	7.500000e+02	7.800000e+02	0.000000e+00	0.000000e+00	0.000000e+00
5.400000e+02	5.700000e+02	7.800000e+02	8.100000e+02	0.000000e+00	0.000000e+00	0.000000e+00
5.400000e+02	5.700000e+02	8.100000e+02	8.400000e+02	0.000000e+00	0.000000e+00	0.000000e+00
5.400000e+02	5.700000e+02	8.400000e+02	8.700000e+02	0.000000e+00	0.000000e+00	0.000000e+00
5.400000e+02	5.700000e+02	8.700000e+02	9.000000e+02	0.000000e+00	0.000000e+00	0.000000e+00
5.700000e+02	6.000000e+02	0.000000e+00	3.000000e+01	4.100268e-08	4.100268e-08	4.100268e-08
5.700000e+02	6.000000e+02	3.000000e+01	6.000000e+01	8.200536e-08	5.798654e-08	5.798654e-08
5.700000e+02	6.000000e+02	6.000000e+01	9.000000e+01	4.510295e-07	1.359905e-07	1.359905e-07
5.700000e+02	6.000000e+02	9.000000e+01	1.200000e+02	6.970455e-07	1.690584e-07	1.690584e-07
5.700000e+02	6.000000e+02	1.200000e+02	1.500000e+02	3.280214e-07	1.159731e-07	1.159731e-07
5.700000e+02	6.000000e+02	1.500000e+02	1.800000e+02	6.560428e-07	1.640107e-07	1.640107e-07
5.700000e+02	6.000000e+02	1.800000e+02	2.100000e+02	5.330348e-07	1.478373e-07	1.478373e-07
5.700000e+02	6.000000e+02	2.100000e+02	2.400000e+02	1.189078e-06	2.208062e-07	2.208062e-07
5.700000e+02	6.000000e+02	2.400000e+02	2.700000e+02	1.804118e-06	2.719810e-07	2.719810e-07
5.700000e+02	6.000000e+02	2.700000e+02	3.000000e+02	2.132139e-06	2.956745e-07	2.956745e-07
5.700000e+02	6.000000e+02	3.000000e+02	3.300000e+02	1.558102e-06	2.527575e-07	2.527575e-07
5.700000e+02	6.000000e+02	3.300000e+02	3.600000e+02	1.476096e-06	2.460161e-07	2.460161e-07
5.700000e+02	6.000000e+02	3.600000e+02	3.900000e+02	9.020589e-07	1.923196e-07	1.923196e-07
5.700000e+02	6.000000e+02	3.900000e+02	4.200000e+02	4.510295e-07	1.359905e-07	1.359905e-07
5.700000e+02	6.000000e+02	4.200000e+02	4.500000e+02	4.510295e-07	1.359905e-07	1.359905e-07
5.700000e+02	6.000000e+02	4.500000e+02	4.800000e+02	3.690241e-07	1.230080e-07	1.230080e-07
5.700000e+02	6.000000e+02	4.800000e+02	5.100000e+02	8.200536e-08	5.798654e-08	5.798654e-08
5.700000e+02	6.000000e+02	5.100000e+02	5.400000e+02	2.050134e-07	9.168477e-08	9.168477e-08
5.700000e+02	6.000000e+02	5.400000e+02	5.700000e+02	8.200536e-08	5.798654e-08	5.798654e-08
5.700000e+02	6.000000e+02	5.700000e+02	6.000000e+02	1.230080e-07	7.101872e-08	7.101872e-08
5.700000e+02	6.000000e+02	6.000000e+02	6.300000e+02	0.000000e+00	0.000000e+00	0.000000e+00
5.700000e+02	6.000000e+02	6.300000e+02	6.600000e+02	0.000000e+00	0.000000e+00	0.000000e+00
5.700000e+02	6.000000e+02	6.600000e+02	6.900000e+02	0.000000e+00	0.000000e+00	0.000000e+00
5.700000e+02	6.000000e+02	6.900000e+02	7.200000e+02	0.000000e+00	0.000000e+00	0.000000e+00
5.700000e+02	6.000000e+02	7.200000e+02	7.500000e+02	0.000000e+00	0.000000e+00	0.000000e+00
5.700000e+02	6.000000e+02	7.500000e+02	7.800000e+02	0.000000e+00	0.000000e+00	0.000000e+00
5.700000e+02	6.000000e+02	7.800000e+02	8.100000e+02	0.000000e+00	0.000000e+00	0.000000e+00
5.700000e+02	6.000000e+02	8.100000e+02	8.400000e+02	0.000000e+00	0.000000e+00	0.000000e+00
5.700000e+02	6.000000e+02	8.400000e+02	8.700000e+02	0.000000e+00	0.000000e+00	0.000000e+00
5.700000e+02	6.000000e+02	8.700000e+02	9.000000e+02	0.000000e+00	0.000000e+00	0.000000e+00
6.000000e+02	6.300000e+02	0.000000e+00	3.000000e+01	8.200536e-08	5.798654e-08	5.798654e-08
6.000000e+02	6.300000e+02	3.000000e+01	6.000000e+01	2.460161e-07	1.004356e-07	1.004356e-07
6.000000e+02	6.300000e+02	6.000000e+01	9.000000e+01	1.640107e-07	8.200536e-08	8.200536e-08
6.000000e+02	6.300000e+02	9.000000e+01	1.200000e+02	4.100268e-07	1.296619e-07	1.296619e-07
6.000000e+02	6.300000e+02	1.200000e+02	1.500000e+02	4.920321e-07	1.420374e-07	1.420374e-07
6.000000e+02	6.300000e+02	1.500000e+02	1.800000e+02	5.330348e-07	1.478373e-07	1.478373e-07
6.000000e+02	6.300000e+02	1.800000e+02	2.100000e+02	3.280214e-07	1.159731e-07	1.159731e-07
6.000000e+02	6.300000e+02	2.100000e+02	2.400000e+02	9.430616e-07	1.966419e-07	1.966419e-07
6.000000e+02	6.300000e+02	2.400000e+02	2.700000e+02	1.312086e-06	2.319462e-07	2.319462e-07
6.000000e+02	6.300000e+02	2.700000e+02	3.000000e+02	1.148075e-06	2.169658e-07	2.169658e-07
6.000000e+02	6.300000e+02	3.000000e+02	3.300000e+02	1.189078e-06	2.208062e-07	2.208062e-07
6.000000e+02	6.300000e+02	3.300000e+02	3.600000e+02	6.560428e-07	1.640107e-07	1.640107e-07
6.000000e+02	6.300000e+02	3.600000e+02	3.900000e+02	8.610562e-07	1.878979e-07	1.878979e-07
6.000000e+02	6.300000e+02	3.900000e+02	4.200000e+02	5.740375e-07	1.534180e-07	1.534180e-07
6.000000e+02	6.300000e+02	4.200000e+02	4.500000e+02	4.100268e-07	1.296619e-07	1.296619e-07
6.000000e+02	6.300000e+02	4.500000e+02	4.800000e+02	2.870187e-07	1.084829e-07	1.084829e-07
6.000000e+02	6.300000e+02	4.800000e+02	5.100000e+02	1.230080e-07	7.101872e-08	7.101872e-08
6.000000e+02	6.300000e+02	5.100000e+02	5.400000e+02	1.640107e-07	8.200536e-08	8.200536e-08
6.000000e+02	6.300000e+02	5.400000e+02	5.700000e+02	1.230080e-07	7.101872e-08	7.101872e-08
6.000000e+02	6.300000e+02	5.700000e+02	6.000000e+02	4.100268e-08	4.100268e-08	4.100268e-08
6.000000e+02	6.300000e+02	6.000000e+02	6.300000e+02	4.100268e-08	4.100268e-08	4.100268e-08
6.000000e+02	6.300000e+02	6.300000e+02	6.600000e+02	0.000000e+00	0.000000e+00	0.000000e+00
6.000000e+02	6.300000e+02	6.600000e+02	6.900000e+02	0.000000e+00	0.000000e+00	0.000000e+00
6.000000e+02	6.300000e+02	6.900000e+02	7.200000e+02	0.000000e+00	0.000000e+00	0.000000e+00
6.000000e+02	6.300000e+02	7.200000e+02	7.500000e+02	0.000000e+00	0.000000e+00	0.000000e+00
6.000000e+02	6.300000e+02	7.500000e+02	7.800000e+02	0.000000e+00	0.000000e+00	0.000000e+00
6.000000e+02	6.300000e+02	7.800000e+02	8.100000e+02	0.000000e+00	0.000000e+00	0.000000e+00
6.000000e+02	6.300000e+02	8.100000e+02	8.400000e+02	0.000000e+00	0.000000e+00	0.000000e+00
6.000000e+02	6.300000e+02	8.400000e+02	8.700000e+02	0.000000e+00	0.000000e+00	0.000000e+00
6.000000e+02	6.300000e+02	8.700000e+02	9.000000e+02	0.000000e+00	0.000000e+00	0.000000e+00
6.300000e+02	6.600000e+02	0.000000e+00	3.000000e+01	8.200536e-08	5.798654e-08	5.798654e-08
6.300000e+02	6.600000e+02	3.000000e+01	6.000000e+01	1.230080e-07	7.101872e-08	7.101872e-08
6.300000e+02	6.600000e+02	6.000000e+01	9.000000e+01	1.640107e-07	8.200536e-08	8.200536e-08
6.300000e+02	6.600000e+02	9.000000e+01	1.200000e+02	4.510295e-07	1.359905e-07	1.359905e-07
6.300000e+02	6.600000e+02	1.200000e+02	1.500000e+02	1.640107e-07	8.200536e-08	8.200536e-08
6.300000e+02	6.600000e+02	1.500000e+02	1.800000e+02	1.640107e-07	8.200536e-08	8.200536e-08
6.300000e+02	6.600000e+02	1.800000e+02	2.100000e+02	1.640107e-07	8.200536e-08	8.200536e-08
6.300000e+02	6.600000e+02	2.100000e+02	2.400000e+02	9.020589e-07	1.923196e-07	1.923196e-07
6.300000e+02	6.600000e+02	2.400000e+02	2.700000e+02	1.230080e-06	2.245809e-07	2.245809e-07
6.300000e+02	6.600000e+02	2.700000e+02	3.000000e+02	1.025067e-06	2.050134e-07	2.050134e-07
6.300000e+02	6.600000e+02	3.000000e+02	3.300000e+02	1.148075e-06	2.169658e-07	2.169658e-07
6.300000e+02	6.600000e+02	3.300000e+02	3.600000e+02	9.020589e-07	1.923196e-07	1.923196e-07
6.300000e+02	6.600000e+02	3.600000e+02	3.900000e+02	8.610562e-07	1.878979e-07	1.878979e-07
6.300000e+02	6.600000e+02	3.900000e+02	4.200000e+02	4.100268e-07	1.296619e-07	1.296619e-07
6.300000e+02	6.600000e+02	4.200000e+02	4.500000e+02	4.100268e-08	4.100268e-08	4.100268e-08
6.300000e+02	6.600000e+02	4.500000e+02	4.800000e+02	2.050134e-07	9.168477e-08	9.168477e-08
6.300000e+02	6.600000e+02	4.800000e+02	5.100000e+02	8.200536e-08	5.798654e-08	5.798654e-08
6.300000e+02	6.600000e+02	5.100000e+02	5.400000e+02	4.100268e-08	4.100268e-08	4.100268e-08
6.300000e+02	6.600000e+02	5.400000e+02	5.700000e+02	8.200536e-08	5.798654e-08	5.798654e-08
6.300000e+02	6.600000e+02	5.700000e+02	6.000000e+02	1.230080e-07	7.101872e-08	7.101872e-08
6.300000e+02	6.600000e+02	6.000000e+02	6.300000e+02	8.200536e-08	5.798654e-08	5.798654e-08
6.300000e+02	6.600000e+02	6.300000e+02	6.600000e+02	0.000000e+00	0.000000e+00	0.000000e+00
6.300000e+02	6.600000e+02	6.600000e+02	6.900000e+02	0.000000e+00	0.000000e+00	0.000000e+00
6.300000e+02	6.600000e+02	6.900000e+02	7.200000e+02	0.000000e+00	0.000000e+00	0.000000e+00
6.300000e+02	6.600000e+02	7.200000e+02	7.500000e+02	0.000000e+00	0.000000e+00	0.000000e+00
6.300000e+02	6.600000e+02	7.500000e+02	7.800000e+02	0.000000e+00	0.000000e+00	0.000000e+00
6.300000e+02	6.600000e+02	7.800000e+02	8.100000e+02	0.000000e+00	0.000000e+00	0.000000e+00
6.300000e+02	6.600000e+02	8.100000e+02	8.400000e+02	0.000000e+00	0.000000e+00	0.000000e+00
6.300000e+02	6.600000e+02	8.400000e+02	8.700000e+02	0.000000e+00	0.000000e+00	0.000000e+00
6.300000e+02	6.600000e+02	8.700000e+02	9.000000e+02	0.000000e+00	0.000000e+00	0.000000e+00
6.600000e+02	6.900000e+02	0.000000e+00	3.000000e+01	0.000000e+00	0.000000e+00	0.000000e+00
6.600000e+02	6.900000e+02	3.000000e+01	6.000000e+01	1.640107e-07	8.200536e-08	8.200536e-08
6.600000e+02	6.900000e+02	6.000000e+01	9.000000e+01	2.870187e-07	1.084829e-07	1.084829e-07
6.600000e+02	6.900000e+02	9.000000e+01	1.200000e+02	2.460161e-07	1.004356e-07	1.004356e-07
6.600000e+02	6.900000e+02	1.200000e+02	1.500000e+02	1.640107e-07	8.200536e-08	8.200536e-08
6.600000e+02	6.900000e+02	1.500000e+02	1.800000e+02	4.100268e-08	4.100268e-08	4.100268e-08
6.600000e+02	6.900000e+02	1.800000e+02	2.100000e+02	8.200536e-08	5.798654e-08	5.798654e-08
6.600000e+02	6.900000e+02	2.100000e+02	2.400000e+02	4.510295e-07	1.359905e-07	1.359905e-07
6.600000e+02	6.900000e+02	2.400000e+02	2.700000e+02	2.870187e-07	1.084829e-07	1.084829e-07
6.600000e+02	6.900000e+02	2.700000e+02	3.000000e+02	6.150402e-07	1.588027e-07	1.588027e-07
6.600000e+02	6.900000e+02	3.000000e+02	3.300000e+02	4.920321e-07	1.420374e-07	1.420374e-07
6.600000e+02	6.900000e+02	3.300000e+02	3.600000e+02	5.330348e-07	1.478373e-07	1.478373e-07
6.600000e+02	6.900000e+02	3.600000e+02	3.900000e+02	3.280214e-07	1.159731e-07	1.159731e-07
6.600000e+02	6.900000e+02	3.900000e+02	4.200000e+02	4.100268e-07	1.296619e-07	1.296619e-07
6.600000e+02	6.900000e+02	4.200000e+02	4.500000e+02	2.460161e-07	1.004356e-07	1.004356e-07
6.600000e+02	6.900000e+02	4.500000e+02	4.800000e+02	4.100268e-08	4.100268e-08	4.100268e-08
6.600000e+02	6.900000e+02	4.800000e+02	5.100000e+02	1.230080e-07	7.101872e-08	7.101872e-08
6.600000e+02	6.900000e+02	5.100000e+02	5.400000e+02	8.200536e-08	5.798654e-08	5.798654e-08
6.600000e+02	6.900000e+02	5.400000e+02	5.700000e+02	0.000000e+00	0.000000e+00	0.000000e+00
6.600000e+02	6.900000e+02	5.700000e+02	6.000000e+02	1.230080e-07	7.101872e-08	7.101872e-08
6.600000e+02	6.900000e+02	6.000000e+02	6.300000e+02	0.000000e+00	0.000000e+00	0.000000e+00
6.600000e+02	6.900000e+02	6.300000e+02	6.600000e+02	0.000000e+00	0.000000e+00	0.000000e+00
6.600000e+02	6.900000e+02	6.600000e+02	6.900000e+02	4.100268e-08	4.100268e-08	4.100268e-08
6.600000e+02	6.900000e+02	6.900000e+02	7.200000e+02	0.000000e+00	0.000000e+00	0.000000e+00
6.600000e+02	6.900000e+02	7.200000e+02	7.500000e+02	0.000000e+00	0.000000e+00	0.000000e+00
6.600000e+02	6.900000e+02	7.500000e+02	7.800000e+02	0.000000e+00	0.000000e+00	0.000000e+00
6.600000e+02	6.900000e+02	7.800000e+02	8.100000e+02	0.000000e+00	0.000000e+00	0.000000e+00
6.600000e+02	6.900000e+02	8.100000e+02	8.400000e+02	0.000000e+00	0.000000e+00	0.000000e+00
6.600000e+02	6.900000e+02	8.400000e+02	8.700000e+02	0.000000e+00	0.000000e+00	0.000000e+00
6.600000e+02	6.900000e+02	8.700000e+02	9.000000e+02	0.000000e+00	0.000000e+00	0.000000e+00
6.900000e+02	7.200000e+02	0.000000e+00	3.000000e+01	4.100268e-08	4.100268e-08	4.100268e-08
6.900000e+02	7.200000e+02	3.000000e+01	6.000000e+01	1.230080e-07	7.101872e-08	7.101872e-08
6.900000e+02	7.200000e+02	6.000000e+01	9.000000e+01	8.200536e-08	5.798654e-08	5.798654e-08
6.900000e+02	7.200000e+02	9.000000e+01	1.200000e+02	2.870187e-07	1.084829e-07	1.084829e-07
6.900000e+02	7.200000e+02	1.200000e+02	1.500000e+02	4.100268e-08	4.100268e-08	4.100268e-08
6.900000e+02	7.200000e+02	1.500000e+02	1.800000e+02	1.640107e-07	8.200536e-08	8.200536e-08
6.900000e+02	7.200000e+02	1.800000e+02	2.100000e+02	2.870187e-07	1.084829e-07	1.084829e-07
6.900000e+02	7.200000e+02	2.100000e+02	2.400000e+02	4.510295e-07	1.359905e-07	1.359905e-07
6.900000e+02	7.200000e+02	2.400000e+02	2.700000e+02	5.740375e-07	1.534180e-07	1.534180e-07
6.900000e+02	7.200000e+02	2.700000e+02	3.000000e+02	5.740375e-07	1.534180e-07	1.534180e-07
6.900000e+02	7.200000e+02	3.000000e+02	3.300000e+02	6.970455e-07	1.690584e-07	1.690584e-07
6.900000e+02	7.200000e+02	3.300000e+02	3.600000e+02	5.740375e-07	1.534180e-07	1.534180e-07
6.900000e+02	7.200000e+02	3.600000e+02	3.900000e+02	4.510295e-07	1.359905e-07	1.359905e-07
6.900000e+02	7.200000e+02	3.900000e+02	4.200000e+02	3.280214e-07	1.159731e-07	1.159731e-07
6.900000e+02	7.200000e+02	4.200000e+02	4.500000e+02	4.510295e-07	1.359905e-07	1.359905e-07
6.900000e+02	7.200000e+02	4.500000e+02	4.800000e+02	4.100268e-08	4.100268e-08	4.100268e-08
6.900000e+02	7.200000e+02	4.800000e+02	5.100000e+02	1.230080e-07	7.101872e-08	7.101872e-08
6.900000e+02	7.200000e+02	5.100000e+02	5.400000e+02	1.230080e-07	7.101872e-08	7.101872e-08
6.900000e+02	7.200000e+02	5.400000e+02	5.700000e+02	8.200536e-08	5.798654e-08	5.798654e-08
6.900000e+02	7.200000e+02	5.700000e+02	6.000000e+02	8.200536e-08	5.798654e-08	5.798654e-08
6.900000e+02	7.200000e+02	6.000000e+02	6.300000e+02	4.100268e-08	4.100268e-08	4.100268e-08
6.900000e+02	7.200000e+02	6.300000e+02	6.600000e+02	0.000000e+00	0.000000e+00	0.000000e+00
6.900000e+02	7.200000e+02	6.600000e+02	6.900000e+02	0.000000e+00	0.000000e+00	0.000000e+00
6.900000e+02	7.200000e+02	6.900000e+02	7.200000e+02	4.100268e-08	4.100268e-08	4.100268e-08
6.900000e+02	7.200000e+02	7.200000e+02	7.500000e+02	0.000000e+00	0.000000e+00	0.000000e+00
6.900000e+02	7.200000e+02	7.500000e+02	7.800000e+02	0.000000e+00	0.000000e+00	0.000000e+00
6.900000e+02	7.200000e+02	7.800000e+02	8.100000e+02	0.000000e+00	0.000000e+00	0.000000e+00
6.900000e+02	7.200000e+02	8.100000e+02	8.400000e+02	0.000000e+00	0.000000e+00	0.000000e+00
6.900000e+02	7.200000e+02	8.400000e+02	8.700000e+02	0.000000e+00	0.000000e+00	0.000000e+00
6.900000e+02	7.200000e+02	8.700000e+02	9.000000e+02	0.000000e+00	0.000000e+00	0.000000e+00
7.200000e+02	7.500000e+02	0.000000e+00	3.000000e+01	0.000000e+00	0.000000e+00	0.000000e+00
7.200000e+02	7.500000e+02	3.000000e+01	6.000000e+01	4.100268e-08	4.100268e-08	4.100268e-08
7.200000e+02	7.500000e+02	6.000000e+01	9.000000e+01	1.230080e-07	7.101872e-08	7.101872e-08
7.200000e+02	7.500000e+02	9.000000e+01	1.200000e+02	1.230080e-07	7.101872e-08	7.101872e-08
7.200000e+02	7.500000e+02	1.200000e+02	1.500000e+02	5.330348e-07	1.478373e-07	1.478373e-07
7.200000e+02	7.500000e+02	1.500000e+02	1.800000e+02	1.230080e-07	7.101872e-08	7.101872e-08
7.200000e+02	7.500000e+02	1.800000e+02	2.100000e+02	8.200536e-08	5.798654e-08	5.798654e-08
7.200000e+02	7.500000e+02	2.100000e+02	2.400000e+02	3.280214e-07	1.159731e-07	1.159731e-07
7.200000e+02	7.500000e+02	2.400000e+02	2.700000e+02	2.460161e-07	1.004356e-07	1.004356e-07
7.200000e+02	7.500000e+02	2.700000e+02	3.000000e+02	2.870187e-07	1.084829e-07	1.084829e-07
7.200000e+02	7.500000e+02	3.000000e+02	3.300000e+02	4.510295e-07	1.359905e-07	1.359905e-07
7.200000e+02	7.500000e+02	3.300000e+02	3.600000e+02	4.100268e-07	1.296619e-07	1.296619e-07
7.200000e+02	7.500000e+02	3.600000e+02	3.900000e+02	4.100268e-07	1.296619e-07	1.296619e-07
7.200000e+02	7.500000e+02	3.900000e+02	4.200000e+02	2.050134e-07	9.168477e-08	9.168477e-08
7.200000e+02	7.500000e+02	4.200000e+02	4.500000e+02	2.050134e-07	9.168477e-08	9.168477e-08
7.200000e+02	7.500000e+02	4.500000e+02	4.800000e+02	2.050134e-07	9.168477e-08	9.168477e-08
7.200000e+02	7.500000e+02	4.800000e+02	5.100000e+02	2.050134e-07	9.168477e-08	9.168477e-08
7.200000e+02	7.500000e+02	5.100000e+02	5.400000e+02	4.100268e-08	4.100268e-08	4.100268e-08
7.200000e+02	7.500000e+02	5.400000e+02	5.700000e+02	4.100268e-08	4.100268e-08	4.100268e-08
7.200000e+02	7.500000e+02	5.700000e+02	6.000000e+02	4.100268e-08	4.100268e-08	4.100268e-08
7.200000e+02	7.500000e+02	6.000000e+02	6.300000e+02	4.100268e-08	4.100268e-08	4.100268e-08
7.200000e+02	7.500000e+02	6.300000e+02	6.600000e+02	4.100268e-08	4.100268e-08	4.100268e-08
7.200000e+02	7.500000e+02	6.600000e+02	6.900000e+02	8.200536e-08	5.798654e-08	5.798654e-08
7.200000e+02	7.500000e+02	6.900000e+02	7.200000e+02	0.000000e+00	0.000000e+00	0.000000e+00
7.200000e+02	7.500000e+02	7.200000e+02	7.500000e+02	0.000000e+00	0.000000e+00	0.000000e+00
7.200000e+02	7.500000e+02	7.500000e+02	7.800000e+02	0.000000e+00	0.000000e+00	0.000000e+00
7.200000e+02	7.500000e+02	7.800000e+02	8.100000e+02	0.000000e+00	0.000000e+00	0.000000e+00
7.200000e+02	7.500000e+02	8.100000e+02	8.400000e+02	0.000000e+00	0.000000e+00	0.000000e+00
7.200000e+02	7.500000e+02	8.400000e+02	8.700000e+02	0.000000e+00	0.000000e+00	0.000000e+00
7.200000e+02	7.500000e+02	8.700000e+02	9.000000e+02	0.000000e+00	0.000000e+00	0.000000e+00
7.500000e+02	7.800000e+02	0.000000e+00	3.000000e+01	0.000000e+00	0.000000e+00	0.000000e+00
7.500000e+02	7.800000e+02	3.000000e+01	6.000000e+01	2.050134e-07	9.168477e-08	9.168477e-08
7.500000e+02	7.800000e+02	6.000000e+01	9.000000e+01	4.100268e-08	4.100268e-08	4.100268e-08
7.500000e+02	7.800000e+02	9.000000e+01	1.200000e+02	0.000000e+00	0.000000e+00	0.000000e+00
7.500000e+02	7.800000e+02	1.200000e+02	1.500000e+02	4.100268e-08	4.100268e-08	4.100268e-08
7.500000e+02	7.800000e+02	1.500000e+02	1.800000e+02	4.100268e-08	4.100268e-08	4.100268e-08
7.500000e+02	7.800000e+02	1.800000e+02	2.100000e+02	1.640107e-07	8.200536e-08	8.200536e-08
7.500000e+02	7.800000e+02	2.100000e+02	2.400000e+02	1.640107e-07	8.200536e-08	8.200536e-08
7.500000e+02	7.800000e+02	2.400000e+02	2.700000e+02	4.100268e-07	1.296619e-07	1.296619e-07
7.500000e+02	7.800000e+02	2.700000e+02	3.000000e+02	1.230080e-07	7.101872e-08	7.101872e-08
7.500000e+02	7.800000e+02	3.000000e+02	3.300000e+02	3.280214e-07	1.159731e-07	1.159731e-07
7.500000e+02	7.800000e+02	3.300000e+02	3.600000e+02	2.050134e-07	9.168477e-08	9.168477e-08
7.500000e+02	7.800000e+02	3.600000e+02	3.900000e+02	1.640107e-07	8.200536e-08	8.200536e-08
7.500000e+02	7.800000e+02	3.900000e+02	4.200000e+02	2.460161e-07	1.004356e-07	1.004356e-07
7.500000e+02	7.800000e+02	4.200000e+02	4.500000e+02	8.200536e-08	5.798654e-08	5.798654e-08
7.500000e+02	7.800000e+02	4.500000e+02	4.800000e+02	2.050134e-07	9.168477e-08	9.168477e-08
7.500000e+02	7.800000e+02	4.800000e+02	5.100000e+02	4.100268e-08	4.100268e-08	4.100268e-08
7.500000e+02	7.800000e+02	5.100000e+02	5.400000e+02	8.200536e-08	5.798654e-08	5.798654e-08
7.500000e+02	7.800000e+02	5.400000e+02	5.700000e+02	4.100268e-08	4.100268e-08	4.100268e-08
7.500000e+02	7.800000e+02	5.700000e+02	6.000000e+02	8.200536e-08	5.798654e-08	5.798654e-08
7.500000e+02	7.800000e+02	6.000000e+02	6.300000e+02	0.000000e+00	0.000000e+00	0.000000e+00
7.500000e+02	7.800000e+02	6.300000e+02	6.600000e+02	4.100268e-08	4.100268e-08	4.100268e-08
7.500000e+02	7.800000e+02	6.600000e+02	6.900000e+02	0.000000e+00	0.000000e+00	0.000000e+00
7.500000e+02	7.800000e+02	6.900000e+02	7.200000e+02	0.000000e+00	0.000000e+00	0.000000e+00
7.500000e+02	7.800000e+02	7.200000e+02	7.500000e+02	4.100268e-08	4.100268e-08	4.100268e-08
7.500000e+02	7.800000e+02	7.500000e+02	7.800000e+02	0.000000e+00	0.000000e+00	0.000000e+00
7.500000e+02	7.800000e+02	7.800000e+02	8.100000e+02	0.000000e+00	0.000000e+00	0.000000e+00
7.500000e+02	7.800000e+02	8.100000e+02	8.400000e+02	0.000000e+00	0.000000e+00	0.000000e+00
7.500000e+02	7.800000e+02	8.400000e+02	8.700000e+02	0.000000e+00	0.000000e+00	0.000000e+00
7.500000e+02	7.800000e+02	8.700000e+02	9.000000e+02	0.000000e+00	0.000000e+00	0.000000e+00
7.800000e+02	8.100000e+02	0.000000e+00	3.000000e+01	0.000000e+00	0.000000e+00	0.000000e+00
7.800000e+02	8.100000e+02	3.000000e+01	6.000000e+01	0.000000e+00	0.000000e+00	0.000000e+00
7.800000e+02	8.100000e+02	6.000000e+01	9.000000e+01	1.230080e-07	7.101872e-08	7.101872e-08
7.800000e+02	8.100000e+02	9.000000e+01	1.200000e+02	4.100268e-08	4.100268e-08	4.100268e-08
7.800000e+02	8.100000e+02	1.200000e+02	1.500000e+02	8.200536e-08	5.798654e-08	5.798654e-08
7.800000e+02	8.100000e+02	1.500000e+02	1.800000e+02	0.000000e+00	0.000000e+00	0.000000e+00
7.800000e+02	8.100000e+02	1.800000e+02	2.100000e+02	8.200536e-08	5.798654e-08	5.798654e-08
7.800000e+02	8.100000e+02	2.100000e+02	2.400000e+02	2.050134e-07	9.168477e-08	9.168477e-08
7.800000e+02	8.100000e+02	2.400000e+02	2.700000e+02	2.050134e-07	9.168477e-08	9.168477e-08
7.800000e+02	8.100000e+02	2.700000e+02	3.000000e+02	2.870187e-07	1.084829e-07	1.084829e-07
7.800000e+02	8.100000e+02	3.000000e+02	3.300000e+02	1.640107e-07	8.200536e-08	8.200536e-08
7.800000e+02	8.100000e+02	3.300000e+02	3.600000e+02	3.690241e-07	1.230080e-07	1.230080e-07
7.800000e+02	8.100000e+02	3.600000e+02	3.900000e+02	2.050134e-07	9.168477e-08	9.168477e-08
7.800000e+02	8.100000e+02	3.900000e+02	4.200000e+02	1.640107e-07	8.200536e-08	8.200536e-08
7.800000e+02	8.100000e+02	4.200000e+02	4.500000e+02	1.230080e-07	7.101872e-08	7.101872e-08
7.800000e+02	8.100000e+02	4.500000e+02	4.800000e+02	8.200536e-08	5.798654e-08	5.798654e-08
7.800000e+02	8.100000e+02	4.800000e+02	5.100000e+02	8.200536e-08	5.798654e-08	5.798654e-08
7.800000e+02	8.100000e+02	5.100000e+02	5.400000e+02	1.230080e-07	7.101872e-08	7.101872e-08
7.800000e+02	8.100000e+02	5.400000e+02	5.700000e+02	4.100268e-08	4.100268e-08	4.100268e-08
7.800000e+02	8.100000e+02	5.700000e+02	6.000000e+02	0.000000e+00	0.000000e+00	0.000000e+00
7.800000e+02	8.100000e+02	6.000000e+02	6.300000e+02	4.100268e-08	4.100268e-08	4.100268e-08
7.800000e+02	8.100000e+02	6.300000e+02	6.600000e+02	4.100268e-08	4.100268e-08	4.100268e-08
7.800000e+02	8.100000e+02	6.600000e+02	6.900000e+02	4.100268e-08	4.100268e-08	4.100268e-08
7.800000e+02	8.100000e+02	6.900000e+02	7.200000e+02	4.100268e-08	4.100268e-08	4.100268e-08
7.800000e+02	8.100000e+02	7.200000e+02	7.500000e+02	0.000000e+00	0.000000e+00	0.000000e+00
7.800000e+02	8.100000e+02	7.500000e+02	7.800000e+02	0.000000e+00	0.000000e+00	0.000000e+00
7.800000e+02	8.100000e+02	7.800000e+02	8.100000e+02	0.000000e+00	0.000000e+00	0.000000e+00
7.800000e+02	8.100000e+02	8.100000e+02	8.400000e+02	0.000000e+00	0.000000e+00	0.000000e+00
7.800000e+02	8.100000e+02	8.400000e+02	8.700000e+02	0.000000e+00	0.000000e+00	0.000000e+00
7.800000e+02	8.100000e+02	8.700000e+02	9.000000e+02	0.000000e+00	0.000000e+00	0.000000e+00
8.100000e+02	8.400000e+02	0.000000e+00	3.000000e+01	0.000000e+00	0.000000e+00	0.000000e+00
8.100000e+02	8.400000e+02	3.000000e+01	6.000000e+01	0.000000e+00	0.000000e+00	0.000000e+00
8.100000e+02	8.400000e+02	6.000000e+01	9.000000e+01	4.100268e-08	4.100268e-08	4.100268e-08
8.100000e+02	8.400000e+02	9.000000e+01	1.200000e+02	0.000000e+00	0.000000e+00	0.000000e+00
8.100000e+02	8.400000e+02	1.200000e+02	1.500000e+02	4.100268e-08	4.100268e-08	4.100268e-08
8.100000e+02	8.400000e+02	1.500000e+02	1.800000e+02	4.100268e-08	4.100268e-08	4.100268e-08
8.100000e+02	8.400000e+02	1.800000e+02	2.100000e+02	0.000000e+00	0.000000e+00	0.000000e+00
8.100000e+02	8.400000e+02	2.100000e+02	2.400000e+02	8.200536e-08	5.798654e-08	5.798654e-08
8.100000e+02	8.400000e+02	2.400000e+02	2.700000e+02	8.200536e-08	5.798654e-08	5.798654e-08
8.100000e+02	8.400000e+02	2.700000e+02	3.000000e+02	1.230080e-07	7.101872e-08	7.101872e-08
8.100000e+02	8.400000e+02	3.000000e+02	3.300000e+02	2.460161e-07	1.004356e-07	1.004356e-07
8.100000e+02	8.400000e+02	3.300000e+02	3.600000e+02	2.050134e-07	9.168477e-08	9.168477e-08
8.100000e+02	8.400000e+02	3.600000e+02	3.900000e+02	0.000000e+00	0.000000e+00	0.000000e+00
8.100000e+02	8.400000e+02	3.900000e+02	4.200000e+02	8.200536e-08	5.798654e-08	5.798654e-08
8.100000e+02	8.400000e+02	4.200000e+02	4.500000e+02	1.230080e-07	7.101872e-08	7.101872e-08
8.100000e+02	8.400000e+02	4.500000e+02	4.800000e+02	1.230080e-07	7.101872e-08	7.101872e-08
8.100000e+02	8.400000e+02	4.800000e+02	5.100000e+02	8.200536e-08	5.798654e-08	5.798654e-08
8.100000e+02	8.400000e+02	5.100000e+02	5.400000e+02	8.200536e-08	5.798654e-08	5.798654e-08
8.100000e+02	8.400000e+02	5.400000e+02	5.700000e+02	0.000000e+00	0.000000e+00	0.000000e+00
8.100000e+02	8.400000e+02	5.700000e+02	6.000000e+02	0.000000e+00	0.000000e+00	0.000000e+00
8.100000e+02	8.400000e+02	6.000000e+02	6.300000e+02	0.000000e+00	0.000000e+00	0.000000e+00
8.100000e+02	8.400000e+02	6.300000e+02	6.600000e+02	0.000000e+00	0.000000e+00	0.000000e+00
8.100000e+02	8.400000e+02	6.600000e+02	6.900000e+02	0.000000e+00	0.000000e+00	0.000000e+00
8.100000e+02	8.400000e+02	6.900000e+02	7.200000e+02	4.100268e-08	4.100268e-08	4.100268e-08
8.100000e+02	8.400000e+02	7.200000e+02	7.500000e+02	4.100268e-08	4.100268e-08	4.100268e-08
8.100000e+02	8.400000e+02	7.500000e+02	7.800000e+02	0.000000e+00	0.000000e+00	0.000000e+00
8.100000e+02	8.400000e+02	7.800000e+02	8.100000e+02	0.000000e+00	0.000000e+00	0.000000e+00
8.100000e+02	8.400000e+02	8.100000e+02	8.400000e+02	0.000000e+00	0.000000e+00	0.000000e+00
8.100000e+02	8.400000e+02	8.400000e+02	8.700000e+02	0.000000e+00	0.000000e+00	0.000000e+00
8.100000e+02	8.400000e+02	8.700000e+02	9.000000e+02	0.000000e+00	0.000000e+00	0.000000e+00
8.400000e+02	8.700000e+02	0.000000e+00	3.000000e+01	0.000000e+00	0.000000e+00	0.000000e+00
8.400000e+02	8.700000e+02	3.000000e+01	6.000000e+01	4.100268e-08	4.100268e-08	4.100268e-08
8.400000e+02	8.700000e+02	6.000000e+01	9.000000e+01	4.100268e-08	4.100268e-08	4.100268e-08
8.400000e+02	8.700000e+02	9.000000e+01	1.200000e+02	4.100268e-08	4.100268e-08	4.100268e-08
8.400000e+02	8.700000e+02	1.200000e+02	1.500000e+02	8.200536e-08	5.798654e-08	5.798654e-08
8.400000e+02	8.700000e+02	1.500000e+02	1.800000e+02	1.230080e-07	7.101872e-08	7.101872e-08
8.400000e+02	8.700000e+02	1.800000e+02	2.100000e+02	4.100268e-08	4.100268e-08	4.100268e-08
8.400000e+02	8.700000e+02	2.100000e+02	2.400000e+02	4.100268e-08	4.100268e-08	4.100268e-08
8.400000e+02	8.700000e+02	2.400000e+02	2.700000e+02	2.050134e-07	9.168477e-08	9.168477e-08
8.400000e+02	8.700000e+02	2.700000e+02	3.000000e+02	8.200536e-08	5.798654e-08	5.798654e-08
8.400000e+02	8.700000e+02	3.000000e+02	3.300000e+02	8.200536e-08	5.798654e-08	5.798654e-08
8.400000e+02	8.700000e+02	3.300000e+02	3.600000e+02	2.050134e-07	9.168477e-08	9.168477e-08
8.400000e+02	8.700000e+02	3.600000e+02	3.900000e+02	8.200536e-08	5.798654e-08	5.798654e-08
8.400000e+02	8.700000e+02	3.900000e+02	4.200000e+02	1.640107e-07	8.200536e-08	8.200536e-08
8.400000e+02	8.700000e+02	4.200000e+02	4.500000e+02	2.050134e-07	9.168477e-08	9.168477e-08
8.400000e+02	8.700000e+02	4.500000e+02	4.800000e+02	1.230080e-07	7.101872e-08	7.101872e-08
8.400000e+02	8.700000e+02	4.800000e+02	5.100000e+02	1.230080e-07	7.101872e-08	7.101872e-08
8.400000e+02	8.700000e+02	5.100000e+02	5.400000e+02	4.100268e-08	4.100268e-08	4.100268e-08
8.400000e+02	8.700000e+02	5.400000e+02	5.700000e+02	0.000000e+00	0.000000e+00	0.000000e+00
8.400000e+02	8.700000e+02	5.700000e+02	6.000000e+02	0.000000e+00	0.000000e+00	0.000000e+00
8.400000e+02	8.700000e+02	6.000000e+02	6.300000e+02	0.000000e+00	0.000000e+00	0.000000e+00
8.400000e+02	8.700000e+02	6.300000e+02	6.600000e+02	0.000000e+00	0.000000e+00	0.000000e+00
8.400000e+02	8.700000e+02	6.600000e+02	6.900000e+02	0.000000e+00	0.000000e+00	0.000000e+00
8.400000e+02	8.700000e+02	6.900000e+02	7.200000e+02	0.000000e+00	0.000000e+00	0.000000e+00
8.400000e+02	8.700000e+02	7.200000e+02	7.500000e+02	0.000000e+00	0.000000e+00	0.000000e+00
8.400000e+02	8.700000e+02	7.500000e+02	7.800000e+02	4.100268e-08	4.100268e-08	4.100268e-08
8.400000e+02	8.700000e+02	7.800000e+02	8.100000e+02	0.000000e+00	0.000000e+00	0.000000e+00
8.400000e+02	8.700000e+02	8.100000e+02	8.400000e+02	0.000000e+00	0.000000e+00	0.000000e+00
8.400000e+02	8.700000e+02	8.400000e+02	8.700000e+02	0.000000e+00	0.000000e+00	0.000000e+00
8.400000e+02	8.700000e+02	8.700000e+02	9.000000e+02	0.000000e+00	0.000000e+00	0.000000e+00
8.700000e+02	9.000000e+02	0.000000e+00	3.000000e+01	0.000000e+00	0.000000e+00	0.000000e+00
8.700000e+02	9.000000e+02	3.000000e+01	6.000000e+01	4.100268e-08	4.100268e-08	4.100268e-08
8.700000e+02	9.000000e+02	6.000000e+01	9.000000e+01	0.000000e+00	0.000000e+00	0.000000e+00
8.700000e+02	9.000000e+02	9.000000e+01	1.200000e+02	4.100268e-08	4.100268e-08	4.100268e-08
8.700000e+02	9.000000e+02	1.200000e+02	1.500000e+02	4.100268e-08	4.100268e-08	4.100268e-08
8.700000e+02	9.000000e+02	1.500000e+02	1.800000e+02	0.000000e+00	0.000000e+00	0.000000e+00
8.700000e+02	9.000000e+02	1.800000e+02	2.100000e+02	0.000000e+00	0.000000e+00	0.000000e+00
8.700000e+02	9.000000e+02	2.100000e+02	2.400000e+02	0.000000e+00	0.000000e+00	0.000000e+00
8.700000e+02	9.000000e+02	2.400000e+02	2.700000e+02	1.230080e-07	7.101872e-08	7.101872e-08
8.700000e+02	9.000000e+02	2.700000e+02	3.000000e+02	8.200536e-08	5.798654e-08	5.798654e-08
8.700000e+02	9.000000e+02	3.000000e+02	3.300000e+02	8.200536e-08	5.798654e-08	5.798654e-08
8.700000e+02	9.000000e+02	3.300000e+02	3.600000e+02	8.200536e-08	5.798654e-08	5.798654e-08
8.700000e+02	9.000000e+02	3.600000e+02	3.900000e+02	1.230080e-07	7.101872e-08	7.101872e-08
8.700000e+02	9.000000e+02	3.900000e+02	4.200000e+02	1.230080e-07	7.101872e-08	7.101872e-08
8.700000e+02	9.000000e+02	4.200000e+02	4.500000e+02	4.100268e-08	4.100268e-08	4.100268e-08
8.700000e+02	9.000000e+02	4.500000e+02	4.800000e+02	4.100268e-08	4.100268e-08	4.100268e-08
8.700000e+02	9.000000e+02	4.800000e+02	5.100000e+02	4.100268e-08	4.100268e-08	4.100268e-08
8.700000e+02	9.000000e+02	5.100000e+02	5.400000e+02	0.000000e+00	0.000000e+00	0.000000e+00
8.700000e+02	9.000000e+02	5.400000e+02	5.700000e+02	4.100268e-08	4.100268e-08	4.100268e-08
8.700000e+02	9.000000e+02	5.700000e+02	6.000000e+02	0.000000e+00	0.000000e+00	0.000000e+00
8.700000e+02	9.000000e+02	6.000000e+02	6.300000e+02	0.000000e+00	0.000000e+00	0.000000e+00
8.700000e+02	9.000000e+02	6.300000e+02	6.600000e+02	0.000000e+00	0.000000e+00	0.000000e+00
8.700000e+02	9.000000e+02	6.600000e+02	6.900000e+02	0.000000e+00	0.000000e+00	0.000000e+00
8.700000e+02	9.000000e+02	6.900000e+02	7.200000e+02	0.000000e+00	0.000000e+00	0.000000e+00
8.700000e+02	9.000000e+02	7.200000e+02	7.500000e+02	0.000000e+00	0.000000e+00	0.000000e+00
8.700000e+02	9.000000e+02	7.500000e+02	7.800000e+02	0.000000e+00	0.000000e+00	0.000000e+00
8.700000e+02	9.000000e+02	7.800000e+02	8.100000e+02	0.000000e+00	0.000000e+00	0.000000e+00
8.700000e+02	9.000000e+02	8.100000e+02	8.400000e+02	0.000000e+00	0.000000e+00	0.000000e+00
8.700000e+02	9.000000e+02	8.400000e+02	8.700000e+02	0.000000e+00	0.000000e+00	0.000000e+00
8.700000e+02	9.000000e+02	8.700000e+02	9.000000e+02	0.000000e+00	0.000000e+00	0.000000e+00
# END HISTOGRAM

