# BEGIN HISTO2D /res/oxford_combined_rw2/histo_mHmH_res_C2
Path=/res/oxford_combined_rw2/histo_mHmH_res_C2
Title=mHmH_res_C2
# xlow	 xhigh	 ylow	 yhigh	 val	 errminus	 errplus
0.000000e+00	6.000000e+00	0.000000e+00	6.000000e+00	0.000000e+00	0.000000e+00	0.000000e+00
0.000000e+00	6.000000e+00	6.000000e+00	1.200000e+01	0.000000e+00	0.000000e+00	0.000000e+00
0.000000e+00	6.000000e+00	1.200000e+01	1.800000e+01	0.000000e+00	0.000000e+00	0.000000e+00
0.000000e+00	6.000000e+00	1.800000e+01	2.400000e+01	0.000000e+00	0.000000e+00	0.000000e+00
0.000000e+00	6.000000e+00	2.400000e+01	3.000000e+01	0.000000e+00	0.000000e+00	0.000000e+00
0.000000e+00	6.000000e+00	3.000000e+01	3.600000e+01	0.000000e+00	0.000000e+00	0.000000e+00
0.000000e+00	6.000000e+00	3.600000e+01	4.200000e+01	0.000000e+00	0.000000e+00	0.000000e+00
0.000000e+00	6.000000e+00	4.200000e+01	4.800000e+01	0.000000e+00	0.000000e+00	0.000000e+00
0.000000e+00	6.000000e+00	4.800000e+01	5.400000e+01	0.000000e+00	0.000000e+00	0.000000e+00
0.000000e+00	6.000000e+00	5.400000e+01	6.000000e+01	0.000000e+00	0.000000e+00	0.000000e+00
0.000000e+00	6.000000e+00	6.000000e+01	6.600000e+01	0.000000e+00	0.000000e+00	0.000000e+00
0.000000e+00	6.000000e+00	6.600000e+01	7.200000e+01	0.000000e+00	0.000000e+00	0.000000e+00
0.000000e+00	6.000000e+00	7.200000e+01	7.800000e+01	0.000000e+00	0.000000e+00	0.000000e+00
0.000000e+00	6.000000e+00	7.800000e+01	8.400000e+01	0.000000e+00	0.000000e+00	0.000000e+00
0.000000e+00	6.000000e+00	8.400000e+01	9.000000e+01	0.000000e+00	0.000000e+00	0.000000e+00
0.000000e+00	6.000000e+00	9.000000e+01	9.600000e+01	0.000000e+00	0.000000e+00	0.000000e+00
0.000000e+00	6.000000e+00	9.600000e+01	1.020000e+02	0.000000e+00	0.000000e+00	0.000000e+00
0.000000e+00	6.000000e+00	1.020000e+02	1.080000e+02	0.000000e+00	0.000000e+00	0.000000e+00
0.000000e+00	6.000000e+00	1.080000e+02	1.140000e+02	0.000000e+00	0.000000e+00	0.000000e+00
0.000000e+00	6.000000e+00	1.140000e+02	1.200000e+02	0.000000e+00	0.000000e+00	0.000000e+00
0.000000e+00	6.000000e+00	1.200000e+02	1.260000e+02	0.000000e+00	0.000000e+00	0.000000e+00
0.000000e+00	6.000000e+00	1.260000e+02	1.320000e+02	0.000000e+00	0.000000e+00	0.000000e+00
0.000000e+00	6.000000e+00	1.320000e+02	1.380000e+02	0.000000e+00	0.000000e+00	0.000000e+00
0.000000e+00	6.000000e+00	1.380000e+02	1.440000e+02	0.000000e+00	0.000000e+00	0.000000e+00
0.000000e+00	6.000000e+00	1.440000e+02	1.500000e+02	0.000000e+00	0.000000e+00	0.000000e+00
0.000000e+00	6.000000e+00	1.500000e+02	1.560000e+02	0.000000e+00	0.000000e+00	0.000000e+00
0.000000e+00	6.000000e+00	1.560000e+02	1.620000e+02	0.000000e+00	0.000000e+00	0.000000e+00
0.000000e+00	6.000000e+00	1.620000e+02	1.680000e+02	0.000000e+00	0.000000e+00	0.000000e+00
0.000000e+00	6.000000e+00	1.680000e+02	1.740000e+02	0.000000e+00	0.000000e+00	0.000000e+00
0.000000e+00	6.000000e+00	1.740000e+02	1.800000e+02	0.000000e+00	0.000000e+00	0.000000e+00
6.000000e+00	1.200000e+01	0.000000e+00	6.000000e+00	0.000000e+00	0.000000e+00	0.000000e+00
6.000000e+00	1.200000e+01	6.000000e+00	1.200000e+01	0.000000e+00	0.000000e+00	0.000000e+00
6.000000e+00	1.200000e+01	1.200000e+01	1.800000e+01	0.000000e+00	0.000000e+00	0.000000e+00
6.000000e+00	1.200000e+01	1.800000e+01	2.400000e+01	0.000000e+00	0.000000e+00	0.000000e+00
6.000000e+00	1.200000e+01	2.400000e+01	3.000000e+01	0.000000e+00	0.000000e+00	0.000000e+00
6.000000e+00	1.200000e+01	3.000000e+01	3.600000e+01	0.000000e+00	0.000000e+00	0.000000e+00
6.000000e+00	1.200000e+01	3.600000e+01	4.200000e+01	0.000000e+00	0.000000e+00	0.000000e+00
6.000000e+00	1.200000e+01	4.200000e+01	4.800000e+01	0.000000e+00	0.000000e+00	0.000000e+00
6.000000e+00	1.200000e+01	4.800000e+01	5.400000e+01	0.000000e+00	0.000000e+00	0.000000e+00
6.000000e+00	1.200000e+01	5.400000e+01	6.000000e+01	0.000000e+00	0.000000e+00	0.000000e+00
6.000000e+00	1.200000e+01	6.000000e+01	6.600000e+01	0.000000e+00	0.000000e+00	0.000000e+00
6.000000e+00	1.200000e+01	6.600000e+01	7.200000e+01	0.000000e+00	0.000000e+00	0.000000e+00
6.000000e+00	1.200000e+01	7.200000e+01	7.800000e+01	0.000000e+00	0.000000e+00	0.000000e+00
6.000000e+00	1.200000e+01	7.800000e+01	8.400000e+01	0.000000e+00	0.000000e+00	0.000000e+00
6.000000e+00	1.200000e+01	8.400000e+01	9.000000e+01	0.000000e+00	0.000000e+00	0.000000e+00
6.000000e+00	1.200000e+01	9.000000e+01	9.600000e+01	0.000000e+00	0.000000e+00	0.000000e+00
6.000000e+00	1.200000e+01	9.600000e+01	1.020000e+02	0.000000e+00	0.000000e+00	0.000000e+00
6.000000e+00	1.200000e+01	1.020000e+02	1.080000e+02	0.000000e+00	0.000000e+00	0.000000e+00
6.000000e+00	1.200000e+01	1.080000e+02	1.140000e+02	0.000000e+00	0.000000e+00	0.000000e+00
6.000000e+00	1.200000e+01	1.140000e+02	1.200000e+02	0.000000e+00	0.000000e+00	0.000000e+00
6.000000e+00	1.200000e+01	1.200000e+02	1.260000e+02	0.000000e+00	0.000000e+00	0.000000e+00
6.000000e+00	1.200000e+01	1.260000e+02	1.320000e+02	0.000000e+00	0.000000e+00	0.000000e+00
6.000000e+00	1.200000e+01	1.320000e+02	1.380000e+02	0.000000e+00	0.000000e+00	0.000000e+00
6.000000e+00	1.200000e+01	1.380000e+02	1.440000e+02	0.000000e+00	0.000000e+00	0.000000e+00
6.000000e+00	1.200000e+01	1.440000e+02	1.500000e+02	0.000000e+00	0.000000e+00	0.000000e+00
6.000000e+00	1.200000e+01	1.500000e+02	1.560000e+02	0.000000e+00	0.000000e+00	0.000000e+00
6.000000e+00	1.200000e+01	1.560000e+02	1.620000e+02	0.000000e+00	0.000000e+00	0.000000e+00
6.000000e+00	1.200000e+01	1.620000e+02	1.680000e+02	0.000000e+00	0.000000e+00	0.000000e+00
6.000000e+00	1.200000e+01	1.680000e+02	1.740000e+02	0.000000e+00	0.000000e+00	0.000000e+00
6.000000e+00	1.200000e+01	1.740000e+02	1.800000e+02	0.000000e+00	0.000000e+00	0.000000e+00
1.200000e+01	1.800000e+01	0.000000e+00	6.000000e+00	0.000000e+00	0.000000e+00	0.000000e+00
1.200000e+01	1.800000e+01	6.000000e+00	1.200000e+01	0.000000e+00	0.000000e+00	0.000000e+00
1.200000e+01	1.800000e+01	1.200000e+01	1.800000e+01	0.000000e+00	0.000000e+00	0.000000e+00
1.200000e+01	1.800000e+01	1.800000e+01	2.400000e+01	0.000000e+00	0.000000e+00	0.000000e+00
1.200000e+01	1.800000e+01	2.400000e+01	3.000000e+01	0.000000e+00	0.000000e+00	0.000000e+00
1.200000e+01	1.800000e+01	3.000000e+01	3.600000e+01	0.000000e+00	0.000000e+00	0.000000e+00
1.200000e+01	1.800000e+01	3.600000e+01	4.200000e+01	0.000000e+00	0.000000e+00	0.000000e+00
1.200000e+01	1.800000e+01	4.200000e+01	4.800000e+01	0.000000e+00	0.000000e+00	0.000000e+00
1.200000e+01	1.800000e+01	4.800000e+01	5.400000e+01	0.000000e+00	0.000000e+00	0.000000e+00
1.200000e+01	1.800000e+01	5.400000e+01	6.000000e+01	0.000000e+00	0.000000e+00	0.000000e+00
1.200000e+01	1.800000e+01	6.000000e+01	6.600000e+01	0.000000e+00	0.000000e+00	0.000000e+00
1.200000e+01	1.800000e+01	6.600000e+01	7.200000e+01	0.000000e+00	0.000000e+00	0.000000e+00
1.200000e+01	1.800000e+01	7.200000e+01	7.800000e+01	0.000000e+00	0.000000e+00	0.000000e+00
1.200000e+01	1.800000e+01	7.800000e+01	8.400000e+01	0.000000e+00	0.000000e+00	0.000000e+00
1.200000e+01	1.800000e+01	8.400000e+01	9.000000e+01	0.000000e+00	0.000000e+00	0.000000e+00
1.200000e+01	1.800000e+01	9.000000e+01	9.600000e+01	0.000000e+00	0.000000e+00	0.000000e+00
1.200000e+01	1.800000e+01	9.600000e+01	1.020000e+02	0.000000e+00	0.000000e+00	0.000000e+00
1.200000e+01	1.800000e+01	1.020000e+02	1.080000e+02	0.000000e+00	0.000000e+00	0.000000e+00
1.200000e+01	1.800000e+01	1.080000e+02	1.140000e+02	0.000000e+00	0.000000e+00	0.000000e+00
1.200000e+01	1.800000e+01	1.140000e+02	1.200000e+02	0.000000e+00	0.000000e+00	0.000000e+00
1.200000e+01	1.800000e+01	1.200000e+02	1.260000e+02	0.000000e+00	0.000000e+00	0.000000e+00
1.200000e+01	1.800000e+01	1.260000e+02	1.320000e+02	0.000000e+00	0.000000e+00	0.000000e+00
1.200000e+01	1.800000e+01	1.320000e+02	1.380000e+02	0.000000e+00	0.000000e+00	0.000000e+00
1.200000e+01	1.800000e+01	1.380000e+02	1.440000e+02	0.000000e+00	0.000000e+00	0.000000e+00
1.200000e+01	1.800000e+01	1.440000e+02	1.500000e+02	0.000000e+00	0.000000e+00	0.000000e+00
1.200000e+01	1.800000e+01	1.500000e+02	1.560000e+02	0.000000e+00	0.000000e+00	0.000000e+00
1.200000e+01	1.800000e+01	1.560000e+02	1.620000e+02	0.000000e+00	0.000000e+00	0.000000e+00
1.200000e+01	1.800000e+01	1.620000e+02	1.680000e+02	0.000000e+00	0.000000e+00	0.000000e+00
1.200000e+01	1.800000e+01	1.680000e+02	1.740000e+02	0.000000e+00	0.000000e+00	0.000000e+00
1.200000e+01	1.800000e+01	1.740000e+02	1.800000e+02	0.000000e+00	0.000000e+00	0.000000e+00
1.800000e+01	2.400000e+01	0.000000e+00	6.000000e+00	0.000000e+00	0.000000e+00	0.000000e+00
1.800000e+01	2.400000e+01	6.000000e+00	1.200000e+01	0.000000e+00	0.000000e+00	0.000000e+00
1.800000e+01	2.400000e+01	1.200000e+01	1.800000e+01	0.000000e+00	0.000000e+00	0.000000e+00
1.800000e+01	2.400000e+01	1.800000e+01	2.400000e+01	0.000000e+00	0.000000e+00	0.000000e+00
1.800000e+01	2.400000e+01	2.400000e+01	3.000000e+01	0.000000e+00	0.000000e+00	0.000000e+00
1.800000e+01	2.400000e+01	3.000000e+01	3.600000e+01	0.000000e+00	0.000000e+00	0.000000e+00
1.800000e+01	2.400000e+01	3.600000e+01	4.200000e+01	0.000000e+00	0.000000e+00	0.000000e+00
1.800000e+01	2.400000e+01	4.200000e+01	4.800000e+01	0.000000e+00	0.000000e+00	0.000000e+00
1.800000e+01	2.400000e+01	4.800000e+01	5.400000e+01	0.000000e+00	0.000000e+00	0.000000e+00
1.800000e+01	2.400000e+01	5.400000e+01	6.000000e+01	0.000000e+00	0.000000e+00	0.000000e+00
1.800000e+01	2.400000e+01	6.000000e+01	6.600000e+01	0.000000e+00	0.000000e+00	0.000000e+00
1.800000e+01	2.400000e+01	6.600000e+01	7.200000e+01	0.000000e+00	0.000000e+00	0.000000e+00
1.800000e+01	2.400000e+01	7.200000e+01	7.800000e+01	0.000000e+00	0.000000e+00	0.000000e+00
1.800000e+01	2.400000e+01	7.800000e+01	8.400000e+01	0.000000e+00	0.000000e+00	0.000000e+00
1.800000e+01	2.400000e+01	8.400000e+01	9.000000e+01	0.000000e+00	0.000000e+00	0.000000e+00
1.800000e+01	2.400000e+01	9.000000e+01	9.600000e+01	0.000000e+00	0.000000e+00	0.000000e+00
1.800000e+01	2.400000e+01	9.600000e+01	1.020000e+02	0.000000e+00	0.000000e+00	0.000000e+00
1.800000e+01	2.400000e+01	1.020000e+02	1.080000e+02	0.000000e+00	0.000000e+00	0.000000e+00
1.800000e+01	2.400000e+01	1.080000e+02	1.140000e+02	0.000000e+00	0.000000e+00	0.000000e+00
1.800000e+01	2.400000e+01	1.140000e+02	1.200000e+02	0.000000e+00	0.000000e+00	0.000000e+00
1.800000e+01	2.400000e+01	1.200000e+02	1.260000e+02	0.000000e+00	0.000000e+00	0.000000e+00
1.800000e+01	2.400000e+01	1.260000e+02	1.320000e+02	0.000000e+00	0.000000e+00	0.000000e+00
1.800000e+01	2.400000e+01	1.320000e+02	1.380000e+02	0.000000e+00	0.000000e+00	0.000000e+00
1.800000e+01	2.400000e+01	1.380000e+02	1.440000e+02	0.000000e+00	0.000000e+00	0.000000e+00
1.800000e+01	2.400000e+01	1.440000e+02	1.500000e+02	0.000000e+00	0.000000e+00	0.000000e+00
1.800000e+01	2.400000e+01	1.500000e+02	1.560000e+02	0.000000e+00	0.000000e+00	0.000000e+00
1.800000e+01	2.400000e+01	1.560000e+02	1.620000e+02	0.000000e+00	0.000000e+00	0.000000e+00
1.800000e+01	2.400000e+01	1.620000e+02	1.680000e+02	0.000000e+00	0.000000e+00	0.000000e+00
1.800000e+01	2.400000e+01	1.680000e+02	1.740000e+02	0.000000e+00	0.000000e+00	0.000000e+00
1.800000e+01	2.400000e+01	1.740000e+02	1.800000e+02	0.000000e+00	0.000000e+00	0.000000e+00
2.400000e+01	3.000000e+01	0.000000e+00	6.000000e+00	0.000000e+00	0.000000e+00	0.000000e+00
2.400000e+01	3.000000e+01	6.000000e+00	1.200000e+01	0.000000e+00	0.000000e+00	0.000000e+00
2.400000e+01	3.000000e+01	1.200000e+01	1.800000e+01	0.000000e+00	0.000000e+00	0.000000e+00
2.400000e+01	3.000000e+01	1.800000e+01	2.400000e+01	0.000000e+00	0.000000e+00	0.000000e+00
2.400000e+01	3.000000e+01	2.400000e+01	3.000000e+01	0.000000e+00	0.000000e+00	0.000000e+00
2.400000e+01	3.000000e+01	3.000000e+01	3.600000e+01	0.000000e+00	0.000000e+00	0.000000e+00
2.400000e+01	3.000000e+01	3.600000e+01	4.200000e+01	0.000000e+00	0.000000e+00	0.000000e+00
2.400000e+01	3.000000e+01	4.200000e+01	4.800000e+01	0.000000e+00	0.000000e+00	0.000000e+00
2.400000e+01	3.000000e+01	4.800000e+01	5.400000e+01	0.000000e+00	0.000000e+00	0.000000e+00
2.400000e+01	3.000000e+01	5.400000e+01	6.000000e+01	0.000000e+00	0.000000e+00	0.000000e+00
2.400000e+01	3.000000e+01	6.000000e+01	6.600000e+01	0.000000e+00	0.000000e+00	0.000000e+00
2.400000e+01	3.000000e+01	6.600000e+01	7.200000e+01	0.000000e+00	0.000000e+00	0.000000e+00
2.400000e+01	3.000000e+01	7.200000e+01	7.800000e+01	0.000000e+00	0.000000e+00	0.000000e+00
2.400000e+01	3.000000e+01	7.800000e+01	8.400000e+01	0.000000e+00	0.000000e+00	0.000000e+00
2.400000e+01	3.000000e+01	8.400000e+01	9.000000e+01	0.000000e+00	0.000000e+00	0.000000e+00
2.400000e+01	3.000000e+01	9.000000e+01	9.600000e+01	0.000000e+00	0.000000e+00	0.000000e+00
2.400000e+01	3.000000e+01	9.600000e+01	1.020000e+02	0.000000e+00	0.000000e+00	0.000000e+00
2.400000e+01	3.000000e+01	1.020000e+02	1.080000e+02	0.000000e+00	0.000000e+00	0.000000e+00
2.400000e+01	3.000000e+01	1.080000e+02	1.140000e+02	0.000000e+00	0.000000e+00	0.000000e+00
2.400000e+01	3.000000e+01	1.140000e+02	1.200000e+02	0.000000e+00	0.000000e+00	0.000000e+00
2.400000e+01	3.000000e+01	1.200000e+02	1.260000e+02	0.000000e+00	0.000000e+00	0.000000e+00
2.400000e+01	3.000000e+01	1.260000e+02	1.320000e+02	0.000000e+00	0.000000e+00	0.000000e+00
2.400000e+01	3.000000e+01	1.320000e+02	1.380000e+02	0.000000e+00	0.000000e+00	0.000000e+00
2.400000e+01	3.000000e+01	1.380000e+02	1.440000e+02	0.000000e+00	0.000000e+00	0.000000e+00
2.400000e+01	3.000000e+01	1.440000e+02	1.500000e+02	0.000000e+00	0.000000e+00	0.000000e+00
2.400000e+01	3.000000e+01	1.500000e+02	1.560000e+02	0.000000e+00	0.000000e+00	0.000000e+00
2.400000e+01	3.000000e+01	1.560000e+02	1.620000e+02	0.000000e+00	0.000000e+00	0.000000e+00
2.400000e+01	3.000000e+01	1.620000e+02	1.680000e+02	0.000000e+00	0.000000e+00	0.000000e+00
2.400000e+01	3.000000e+01	1.680000e+02	1.740000e+02	0.000000e+00	0.000000e+00	0.000000e+00
2.400000e+01	3.000000e+01	1.740000e+02	1.800000e+02	0.000000e+00	0.000000e+00	0.000000e+00
3.000000e+01	3.600000e+01	0.000000e+00	6.000000e+00	0.000000e+00	0.000000e+00	0.000000e+00
3.000000e+01	3.600000e+01	6.000000e+00	1.200000e+01	0.000000e+00	0.000000e+00	0.000000e+00
3.000000e+01	3.600000e+01	1.200000e+01	1.800000e+01	0.000000e+00	0.000000e+00	0.000000e+00
3.000000e+01	3.600000e+01	1.800000e+01	2.400000e+01	0.000000e+00	0.000000e+00	0.000000e+00
3.000000e+01	3.600000e+01	2.400000e+01	3.000000e+01	0.000000e+00	0.000000e+00	0.000000e+00
3.000000e+01	3.600000e+01	3.000000e+01	3.600000e+01	0.000000e+00	0.000000e+00	0.000000e+00
3.000000e+01	3.600000e+01	3.600000e+01	4.200000e+01	0.000000e+00	0.000000e+00	0.000000e+00
3.000000e+01	3.600000e+01	4.200000e+01	4.800000e+01	0.000000e+00	0.000000e+00	0.000000e+00
3.000000e+01	3.600000e+01	4.800000e+01	5.400000e+01	0.000000e+00	0.000000e+00	0.000000e+00
3.000000e+01	3.600000e+01	5.400000e+01	6.000000e+01	0.000000e+00	0.000000e+00	0.000000e+00
3.000000e+01	3.600000e+01	6.000000e+01	6.600000e+01	0.000000e+00	0.000000e+00	0.000000e+00
3.000000e+01	3.600000e+01	6.600000e+01	7.200000e+01	0.000000e+00	0.000000e+00	0.000000e+00
3.000000e+01	3.600000e+01	7.200000e+01	7.800000e+01	0.000000e+00	0.000000e+00	0.000000e+00
3.000000e+01	3.600000e+01	7.800000e+01	8.400000e+01	0.000000e+00	0.000000e+00	0.000000e+00
3.000000e+01	3.600000e+01	8.400000e+01	9.000000e+01	0.000000e+00	0.000000e+00	0.000000e+00
3.000000e+01	3.600000e+01	9.000000e+01	9.600000e+01	0.000000e+00	0.000000e+00	0.000000e+00
3.000000e+01	3.600000e+01	9.600000e+01	1.020000e+02	0.000000e+00	0.000000e+00	0.000000e+00
3.000000e+01	3.600000e+01	1.020000e+02	1.080000e+02	0.000000e+00	0.000000e+00	0.000000e+00
3.000000e+01	3.600000e+01	1.080000e+02	1.140000e+02	0.000000e+00	0.000000e+00	0.000000e+00
3.000000e+01	3.600000e+01	1.140000e+02	1.200000e+02	0.000000e+00	0.000000e+00	0.000000e+00
3.000000e+01	3.600000e+01	1.200000e+02	1.260000e+02	0.000000e+00	0.000000e+00	0.000000e+00
3.000000e+01	3.600000e+01	1.260000e+02	1.320000e+02	0.000000e+00	0.000000e+00	0.000000e+00
3.000000e+01	3.600000e+01	1.320000e+02	1.380000e+02	0.000000e+00	0.000000e+00	0.000000e+00
3.000000e+01	3.600000e+01	1.380000e+02	1.440000e+02	0.000000e+00	0.000000e+00	0.000000e+00
3.000000e+01	3.600000e+01	1.440000e+02	1.500000e+02	0.000000e+00	0.000000e+00	0.000000e+00
3.000000e+01	3.600000e+01	1.500000e+02	1.560000e+02	0.000000e+00	0.000000e+00	0.000000e+00
3.000000e+01	3.600000e+01	1.560000e+02	1.620000e+02	0.000000e+00	0.000000e+00	0.000000e+00
3.000000e+01	3.600000e+01	1.620000e+02	1.680000e+02	0.000000e+00	0.000000e+00	0.000000e+00
3.000000e+01	3.600000e+01	1.680000e+02	1.740000e+02	0.000000e+00	0.000000e+00	0.000000e+00
3.000000e+01	3.600000e+01	1.740000e+02	1.800000e+02	0.000000e+00	0.000000e+00	0.000000e+00
3.600000e+01	4.200000e+01	0.000000e+00	6.000000e+00	0.000000e+00	0.000000e+00	0.000000e+00
3.600000e+01	4.200000e+01	6.000000e+00	1.200000e+01	0.000000e+00	0.000000e+00	0.000000e+00
3.600000e+01	4.200000e+01	1.200000e+01	1.800000e+01	0.000000e+00	0.000000e+00	0.000000e+00
3.600000e+01	4.200000e+01	1.800000e+01	2.400000e+01	0.000000e+00	0.000000e+00	0.000000e+00
3.600000e+01	4.200000e+01	2.400000e+01	3.000000e+01	0.000000e+00	0.000000e+00	0.000000e+00
3.600000e+01	4.200000e+01	3.000000e+01	3.600000e+01	0.000000e+00	0.000000e+00	0.000000e+00
3.600000e+01	4.200000e+01	3.600000e+01	4.200000e+01	0.000000e+00	0.000000e+00	0.000000e+00
3.600000e+01	4.200000e+01	4.200000e+01	4.800000e+01	0.000000e+00	0.000000e+00	0.000000e+00
3.600000e+01	4.200000e+01	4.800000e+01	5.400000e+01	0.000000e+00	0.000000e+00	0.000000e+00
3.600000e+01	4.200000e+01	5.400000e+01	6.000000e+01	0.000000e+00	0.000000e+00	0.000000e+00
3.600000e+01	4.200000e+01	6.000000e+01	6.600000e+01	0.000000e+00	0.000000e+00	0.000000e+00
3.600000e+01	4.200000e+01	6.600000e+01	7.200000e+01	0.000000e+00	0.000000e+00	0.000000e+00
3.600000e+01	4.200000e+01	7.200000e+01	7.800000e+01	0.000000e+00	0.000000e+00	0.000000e+00
3.600000e+01	4.200000e+01	7.800000e+01	8.400000e+01	0.000000e+00	0.000000e+00	0.000000e+00
3.600000e+01	4.200000e+01	8.400000e+01	9.000000e+01	0.000000e+00	0.000000e+00	0.000000e+00
3.600000e+01	4.200000e+01	9.000000e+01	9.600000e+01	0.000000e+00	0.000000e+00	0.000000e+00
3.600000e+01	4.200000e+01	9.600000e+01	1.020000e+02	0.000000e+00	0.000000e+00	0.000000e+00
3.600000e+01	4.200000e+01	1.020000e+02	1.080000e+02	0.000000e+00	0.000000e+00	0.000000e+00
3.600000e+01	4.200000e+01	1.080000e+02	1.140000e+02	0.000000e+00	0.000000e+00	0.000000e+00
3.600000e+01	4.200000e+01	1.140000e+02	1.200000e+02	0.000000e+00	0.000000e+00	0.000000e+00
3.600000e+01	4.200000e+01	1.200000e+02	1.260000e+02	0.000000e+00	0.000000e+00	0.000000e+00
3.600000e+01	4.200000e+01	1.260000e+02	1.320000e+02	0.000000e+00	0.000000e+00	0.000000e+00
3.600000e+01	4.200000e+01	1.320000e+02	1.380000e+02	0.000000e+00	0.000000e+00	0.000000e+00
3.600000e+01	4.200000e+01	1.380000e+02	1.440000e+02	0.000000e+00	0.000000e+00	0.000000e+00
3.600000e+01	4.200000e+01	1.440000e+02	1.500000e+02	0.000000e+00	0.000000e+00	0.000000e+00
3.600000e+01	4.200000e+01	1.500000e+02	1.560000e+02	0.000000e+00	0.000000e+00	0.000000e+00
3.600000e+01	4.200000e+01	1.560000e+02	1.620000e+02	0.000000e+00	0.000000e+00	0.000000e+00
3.600000e+01	4.200000e+01	1.620000e+02	1.680000e+02	0.000000e+00	0.000000e+00	0.000000e+00
3.600000e+01	4.200000e+01	1.680000e+02	1.740000e+02	0.000000e+00	0.000000e+00	0.000000e+00
3.600000e+01	4.200000e+01	1.740000e+02	1.800000e+02	0.000000e+00	0.000000e+00	0.000000e+00
4.200000e+01	4.800000e+01	0.000000e+00	6.000000e+00	0.000000e+00	0.000000e+00	0.000000e+00
4.200000e+01	4.800000e+01	6.000000e+00	1.200000e+01	0.000000e+00	0.000000e+00	0.000000e+00
4.200000e+01	4.800000e+01	1.200000e+01	1.800000e+01	0.000000e+00	0.000000e+00	0.000000e+00
4.200000e+01	4.800000e+01	1.800000e+01	2.400000e+01	0.000000e+00	0.000000e+00	0.000000e+00
4.200000e+01	4.800000e+01	2.400000e+01	3.000000e+01	0.000000e+00	0.000000e+00	0.000000e+00
4.200000e+01	4.800000e+01	3.000000e+01	3.600000e+01	0.000000e+00	0.000000e+00	0.000000e+00
4.200000e+01	4.800000e+01	3.600000e+01	4.200000e+01	0.000000e+00	0.000000e+00	0.000000e+00
4.200000e+01	4.800000e+01	4.200000e+01	4.800000e+01	0.000000e+00	0.000000e+00	0.000000e+00
4.200000e+01	4.800000e+01	4.800000e+01	5.400000e+01	0.000000e+00	0.000000e+00	0.000000e+00
4.200000e+01	4.800000e+01	5.400000e+01	6.000000e+01	0.000000e+00	0.000000e+00	0.000000e+00
4.200000e+01	4.800000e+01	6.000000e+01	6.600000e+01	0.000000e+00	0.000000e+00	0.000000e+00
4.200000e+01	4.800000e+01	6.600000e+01	7.200000e+01	0.000000e+00	0.000000e+00	0.000000e+00
4.200000e+01	4.800000e+01	7.200000e+01	7.800000e+01	0.000000e+00	0.000000e+00	0.000000e+00
4.200000e+01	4.800000e+01	7.800000e+01	8.400000e+01	0.000000e+00	0.000000e+00	0.000000e+00
4.200000e+01	4.800000e+01	8.400000e+01	9.000000e+01	0.000000e+00	0.000000e+00	0.000000e+00
4.200000e+01	4.800000e+01	9.000000e+01	9.600000e+01	0.000000e+00	0.000000e+00	0.000000e+00
4.200000e+01	4.800000e+01	9.600000e+01	1.020000e+02	0.000000e+00	0.000000e+00	0.000000e+00
4.200000e+01	4.800000e+01	1.020000e+02	1.080000e+02	0.000000e+00	0.000000e+00	0.000000e+00
4.200000e+01	4.800000e+01	1.080000e+02	1.140000e+02	0.000000e+00	0.000000e+00	0.000000e+00
4.200000e+01	4.800000e+01	1.140000e+02	1.200000e+02	0.000000e+00	0.000000e+00	0.000000e+00
4.200000e+01	4.800000e+01	1.200000e+02	1.260000e+02	0.000000e+00	0.000000e+00	0.000000e+00
4.200000e+01	4.800000e+01	1.260000e+02	1.320000e+02	0.000000e+00	0.000000e+00	0.000000e+00
4.200000e+01	4.800000e+01	1.320000e+02	1.380000e+02	0.000000e+00	0.000000e+00	0.000000e+00
4.200000e+01	4.800000e+01	1.380000e+02	1.440000e+02	0.000000e+00	0.000000e+00	0.000000e+00
4.200000e+01	4.800000e+01	1.440000e+02	1.500000e+02	0.000000e+00	0.000000e+00	0.000000e+00
4.200000e+01	4.800000e+01	1.500000e+02	1.560000e+02	0.000000e+00	0.000000e+00	0.000000e+00
4.200000e+01	4.800000e+01	1.560000e+02	1.620000e+02	0.000000e+00	0.000000e+00	0.000000e+00
4.200000e+01	4.800000e+01	1.620000e+02	1.680000e+02	0.000000e+00	0.000000e+00	0.000000e+00
4.200000e+01	4.800000e+01	1.680000e+02	1.740000e+02	0.000000e+00	0.000000e+00	0.000000e+00
4.200000e+01	4.800000e+01	1.740000e+02	1.800000e+02	0.000000e+00	0.000000e+00	0.000000e+00
4.800000e+01	5.400000e+01	0.000000e+00	6.000000e+00	0.000000e+00	0.000000e+00	0.000000e+00
4.800000e+01	5.400000e+01	6.000000e+00	1.200000e+01	0.000000e+00	0.000000e+00	0.000000e+00
4.800000e+01	5.400000e+01	1.200000e+01	1.800000e+01	0.000000e+00	0.000000e+00	0.000000e+00
4.800000e+01	5.400000e+01	1.800000e+01	2.400000e+01	0.000000e+00	0.000000e+00	0.000000e+00
4.800000e+01	5.400000e+01	2.400000e+01	3.000000e+01	0.000000e+00	0.000000e+00	0.000000e+00
4.800000e+01	5.400000e+01	3.000000e+01	3.600000e+01	0.000000e+00	0.000000e+00	0.000000e+00
4.800000e+01	5.400000e+01	3.600000e+01	4.200000e+01	0.000000e+00	0.000000e+00	0.000000e+00
4.800000e+01	5.400000e+01	4.200000e+01	4.800000e+01	0.000000e+00	0.000000e+00	0.000000e+00
4.800000e+01	5.400000e+01	4.800000e+01	5.400000e+01	0.000000e+00	0.000000e+00	0.000000e+00
4.800000e+01	5.400000e+01	5.400000e+01	6.000000e+01	0.000000e+00	0.000000e+00	0.000000e+00
4.800000e+01	5.400000e+01	6.000000e+01	6.600000e+01	0.000000e+00	0.000000e+00	0.000000e+00
4.800000e+01	5.400000e+01	6.600000e+01	7.200000e+01	0.000000e+00	0.000000e+00	0.000000e+00
4.800000e+01	5.400000e+01	7.200000e+01	7.800000e+01	0.000000e+00	0.000000e+00	0.000000e+00
4.800000e+01	5.400000e+01	7.800000e+01	8.400000e+01	0.000000e+00	0.000000e+00	0.000000e+00
4.800000e+01	5.400000e+01	8.400000e+01	9.000000e+01	0.000000e+00	0.000000e+00	0.000000e+00
4.800000e+01	5.400000e+01	9.000000e+01	9.600000e+01	0.000000e+00	0.000000e+00	0.000000e+00
4.800000e+01	5.400000e+01	9.600000e+01	1.020000e+02	0.000000e+00	0.000000e+00	0.000000e+00
4.800000e+01	5.400000e+01	1.020000e+02	1.080000e+02	0.000000e+00	0.000000e+00	0.000000e+00
4.800000e+01	5.400000e+01	1.080000e+02	1.140000e+02	0.000000e+00	0.000000e+00	0.000000e+00
4.800000e+01	5.400000e+01	1.140000e+02	1.200000e+02	0.000000e+00	0.000000e+00	0.000000e+00
4.800000e+01	5.400000e+01	1.200000e+02	1.260000e+02	0.000000e+00	0.000000e+00	0.000000e+00
4.800000e+01	5.400000e+01	1.260000e+02	1.320000e+02	0.000000e+00	0.000000e+00	0.000000e+00
4.800000e+01	5.400000e+01	1.320000e+02	1.380000e+02	0.000000e+00	0.000000e+00	0.000000e+00
4.800000e+01	5.400000e+01	1.380000e+02	1.440000e+02	0.000000e+00	0.000000e+00	0.000000e+00
4.800000e+01	5.400000e+01	1.440000e+02	1.500000e+02	0.000000e+00	0.000000e+00	0.000000e+00
4.800000e+01	5.400000e+01	1.500000e+02	1.560000e+02	0.000000e+00	0.000000e+00	0.000000e+00
4.800000e+01	5.400000e+01	1.560000e+02	1.620000e+02	0.000000e+00	0.000000e+00	0.000000e+00
4.800000e+01	5.400000e+01	1.620000e+02	1.680000e+02	0.000000e+00	0.000000e+00	0.000000e+00
4.800000e+01	5.400000e+01	1.680000e+02	1.740000e+02	0.000000e+00	0.000000e+00	0.000000e+00
4.800000e+01	5.400000e+01	1.740000e+02	1.800000e+02	0.000000e+00	0.000000e+00	0.000000e+00
5.400000e+01	6.000000e+01	0.000000e+00	6.000000e+00	0.000000e+00	0.000000e+00	0.000000e+00
5.400000e+01	6.000000e+01	6.000000e+00	1.200000e+01	0.000000e+00	0.000000e+00	0.000000e+00
5.400000e+01	6.000000e+01	1.200000e+01	1.800000e+01	0.000000e+00	0.000000e+00	0.000000e+00
5.400000e+01	6.000000e+01	1.800000e+01	2.400000e+01	0.000000e+00	0.000000e+00	0.000000e+00
5.400000e+01	6.000000e+01	2.400000e+01	3.000000e+01	0.000000e+00	0.000000e+00	0.000000e+00
5.400000e+01	6.000000e+01	3.000000e+01	3.600000e+01	0.000000e+00	0.000000e+00	0.000000e+00
5.400000e+01	6.000000e+01	3.600000e+01	4.200000e+01	0.000000e+00	0.000000e+00	0.000000e+00
5.400000e+01	6.000000e+01	4.200000e+01	4.800000e+01	0.000000e+00	0.000000e+00	0.000000e+00
5.400000e+01	6.000000e+01	4.800000e+01	5.400000e+01	0.000000e+00	0.000000e+00	0.000000e+00
5.400000e+01	6.000000e+01	5.400000e+01	6.000000e+01	0.000000e+00	0.000000e+00	0.000000e+00
5.400000e+01	6.000000e+01	6.000000e+01	6.600000e+01	0.000000e+00	0.000000e+00	0.000000e+00
5.400000e+01	6.000000e+01	6.600000e+01	7.200000e+01	0.000000e+00	0.000000e+00	0.000000e+00
5.400000e+01	6.000000e+01	7.200000e+01	7.800000e+01	0.000000e+00	0.000000e+00	0.000000e+00
5.400000e+01	6.000000e+01	7.800000e+01	8.400000e+01	0.000000e+00	0.000000e+00	0.000000e+00
5.400000e+01	6.000000e+01	8.400000e+01	9.000000e+01	0.000000e+00	0.000000e+00	0.000000e+00
5.400000e+01	6.000000e+01	9.000000e+01	9.600000e+01	0.000000e+00	0.000000e+00	0.000000e+00
5.400000e+01	6.000000e+01	9.600000e+01	1.020000e+02	0.000000e+00	0.000000e+00	0.000000e+00
5.400000e+01	6.000000e+01	1.020000e+02	1.080000e+02	0.000000e+00	0.000000e+00	0.000000e+00
5.400000e+01	6.000000e+01	1.080000e+02	1.140000e+02	0.000000e+00	0.000000e+00	0.000000e+00
5.400000e+01	6.000000e+01	1.140000e+02	1.200000e+02	0.000000e+00	0.000000e+00	0.000000e+00
5.400000e+01	6.000000e+01	1.200000e+02	1.260000e+02	0.000000e+00	0.000000e+00	0.000000e+00
5.400000e+01	6.000000e+01	1.260000e+02	1.320000e+02	0.000000e+00	0.000000e+00	0.000000e+00
5.400000e+01	6.000000e+01	1.320000e+02	1.380000e+02	0.000000e+00	0.000000e+00	0.000000e+00
5.400000e+01	6.000000e+01	1.380000e+02	1.440000e+02	0.000000e+00	0.000000e+00	0.000000e+00
5.400000e+01	6.000000e+01	1.440000e+02	1.500000e+02	0.000000e+00	0.000000e+00	0.000000e+00
5.400000e+01	6.000000e+01	1.500000e+02	1.560000e+02	0.000000e+00	0.000000e+00	0.000000e+00
5.400000e+01	6.000000e+01	1.560000e+02	1.620000e+02	0.000000e+00	0.000000e+00	0.000000e+00
5.400000e+01	6.000000e+01	1.620000e+02	1.680000e+02	0.000000e+00	0.000000e+00	0.000000e+00
5.400000e+01	6.000000e+01	1.680000e+02	1.740000e+02	0.000000e+00	0.000000e+00	0.000000e+00
5.400000e+01	6.000000e+01	1.740000e+02	1.800000e+02	0.000000e+00	0.000000e+00	0.000000e+00
6.000000e+01	6.600000e+01	0.000000e+00	6.000000e+00	0.000000e+00	0.000000e+00	0.000000e+00
6.000000e+01	6.600000e+01	6.000000e+00	1.200000e+01	0.000000e+00	0.000000e+00	0.000000e+00
6.000000e+01	6.600000e+01	1.200000e+01	1.800000e+01	0.000000e+00	0.000000e+00	0.000000e+00
6.000000e+01	6.600000e+01	1.800000e+01	2.400000e+01	0.000000e+00	0.000000e+00	0.000000e+00
6.000000e+01	6.600000e+01	2.400000e+01	3.000000e+01	0.000000e+00	0.000000e+00	0.000000e+00
6.000000e+01	6.600000e+01	3.000000e+01	3.600000e+01	0.000000e+00	0.000000e+00	0.000000e+00
6.000000e+01	6.600000e+01	3.600000e+01	4.200000e+01	0.000000e+00	0.000000e+00	0.000000e+00
6.000000e+01	6.600000e+01	4.200000e+01	4.800000e+01	0.000000e+00	0.000000e+00	0.000000e+00
6.000000e+01	6.600000e+01	4.800000e+01	5.400000e+01	0.000000e+00	0.000000e+00	0.000000e+00
6.000000e+01	6.600000e+01	5.400000e+01	6.000000e+01	0.000000e+00	0.000000e+00	0.000000e+00
6.000000e+01	6.600000e+01	6.000000e+01	6.600000e+01	0.000000e+00	0.000000e+00	0.000000e+00
6.000000e+01	6.600000e+01	6.600000e+01	7.200000e+01	0.000000e+00	0.000000e+00	0.000000e+00
6.000000e+01	6.600000e+01	7.200000e+01	7.800000e+01	0.000000e+00	0.000000e+00	0.000000e+00
6.000000e+01	6.600000e+01	7.800000e+01	8.400000e+01	0.000000e+00	0.000000e+00	0.000000e+00
6.000000e+01	6.600000e+01	8.400000e+01	9.000000e+01	0.000000e+00	0.000000e+00	0.000000e+00
6.000000e+01	6.600000e+01	9.000000e+01	9.600000e+01	0.000000e+00	0.000000e+00	0.000000e+00
6.000000e+01	6.600000e+01	9.600000e+01	1.020000e+02	0.000000e+00	0.000000e+00	0.000000e+00
6.000000e+01	6.600000e+01	1.020000e+02	1.080000e+02	0.000000e+00	0.000000e+00	0.000000e+00
6.000000e+01	6.600000e+01	1.080000e+02	1.140000e+02	0.000000e+00	0.000000e+00	0.000000e+00
6.000000e+01	6.600000e+01	1.140000e+02	1.200000e+02	0.000000e+00	0.000000e+00	0.000000e+00
6.000000e+01	6.600000e+01	1.200000e+02	1.260000e+02	0.000000e+00	0.000000e+00	0.000000e+00
6.000000e+01	6.600000e+01	1.260000e+02	1.320000e+02	0.000000e+00	0.000000e+00	0.000000e+00
6.000000e+01	6.600000e+01	1.320000e+02	1.380000e+02	0.000000e+00	0.000000e+00	0.000000e+00
6.000000e+01	6.600000e+01	1.380000e+02	1.440000e+02	0.000000e+00	0.000000e+00	0.000000e+00
6.000000e+01	6.600000e+01	1.440000e+02	1.500000e+02	0.000000e+00	0.000000e+00	0.000000e+00
6.000000e+01	6.600000e+01	1.500000e+02	1.560000e+02	0.000000e+00	0.000000e+00	0.000000e+00
6.000000e+01	6.600000e+01	1.560000e+02	1.620000e+02	0.000000e+00	0.000000e+00	0.000000e+00
6.000000e+01	6.600000e+01	1.620000e+02	1.680000e+02	0.000000e+00	0.000000e+00	0.000000e+00
6.000000e+01	6.600000e+01	1.680000e+02	1.740000e+02	0.000000e+00	0.000000e+00	0.000000e+00
6.000000e+01	6.600000e+01	1.740000e+02	1.800000e+02	0.000000e+00	0.000000e+00	0.000000e+00
6.600000e+01	7.200000e+01	0.000000e+00	6.000000e+00	0.000000e+00	0.000000e+00	0.000000e+00
6.600000e+01	7.200000e+01	6.000000e+00	1.200000e+01	0.000000e+00	0.000000e+00	0.000000e+00
6.600000e+01	7.200000e+01	1.200000e+01	1.800000e+01	0.000000e+00	0.000000e+00	0.000000e+00
6.600000e+01	7.200000e+01	1.800000e+01	2.400000e+01	0.000000e+00	0.000000e+00	0.000000e+00
6.600000e+01	7.200000e+01	2.400000e+01	3.000000e+01	0.000000e+00	0.000000e+00	0.000000e+00
6.600000e+01	7.200000e+01	3.000000e+01	3.600000e+01	0.000000e+00	0.000000e+00	0.000000e+00
6.600000e+01	7.200000e+01	3.600000e+01	4.200000e+01	0.000000e+00	0.000000e+00	0.000000e+00
6.600000e+01	7.200000e+01	4.200000e+01	4.800000e+01	0.000000e+00	0.000000e+00	0.000000e+00
6.600000e+01	7.200000e+01	4.800000e+01	5.400000e+01	0.000000e+00	0.000000e+00	0.000000e+00
6.600000e+01	7.200000e+01	5.400000e+01	6.000000e+01	0.000000e+00	0.000000e+00	0.000000e+00
6.600000e+01	7.200000e+01	6.000000e+01	6.600000e+01	0.000000e+00	0.000000e+00	0.000000e+00
6.600000e+01	7.200000e+01	6.600000e+01	7.200000e+01	0.000000e+00	0.000000e+00	0.000000e+00
6.600000e+01	7.200000e+01	7.200000e+01	7.800000e+01	0.000000e+00	0.000000e+00	0.000000e+00
6.600000e+01	7.200000e+01	7.800000e+01	8.400000e+01	0.000000e+00	0.000000e+00	0.000000e+00
6.600000e+01	7.200000e+01	8.400000e+01	9.000000e+01	0.000000e+00	0.000000e+00	0.000000e+00
6.600000e+01	7.200000e+01	9.000000e+01	9.600000e+01	0.000000e+00	0.000000e+00	0.000000e+00
6.600000e+01	7.200000e+01	9.600000e+01	1.020000e+02	0.000000e+00	0.000000e+00	0.000000e+00
6.600000e+01	7.200000e+01	1.020000e+02	1.080000e+02	0.000000e+00	0.000000e+00	0.000000e+00
6.600000e+01	7.200000e+01	1.080000e+02	1.140000e+02	0.000000e+00	0.000000e+00	0.000000e+00
6.600000e+01	7.200000e+01	1.140000e+02	1.200000e+02	0.000000e+00	0.000000e+00	0.000000e+00
6.600000e+01	7.200000e+01	1.200000e+02	1.260000e+02	0.000000e+00	0.000000e+00	0.000000e+00
6.600000e+01	7.200000e+01	1.260000e+02	1.320000e+02	0.000000e+00	0.000000e+00	0.000000e+00
6.600000e+01	7.200000e+01	1.320000e+02	1.380000e+02	0.000000e+00	0.000000e+00	0.000000e+00
6.600000e+01	7.200000e+01	1.380000e+02	1.440000e+02	0.000000e+00	0.000000e+00	0.000000e+00
6.600000e+01	7.200000e+01	1.440000e+02	1.500000e+02	0.000000e+00	0.000000e+00	0.000000e+00
6.600000e+01	7.200000e+01	1.500000e+02	1.560000e+02	0.000000e+00	0.000000e+00	0.000000e+00
6.600000e+01	7.200000e+01	1.560000e+02	1.620000e+02	0.000000e+00	0.000000e+00	0.000000e+00
6.600000e+01	7.200000e+01	1.620000e+02	1.680000e+02	0.000000e+00	0.000000e+00	0.000000e+00
6.600000e+01	7.200000e+01	1.680000e+02	1.740000e+02	0.000000e+00	0.000000e+00	0.000000e+00
6.600000e+01	7.200000e+01	1.740000e+02	1.800000e+02	0.000000e+00	0.000000e+00	0.000000e+00
7.200000e+01	7.800000e+01	0.000000e+00	6.000000e+00	0.000000e+00	0.000000e+00	0.000000e+00
7.200000e+01	7.800000e+01	6.000000e+00	1.200000e+01	0.000000e+00	0.000000e+00	0.000000e+00
7.200000e+01	7.800000e+01	1.200000e+01	1.800000e+01	0.000000e+00	0.000000e+00	0.000000e+00
7.200000e+01	7.800000e+01	1.800000e+01	2.400000e+01	0.000000e+00	0.000000e+00	0.000000e+00
7.200000e+01	7.800000e+01	2.400000e+01	3.000000e+01	0.000000e+00	0.000000e+00	0.000000e+00
7.200000e+01	7.800000e+01	3.000000e+01	3.600000e+01	0.000000e+00	0.000000e+00	0.000000e+00
7.200000e+01	7.800000e+01	3.600000e+01	4.200000e+01	0.000000e+00	0.000000e+00	0.000000e+00
7.200000e+01	7.800000e+01	4.200000e+01	4.800000e+01	0.000000e+00	0.000000e+00	0.000000e+00
7.200000e+01	7.800000e+01	4.800000e+01	5.400000e+01	0.000000e+00	0.000000e+00	0.000000e+00
7.200000e+01	7.800000e+01	5.400000e+01	6.000000e+01	0.000000e+00	0.000000e+00	0.000000e+00
7.200000e+01	7.800000e+01	6.000000e+01	6.600000e+01	0.000000e+00	0.000000e+00	0.000000e+00
7.200000e+01	7.800000e+01	6.600000e+01	7.200000e+01	0.000000e+00	0.000000e+00	0.000000e+00
7.200000e+01	7.800000e+01	7.200000e+01	7.800000e+01	0.000000e+00	0.000000e+00	0.000000e+00
7.200000e+01	7.800000e+01	7.800000e+01	8.400000e+01	0.000000e+00	0.000000e+00	0.000000e+00
7.200000e+01	7.800000e+01	8.400000e+01	9.000000e+01	0.000000e+00	0.000000e+00	0.000000e+00
7.200000e+01	7.800000e+01	9.000000e+01	9.600000e+01	0.000000e+00	0.000000e+00	0.000000e+00
7.200000e+01	7.800000e+01	9.600000e+01	1.020000e+02	0.000000e+00	0.000000e+00	0.000000e+00
7.200000e+01	7.800000e+01	1.020000e+02	1.080000e+02	0.000000e+00	0.000000e+00	0.000000e+00
7.200000e+01	7.800000e+01	1.080000e+02	1.140000e+02	0.000000e+00	0.000000e+00	0.000000e+00
7.200000e+01	7.800000e+01	1.140000e+02	1.200000e+02	0.000000e+00	0.000000e+00	0.000000e+00
7.200000e+01	7.800000e+01	1.200000e+02	1.260000e+02	0.000000e+00	0.000000e+00	0.000000e+00
7.200000e+01	7.800000e+01	1.260000e+02	1.320000e+02	0.000000e+00	0.000000e+00	0.000000e+00
7.200000e+01	7.800000e+01	1.320000e+02	1.380000e+02	0.000000e+00	0.000000e+00	0.000000e+00
7.200000e+01	7.800000e+01	1.380000e+02	1.440000e+02	0.000000e+00	0.000000e+00	0.000000e+00
7.200000e+01	7.800000e+01	1.440000e+02	1.500000e+02	0.000000e+00	0.000000e+00	0.000000e+00
7.200000e+01	7.800000e+01	1.500000e+02	1.560000e+02	0.000000e+00	0.000000e+00	0.000000e+00
7.200000e+01	7.800000e+01	1.560000e+02	1.620000e+02	0.000000e+00	0.000000e+00	0.000000e+00
7.200000e+01	7.800000e+01	1.620000e+02	1.680000e+02	0.000000e+00	0.000000e+00	0.000000e+00
7.200000e+01	7.800000e+01	1.680000e+02	1.740000e+02	0.000000e+00	0.000000e+00	0.000000e+00
7.200000e+01	7.800000e+01	1.740000e+02	1.800000e+02	0.000000e+00	0.000000e+00	0.000000e+00
7.800000e+01	8.400000e+01	0.000000e+00	6.000000e+00	0.000000e+00	0.000000e+00	0.000000e+00
7.800000e+01	8.400000e+01	6.000000e+00	1.200000e+01	0.000000e+00	0.000000e+00	0.000000e+00
7.800000e+01	8.400000e+01	1.200000e+01	1.800000e+01	0.000000e+00	0.000000e+00	0.000000e+00
7.800000e+01	8.400000e+01	1.800000e+01	2.400000e+01	0.000000e+00	0.000000e+00	0.000000e+00
7.800000e+01	8.400000e+01	2.400000e+01	3.000000e+01	0.000000e+00	0.000000e+00	0.000000e+00
7.800000e+01	8.400000e+01	3.000000e+01	3.600000e+01	0.000000e+00	0.000000e+00	0.000000e+00
7.800000e+01	8.400000e+01	3.600000e+01	4.200000e+01	0.000000e+00	0.000000e+00	0.000000e+00
7.800000e+01	8.400000e+01	4.200000e+01	4.800000e+01	0.000000e+00	0.000000e+00	0.000000e+00
7.800000e+01	8.400000e+01	4.800000e+01	5.400000e+01	0.000000e+00	0.000000e+00	0.000000e+00
7.800000e+01	8.400000e+01	5.400000e+01	6.000000e+01	0.000000e+00	0.000000e+00	0.000000e+00
7.800000e+01	8.400000e+01	6.000000e+01	6.600000e+01	0.000000e+00	0.000000e+00	0.000000e+00
7.800000e+01	8.400000e+01	6.600000e+01	7.200000e+01	0.000000e+00	0.000000e+00	0.000000e+00
7.800000e+01	8.400000e+01	7.200000e+01	7.800000e+01	0.000000e+00	0.000000e+00	0.000000e+00
7.800000e+01	8.400000e+01	7.800000e+01	8.400000e+01	0.000000e+00	0.000000e+00	0.000000e+00
7.800000e+01	8.400000e+01	8.400000e+01	9.000000e+01	0.000000e+00	0.000000e+00	0.000000e+00
7.800000e+01	8.400000e+01	9.000000e+01	9.600000e+01	0.000000e+00	0.000000e+00	0.000000e+00
7.800000e+01	8.400000e+01	9.600000e+01	1.020000e+02	0.000000e+00	0.000000e+00	0.000000e+00
7.800000e+01	8.400000e+01	1.020000e+02	1.080000e+02	0.000000e+00	0.000000e+00	0.000000e+00
7.800000e+01	8.400000e+01	1.080000e+02	1.140000e+02	0.000000e+00	0.000000e+00	0.000000e+00
7.800000e+01	8.400000e+01	1.140000e+02	1.200000e+02	0.000000e+00	0.000000e+00	0.000000e+00
7.800000e+01	8.400000e+01	1.200000e+02	1.260000e+02	0.000000e+00	0.000000e+00	0.000000e+00
7.800000e+01	8.400000e+01	1.260000e+02	1.320000e+02	0.000000e+00	0.000000e+00	0.000000e+00
7.800000e+01	8.400000e+01	1.320000e+02	1.380000e+02	0.000000e+00	0.000000e+00	0.000000e+00
7.800000e+01	8.400000e+01	1.380000e+02	1.440000e+02	0.000000e+00	0.000000e+00	0.000000e+00
7.800000e+01	8.400000e+01	1.440000e+02	1.500000e+02	0.000000e+00	0.000000e+00	0.000000e+00
7.800000e+01	8.400000e+01	1.500000e+02	1.560000e+02	0.000000e+00	0.000000e+00	0.000000e+00
7.800000e+01	8.400000e+01	1.560000e+02	1.620000e+02	0.000000e+00	0.000000e+00	0.000000e+00
7.800000e+01	8.400000e+01	1.620000e+02	1.680000e+02	0.000000e+00	0.000000e+00	0.000000e+00
7.800000e+01	8.400000e+01	1.680000e+02	1.740000e+02	0.000000e+00	0.000000e+00	0.000000e+00
7.800000e+01	8.400000e+01	1.740000e+02	1.800000e+02	0.000000e+00	0.000000e+00	0.000000e+00
8.400000e+01	9.000000e+01	0.000000e+00	6.000000e+00	0.000000e+00	0.000000e+00	0.000000e+00
8.400000e+01	9.000000e+01	6.000000e+00	1.200000e+01	0.000000e+00	0.000000e+00	0.000000e+00
8.400000e+01	9.000000e+01	1.200000e+01	1.800000e+01	0.000000e+00	0.000000e+00	0.000000e+00
8.400000e+01	9.000000e+01	1.800000e+01	2.400000e+01	0.000000e+00	0.000000e+00	0.000000e+00
8.400000e+01	9.000000e+01	2.400000e+01	3.000000e+01	0.000000e+00	0.000000e+00	0.000000e+00
8.400000e+01	9.000000e+01	3.000000e+01	3.600000e+01	0.000000e+00	0.000000e+00	0.000000e+00
8.400000e+01	9.000000e+01	3.600000e+01	4.200000e+01	0.000000e+00	0.000000e+00	0.000000e+00
8.400000e+01	9.000000e+01	4.200000e+01	4.800000e+01	0.000000e+00	0.000000e+00	0.000000e+00
8.400000e+01	9.000000e+01	4.800000e+01	5.400000e+01	0.000000e+00	0.000000e+00	0.000000e+00
8.400000e+01	9.000000e+01	5.400000e+01	6.000000e+01	0.000000e+00	0.000000e+00	0.000000e+00
8.400000e+01	9.000000e+01	6.000000e+01	6.600000e+01	0.000000e+00	0.000000e+00	0.000000e+00
8.400000e+01	9.000000e+01	6.600000e+01	7.200000e+01	0.000000e+00	0.000000e+00	0.000000e+00
8.400000e+01	9.000000e+01	7.200000e+01	7.800000e+01	0.000000e+00	0.000000e+00	0.000000e+00
8.400000e+01	9.000000e+01	7.800000e+01	8.400000e+01	0.000000e+00	0.000000e+00	0.000000e+00
8.400000e+01	9.000000e+01	8.400000e+01	9.000000e+01	8.368392e-06	1.843052e-06	1.843052e-06
8.400000e+01	9.000000e+01	9.000000e+01	9.600000e+01	1.185202e-05	2.219069e-06	2.219069e-06
8.400000e+01	9.000000e+01	9.600000e+01	1.020000e+02	1.090654e-05	2.081447e-06	2.081447e-06
8.400000e+01	9.000000e+01	1.020000e+02	1.080000e+02	1.757382e-05	2.681749e-06	2.681749e-06
8.400000e+01	9.000000e+01	1.080000e+02	1.140000e+02	1.910846e-05	2.801921e-06	2.801921e-06
8.400000e+01	9.000000e+01	1.140000e+02	1.200000e+02	3.332575e-05	3.711363e-06	3.711363e-06
8.400000e+01	9.000000e+01	1.200000e+02	1.260000e+02	3.687578e-05	3.912498e-06	3.912498e-06
8.400000e+01	9.000000e+01	1.260000e+02	1.320000e+02	3.158342e-05	3.585724e-06	3.585724e-06
8.400000e+01	9.000000e+01	1.320000e+02	1.380000e+02	2.285817e-05	3.044088e-06	3.044088e-06
8.400000e+01	9.000000e+01	1.380000e+02	1.440000e+02	1.070244e-05	2.066047e-06	2.066047e-06
8.400000e+01	9.000000e+01	1.440000e+02	1.500000e+02	8.947903e-06	1.914208e-06	1.914208e-06
8.400000e+01	9.000000e+01	1.500000e+02	1.560000e+02	3.579733e-06	1.183000e-06	1.183000e-06
8.400000e+01	9.000000e+01	1.560000e+02	1.620000e+02	2.061757e-06	8.208876e-07	8.208876e-07
8.400000e+01	9.000000e+01	1.620000e+02	1.680000e+02	1.996117e-06	8.955424e-07	8.955424e-07
8.400000e+01	9.000000e+01	1.680000e+02	1.740000e+02	0.000000e+00	0.000000e+00	0.000000e+00
8.400000e+01	9.000000e+01	1.740000e+02	1.800000e+02	0.000000e+00	0.000000e+00	0.000000e+00
9.000000e+01	9.600000e+01	0.000000e+00	6.000000e+00	0.000000e+00	0.000000e+00	0.000000e+00
9.000000e+01	9.600000e+01	6.000000e+00	1.200000e+01	0.000000e+00	0.000000e+00	0.000000e+00
9.000000e+01	9.600000e+01	1.200000e+01	1.800000e+01	0.000000e+00	0.000000e+00	0.000000e+00
9.000000e+01	9.600000e+01	1.800000e+01	2.400000e+01	0.000000e+00	0.000000e+00	0.000000e+00
9.000000e+01	9.600000e+01	2.400000e+01	3.000000e+01	0.000000e+00	0.000000e+00	0.000000e+00
9.000000e+01	9.600000e+01	3.000000e+01	3.600000e+01	0.000000e+00	0.000000e+00	0.000000e+00
9.000000e+01	9.600000e+01	3.600000e+01	4.200000e+01	0.000000e+00	0.000000e+00	0.000000e+00
9.000000e+01	9.600000e+01	4.200000e+01	4.800000e+01	0.000000e+00	0.000000e+00	0.000000e+00
9.000000e+01	9.600000e+01	4.800000e+01	5.400000e+01	0.000000e+00	0.000000e+00	0.000000e+00
9.000000e+01	9.600000e+01	5.400000e+01	6.000000e+01	0.000000e+00	0.000000e+00	0.000000e+00
9.000000e+01	9.600000e+01	6.000000e+01	6.600000e+01	0.000000e+00	0.000000e+00	0.000000e+00
9.000000e+01	9.600000e+01	6.600000e+01	7.200000e+01	0.000000e+00	0.000000e+00	0.000000e+00
9.000000e+01	9.600000e+01	7.200000e+01	7.800000e+01	0.000000e+00	0.000000e+00	0.000000e+00
9.000000e+01	9.600000e+01	7.800000e+01	8.400000e+01	0.000000e+00	0.000000e+00	0.000000e+00
9.000000e+01	9.600000e+01	8.400000e+01	9.000000e+01	1.128739e-05	2.113508e-06	2.113508e-06
9.000000e+01	9.600000e+01	9.000000e+01	9.600000e+01	2.478246e-05	3.200647e-06	3.200647e-06
9.000000e+01	9.600000e+01	9.600000e+01	1.020000e+02	2.117431e-05	2.963379e-06	2.963379e-06
9.000000e+01	9.600000e+01	1.020000e+02	1.080000e+02	3.349908e-05	3.746489e-06	3.746489e-06
9.000000e+01	9.600000e+01	1.080000e+02	1.140000e+02	3.419836e-05	3.756095e-06	3.756095e-06
9.000000e+01	9.600000e+01	1.140000e+02	1.200000e+02	5.501122e-05	4.776195e-06	4.776195e-06
9.000000e+01	9.600000e+01	1.200000e+02	1.260000e+02	5.985664e-05	4.938960e-06	4.938960e-06
9.000000e+01	9.600000e+01	1.260000e+02	1.320000e+02	5.530175e-05	4.706025e-06	4.706025e-06
9.000000e+01	9.600000e+01	1.320000e+02	1.380000e+02	3.966519e-05	4.038344e-06	4.038344e-06
9.000000e+01	9.600000e+01	1.380000e+02	1.440000e+02	2.248331e-05	3.041826e-06	3.041826e-06
9.000000e+01	9.600000e+01	1.440000e+02	1.500000e+02	1.009710e-05	2.018065e-06	2.018065e-06
9.000000e+01	9.600000e+01	1.500000e+02	1.560000e+02	6.882958e-06	1.652803e-06	1.652803e-06
9.000000e+01	9.600000e+01	1.560000e+02	1.620000e+02	3.595614e-06	1.130239e-06	1.130239e-06
9.000000e+01	9.600000e+01	1.620000e+02	1.680000e+02	1.597480e-06	7.750122e-07	7.750122e-07
9.000000e+01	9.600000e+01	1.680000e+02	1.740000e+02	0.000000e+00	0.000000e+00	0.000000e+00
9.000000e+01	9.600000e+01	1.740000e+02	1.800000e+02	0.000000e+00	0.000000e+00	0.000000e+00
9.600000e+01	1.020000e+02	0.000000e+00	6.000000e+00	0.000000e+00	0.000000e+00	0.000000e+00
9.600000e+01	1.020000e+02	6.000000e+00	1.200000e+01	0.000000e+00	0.000000e+00	0.000000e+00
9.600000e+01	1.020000e+02	1.200000e+01	1.800000e+01	0.000000e+00	0.000000e+00	0.000000e+00
9.600000e+01	1.020000e+02	1.800000e+01	2.400000e+01	0.000000e+00	0.000000e+00	0.000000e+00
9.600000e+01	1.020000e+02	2.400000e+01	3.000000e+01	0.000000e+00	0.000000e+00	0.000000e+00
9.600000e+01	1.020000e+02	3.000000e+01	3.600000e+01	0.000000e+00	0.000000e+00	0.000000e+00
9.600000e+01	1.020000e+02	3.600000e+01	4.200000e+01	0.000000e+00	0.000000e+00	0.000000e+00
9.600000e+01	1.020000e+02	4.200000e+01	4.800000e+01	0.000000e+00	0.000000e+00	0.000000e+00
9.600000e+01	1.020000e+02	4.800000e+01	5.400000e+01	0.000000e+00	0.000000e+00	0.000000e+00
9.600000e+01	1.020000e+02	5.400000e+01	6.000000e+01	0.000000e+00	0.000000e+00	0.000000e+00
9.600000e+01	1.020000e+02	6.000000e+01	6.600000e+01	0.000000e+00	0.000000e+00	0.000000e+00
9.600000e+01	1.020000e+02	6.600000e+01	7.200000e+01	0.000000e+00	0.000000e+00	0.000000e+00
9.600000e+01	1.020000e+02	7.200000e+01	7.800000e+01	0.000000e+00	0.000000e+00	0.000000e+00
9.600000e+01	1.020000e+02	7.800000e+01	8.400000e+01	0.000000e+00	0.000000e+00	0.000000e+00
9.600000e+01	1.020000e+02	8.400000e+01	9.000000e+01	1.269069e-05	2.305880e-06	2.305880e-06
9.600000e+01	1.020000e+02	9.000000e+01	9.600000e+01	2.744992e-05	3.391108e-06	3.391108e-06
9.600000e+01	1.020000e+02	9.600000e+01	1.020000e+02	3.250983e-05	3.665913e-06	3.665913e-06
9.600000e+01	1.020000e+02	1.020000e+02	1.080000e+02	4.980969e-05	4.589466e-06	4.589466e-06
9.600000e+01	1.020000e+02	1.080000e+02	1.140000e+02	5.906008e-05	4.936864e-06	4.936864e-06
9.600000e+01	1.020000e+02	1.140000e+02	1.200000e+02	9.061064e-05	6.071067e-06	6.071067e-06
9.600000e+01	1.020000e+02	1.200000e+02	1.260000e+02	9.167464e-05	6.087000e-06	6.087000e-06
9.600000e+01	1.020000e+02	1.260000e+02	1.320000e+02	9.163222e-05	6.112607e-06	6.112607e-06
9.600000e+01	1.020000e+02	1.320000e+02	1.380000e+02	6.088561e-05	4.940453e-06	4.940453e-06
9.600000e+01	1.020000e+02	1.380000e+02	1.440000e+02	3.451375e-05	3.774358e-06	3.774358e-06
9.600000e+01	1.020000e+02	1.440000e+02	1.500000e+02	2.067697e-05	2.908634e-06	2.908634e-06
9.600000e+01	1.020000e+02	1.500000e+02	1.560000e+02	9.746089e-06	1.921571e-06	1.921571e-06
9.600000e+01	1.020000e+02	1.560000e+02	1.620000e+02	9.425842e-06	1.949127e-06	1.949127e-06
9.600000e+01	1.020000e+02	1.620000e+02	1.680000e+02	3.555611e-06	1.155943e-06	1.155943e-06
9.600000e+01	1.020000e+02	1.680000e+02	1.740000e+02	0.000000e+00	0.000000e+00	0.000000e+00
9.600000e+01	1.020000e+02	1.740000e+02	1.800000e+02	0.000000e+00	0.000000e+00	0.000000e+00
1.020000e+02	1.080000e+02	0.000000e+00	6.000000e+00	0.000000e+00	0.000000e+00	0.000000e+00
1.020000e+02	1.080000e+02	6.000000e+00	1.200000e+01	0.000000e+00	0.000000e+00	0.000000e+00
1.020000e+02	1.080000e+02	1.200000e+01	1.800000e+01	0.000000e+00	0.000000e+00	0.000000e+00
1.020000e+02	1.080000e+02	1.800000e+01	2.400000e+01	0.000000e+00	0.000000e+00	0.000000e+00
1.020000e+02	1.080000e+02	2.400000e+01	3.000000e+01	0.000000e+00	0.000000e+00	0.000000e+00
1.020000e+02	1.080000e+02	3.000000e+01	3.600000e+01	0.000000e+00	0.000000e+00	0.000000e+00
1.020000e+02	1.080000e+02	3.600000e+01	4.200000e+01	0.000000e+00	0.000000e+00	0.000000e+00
1.020000e+02	1.080000e+02	4.200000e+01	4.800000e+01	0.000000e+00	0.000000e+00	0.000000e+00
1.020000e+02	1.080000e+02	4.800000e+01	5.400000e+01	0.000000e+00	0.000000e+00	0.000000e+00
1.020000e+02	1.080000e+02	5.400000e+01	6.000000e+01	0.000000e+00	0.000000e+00	0.000000e+00
1.020000e+02	1.080000e+02	6.000000e+01	6.600000e+01	0.000000e+00	0.000000e+00	0.000000e+00
1.020000e+02	1.080000e+02	6.600000e+01	7.200000e+01	0.000000e+00	0.000000e+00	0.000000e+00
1.020000e+02	1.080000e+02	7.200000e+01	7.800000e+01	0.000000e+00	0.000000e+00	0.000000e+00
1.020000e+02	1.080000e+02	7.800000e+01	8.400000e+01	0.000000e+00	0.000000e+00	0.000000e+00
1.020000e+02	1.080000e+02	8.400000e+01	9.000000e+01	1.411702e-05	2.367112e-06	2.367112e-06
1.020000e+02	1.080000e+02	9.000000e+01	9.600000e+01	2.565110e-05	3.184902e-06	3.184902e-06
1.020000e+02	1.080000e+02	9.600000e+01	1.020000e+02	4.132419e-05	4.105536e-06	4.105536e-06
1.020000e+02	1.080000e+02	1.020000e+02	1.080000e+02	8.463286e-05	5.963774e-06	5.963774e-06
1.020000e+02	1.080000e+02	1.080000e+02	1.140000e+02	1.156098e-04	6.944689e-06	6.944689e-06
1.020000e+02	1.080000e+02	1.140000e+02	1.200000e+02	1.527805e-04	7.936804e-06	7.936804e-06
1.020000e+02	1.080000e+02	1.200000e+02	1.260000e+02	1.799777e-04	8.562037e-06	8.562037e-06
1.020000e+02	1.080000e+02	1.260000e+02	1.320000e+02	1.748973e-04	8.450889e-06	8.450889e-06
1.020000e+02	1.080000e+02	1.320000e+02	1.380000e+02	1.144685e-04	6.798219e-06	6.798219e-06
1.020000e+02	1.080000e+02	1.380000e+02	1.440000e+02	5.994644e-05	4.951311e-06	4.951311e-06
1.020000e+02	1.080000e+02	1.440000e+02	1.500000e+02	3.193697e-05	3.613162e-06	3.613162e-06
1.020000e+02	1.080000e+02	1.500000e+02	1.560000e+02	1.632607e-05	2.580897e-06	2.580897e-06
1.020000e+02	1.080000e+02	1.560000e+02	1.620000e+02	1.053042e-05	2.063521e-06	2.063521e-06
1.020000e+02	1.080000e+02	1.620000e+02	1.680000e+02	3.404775e-06	1.127086e-06	1.127086e-06
1.020000e+02	1.080000e+02	1.680000e+02	1.740000e+02	0.000000e+00	0.000000e+00	0.000000e+00
1.020000e+02	1.080000e+02	1.740000e+02	1.800000e+02	0.000000e+00	0.000000e+00	0.000000e+00
1.080000e+02	1.140000e+02	0.000000e+00	6.000000e+00	0.000000e+00	0.000000e+00	0.000000e+00
1.080000e+02	1.140000e+02	6.000000e+00	1.200000e+01	0.000000e+00	0.000000e+00	0.000000e+00
1.080000e+02	1.140000e+02	1.200000e+01	1.800000e+01	0.000000e+00	0.000000e+00	0.000000e+00
1.080000e+02	1.140000e+02	1.800000e+01	2.400000e+01	0.000000e+00	0.000000e+00	0.000000e+00
1.080000e+02	1.140000e+02	2.400000e+01	3.000000e+01	0.000000e+00	0.000000e+00	0.000000e+00
1.080000e+02	1.140000e+02	3.000000e+01	3.600000e+01	0.000000e+00	0.000000e+00	0.000000e+00
1.080000e+02	1.140000e+02	3.600000e+01	4.200000e+01	0.000000e+00	0.000000e+00	0.000000e+00
1.080000e+02	1.140000e+02	4.200000e+01	4.800000e+01	0.000000e+00	0.000000e+00	0.000000e+00
1.080000e+02	1.140000e+02	4.800000e+01	5.400000e+01	0.000000e+00	0.000000e+00	0.000000e+00
1.080000e+02	1.140000e+02	5.400000e+01	6.000000e+01	0.000000e+00	0.000000e+00	0.000000e+00
1.080000e+02	1.140000e+02	6.000000e+01	6.600000e+01	0.000000e+00	0.000000e+00	0.000000e+00
1.080000e+02	1.140000e+02	6.600000e+01	7.200000e+01	0.000000e+00	0.000000e+00	0.000000e+00
1.080000e+02	1.140000e+02	7.200000e+01	7.800000e+01	0.000000e+00	0.000000e+00	0.000000e+00
1.080000e+02	1.140000e+02	7.800000e+01	8.400000e+01	0.000000e+00	0.000000e+00	0.000000e+00
1.080000e+02	1.140000e+02	8.400000e+01	9.000000e+01	2.462799e-05	3.190533e-06	3.190533e-06
1.080000e+02	1.140000e+02	9.000000e+01	9.600000e+01	3.626306e-05	3.828973e-06	3.828973e-06
1.080000e+02	1.140000e+02	9.600000e+01	1.020000e+02	7.379972e-05	5.555041e-06	5.555041e-06
1.080000e+02	1.140000e+02	1.020000e+02	1.080000e+02	1.213616e-04	7.098364e-06	7.098364e-06
1.080000e+02	1.140000e+02	1.080000e+02	1.140000e+02	2.122803e-04	9.395137e-06	9.395137e-06
1.080000e+02	1.140000e+02	1.140000e+02	1.200000e+02	2.897036e-04	1.093566e-05	1.093566e-05
1.080000e+02	1.140000e+02	1.200000e+02	1.260000e+02	3.611033e-04	1.211023e-05	1.211023e-05
1.080000e+02	1.140000e+02	1.260000e+02	1.320000e+02	3.242286e-04	1.148624e-05	1.148624e-05
1.080000e+02	1.140000e+02	1.320000e+02	1.380000e+02	2.092858e-04	9.268217e-06	9.268217e-06
1.080000e+02	1.140000e+02	1.380000e+02	1.440000e+02	1.196292e-04	6.987895e-06	6.987895e-06
1.080000e+02	1.140000e+02	1.440000e+02	1.500000e+02	6.072969e-05	4.978227e-06	4.978227e-06
1.080000e+02	1.140000e+02	1.500000e+02	1.560000e+02	3.263511e-05	3.650984e-06	3.650984e-06
1.080000e+02	1.140000e+02	1.560000e+02	1.620000e+02	2.094361e-05	2.864651e-06	2.864651e-06
1.080000e+02	1.140000e+02	1.620000e+02	1.680000e+02	5.820242e-06	1.545407e-06	1.545407e-06
1.080000e+02	1.140000e+02	1.680000e+02	1.740000e+02	0.000000e+00	0.000000e+00	0.000000e+00
1.080000e+02	1.140000e+02	1.740000e+02	1.800000e+02	0.000000e+00	0.000000e+00	0.000000e+00
1.140000e+02	1.200000e+02	0.000000e+00	6.000000e+00	0.000000e+00	0.000000e+00	0.000000e+00
1.140000e+02	1.200000e+02	6.000000e+00	1.200000e+01	0.000000e+00	0.000000e+00	0.000000e+00
1.140000e+02	1.200000e+02	1.200000e+01	1.800000e+01	0.000000e+00	0.000000e+00	0.000000e+00
1.140000e+02	1.200000e+02	1.800000e+01	2.400000e+01	0.000000e+00	0.000000e+00	0.000000e+00
1.140000e+02	1.200000e+02	2.400000e+01	3.000000e+01	0.000000e+00	0.000000e+00	0.000000e+00
1.140000e+02	1.200000e+02	3.000000e+01	3.600000e+01	0.000000e+00	0.000000e+00	0.000000e+00
1.140000e+02	1.200000e+02	3.600000e+01	4.200000e+01	0.000000e+00	0.000000e+00	0.000000e+00
1.140000e+02	1.200000e+02	4.200000e+01	4.800000e+01	0.000000e+00	0.000000e+00	0.000000e+00
1.140000e+02	1.200000e+02	4.800000e+01	5.400000e+01	0.000000e+00	0.000000e+00	0.000000e+00
1.140000e+02	1.200000e+02	5.400000e+01	6.000000e+01	0.000000e+00	0.000000e+00	0.000000e+00
1.140000e+02	1.200000e+02	6.000000e+01	6.600000e+01	0.000000e+00	0.000000e+00	0.000000e+00
1.140000e+02	1.200000e+02	6.600000e+01	7.200000e+01	0.000000e+00	0.000000e+00	0.000000e+00
1.140000e+02	1.200000e+02	7.200000e+01	7.800000e+01	0.000000e+00	0.000000e+00	0.000000e+00
1.140000e+02	1.200000e+02	7.800000e+01	8.400000e+01	0.000000e+00	0.000000e+00	0.000000e+00
1.140000e+02	1.200000e+02	8.400000e+01	9.000000e+01	4.388331e-05	4.248892e-06	4.248892e-06
1.140000e+02	1.200000e+02	9.000000e+01	9.600000e+01	7.615842e-05	5.549294e-06	5.549294e-06
1.140000e+02	1.200000e+02	9.600000e+01	1.020000e+02	1.329058e-04	7.332321e-06	7.332321e-06
1.140000e+02	1.200000e+02	1.020000e+02	1.080000e+02	2.136424e-04	9.403063e-06	9.403063e-06
1.140000e+02	1.200000e+02	1.080000e+02	1.140000e+02	3.638664e-04	1.227208e-05	1.227208e-05
1.140000e+02	1.200000e+02	1.140000e+02	1.200000e+02	6.416808e-04	1.634762e-05	1.634762e-05
1.140000e+02	1.200000e+02	1.200000e+02	1.260000e+02	8.215847e-04	1.837170e-05	1.837170e-05
1.140000e+02	1.200000e+02	1.260000e+02	1.320000e+02	8.007017e-04	1.813553e-05	1.813553e-05
1.140000e+02	1.200000e+02	1.320000e+02	1.380000e+02	5.230211e-04	1.460813e-05	1.460813e-05
1.140000e+02	1.200000e+02	1.380000e+02	1.440000e+02	2.684221e-04	1.042745e-05	1.042745e-05
1.140000e+02	1.200000e+02	1.440000e+02	1.500000e+02	1.248388e-04	7.146764e-06	7.146764e-06
1.140000e+02	1.200000e+02	1.500000e+02	1.560000e+02	6.687239e-05	5.206735e-06	5.206735e-06
1.140000e+02	1.200000e+02	1.560000e+02	1.620000e+02	3.917717e-05	3.989204e-06	3.989204e-06
1.140000e+02	1.200000e+02	1.620000e+02	1.680000e+02	1.567167e-05	2.553281e-06	2.553281e-06
1.140000e+02	1.200000e+02	1.680000e+02	1.740000e+02	0.000000e+00	0.000000e+00	0.000000e+00
1.140000e+02	1.200000e+02	1.740000e+02	1.800000e+02	0.000000e+00	0.000000e+00	0.000000e+00
1.200000e+02	1.260000e+02	0.000000e+00	6.000000e+00	0.000000e+00	0.000000e+00	0.000000e+00
1.200000e+02	1.260000e+02	6.000000e+00	1.200000e+01	0.000000e+00	0.000000e+00	0.000000e+00
1.200000e+02	1.260000e+02	1.200000e+01	1.800000e+01	0.000000e+00	0.000000e+00	0.000000e+00
1.200000e+02	1.260000e+02	1.800000e+01	2.400000e+01	0.000000e+00	0.000000e+00	0.000000e+00
1.200000e+02	1.260000e+02	2.400000e+01	3.000000e+01	0.000000e+00	0.000000e+00	0.000000e+00
1.200000e+02	1.260000e+02	3.000000e+01	3.600000e+01	0.000000e+00	0.000000e+00	0.000000e+00
1.200000e+02	1.260000e+02	3.600000e+01	4.200000e+01	0.000000e+00	0.000000e+00	0.000000e+00
1.200000e+02	1.260000e+02	4.200000e+01	4.800000e+01	0.000000e+00	0.000000e+00	0.000000e+00
1.200000e+02	1.260000e+02	4.800000e+01	5.400000e+01	0.000000e+00	0.000000e+00	0.000000e+00
1.200000e+02	1.260000e+02	5.400000e+01	6.000000e+01	0.000000e+00	0.000000e+00	0.000000e+00
1.200000e+02	1.260000e+02	6.000000e+01	6.600000e+01	0.000000e+00	0.000000e+00	0.000000e+00
1.200000e+02	1.260000e+02	6.600000e+01	7.200000e+01	0.000000e+00	0.000000e+00	0.000000e+00
1.200000e+02	1.260000e+02	7.200000e+01	7.800000e+01	0.000000e+00	0.000000e+00	0.000000e+00
1.200000e+02	1.260000e+02	7.800000e+01	8.400000e+01	0.000000e+00	0.000000e+00	0.000000e+00
1.200000e+02	1.260000e+02	8.400000e+01	9.000000e+01	7.102372e-05	5.364110e-06	5.364110e-06
1.200000e+02	1.260000e+02	9.000000e+01	9.600000e+01	1.082842e-04	6.579100e-06	6.579100e-06
1.200000e+02	1.260000e+02	9.600000e+01	1.020000e+02	1.900850e-04	8.770764e-06	8.770764e-06
1.200000e+02	1.260000e+02	1.020000e+02	1.080000e+02	3.149739e-04	1.139451e-05	1.139451e-05
1.200000e+02	1.260000e+02	1.080000e+02	1.140000e+02	5.743450e-04	1.545921e-05	1.545921e-05
1.200000e+02	1.260000e+02	1.140000e+02	1.200000e+02	1.020579e-03	2.053599e-05	2.053599e-05
1.200000e+02	1.260000e+02	1.200000e+02	1.260000e+02	1.590171e-03	2.557662e-05	2.557662e-05
1.200000e+02	1.260000e+02	1.260000e+02	1.320000e+02	1.522637e-03	2.509738e-05	2.509738e-05
1.200000e+02	1.260000e+02	1.320000e+02	1.380000e+02	1.009789e-03	2.034248e-05	2.034248e-05
1.200000e+02	1.260000e+02	1.380000e+02	1.440000e+02	5.123647e-04	1.451019e-05	1.451019e-05
1.200000e+02	1.260000e+02	1.440000e+02	1.500000e+02	2.439634e-04	1.002197e-05	1.002197e-05
1.200000e+02	1.260000e+02	1.500000e+02	1.560000e+02	1.328801e-04	7.393322e-06	7.393322e-06
1.200000e+02	1.260000e+02	1.560000e+02	1.620000e+02	7.315639e-05	5.481297e-06	5.481297e-06
1.200000e+02	1.260000e+02	1.620000e+02	1.680000e+02	2.351622e-05	3.055936e-06	3.055936e-06
1.200000e+02	1.260000e+02	1.680000e+02	1.740000e+02	0.000000e+00	0.000000e+00	0.000000e+00
1.200000e+02	1.260000e+02	1.740000e+02	1.800000e+02	0.000000e+00	0.000000e+00	0.000000e+00
1.260000e+02	1.320000e+02	0.000000e+00	6.000000e+00	0.000000e+00	0.000000e+00	0.000000e+00
1.260000e+02	1.320000e+02	6.000000e+00	1.200000e+01	0.000000e+00	0.000000e+00	0.000000e+00
1.260000e+02	1.320000e+02	1.200000e+01	1.800000e+01	0.000000e+00	0.000000e+00	0.000000e+00
1.260000e+02	1.320000e+02	1.800000e+01	2.400000e+01	0.000000e+00	0.000000e+00	0.000000e+00
1.260000e+02	1.320000e+02	2.400000e+01	3.000000e+01	0.000000e+00	0.000000e+00	0.000000e+00
1.260000e+02	1.320000e+02	3.000000e+01	3.600000e+01	0.000000e+00	0.000000e+00	0.000000e+00
1.260000e+02	1.320000e+02	3.600000e+01	4.200000e+01	0.000000e+00	0.000000e+00	0.000000e+00
1.260000e+02	1.320000e+02	4.200000e+01	4.800000e+01	0.000000e+00	0.000000e+00	0.000000e+00
1.260000e+02	1.320000e+02	4.800000e+01	5.400000e+01	0.000000e+00	0.000000e+00	0.000000e+00
1.260000e+02	1.320000e+02	5.400000e+01	6.000000e+01	0.000000e+00	0.000000e+00	0.000000e+00
1.260000e+02	1.320000e+02	6.000000e+01	6.600000e+01	0.000000e+00	0.000000e+00	0.000000e+00
1.260000e+02	1.320000e+02	6.600000e+01	7.200000e+01	0.000000e+00	0.000000e+00	0.000000e+00
1.260000e+02	1.320000e+02	7.200000e+01	7.800000e+01	0.000000e+00	0.000000e+00	0.000000e+00
1.260000e+02	1.320000e+02	7.800000e+01	8.400000e+01	0.000000e+00	0.000000e+00	0.000000e+00
1.260000e+02	1.320000e+02	8.400000e+01	9.000000e+01	6.541583e-05	5.118966e-06	5.118966e-06
1.260000e+02	1.320000e+02	9.000000e+01	9.600000e+01	1.200726e-04	6.935716e-06	6.935716e-06
1.260000e+02	1.320000e+02	9.600000e+01	1.020000e+02	2.009067e-04	9.020933e-06	9.020933e-06
1.260000e+02	1.320000e+02	1.020000e+02	1.080000e+02	3.679692e-04	1.229835e-05	1.229835e-05
1.260000e+02	1.320000e+02	1.080000e+02	1.140000e+02	6.423997e-04	1.633481e-05	1.633481e-05
1.260000e+02	1.320000e+02	1.140000e+02	1.200000e+02	1.120114e-03	2.151260e-05	2.151260e-05
1.260000e+02	1.320000e+02	1.200000e+02	1.260000e+02	1.855408e-03	2.771756e-05	2.771756e-05
1.260000e+02	1.320000e+02	1.260000e+02	1.320000e+02	2.046710e-03	2.912154e-05	2.912154e-05
1.260000e+02	1.320000e+02	1.320000e+02	1.380000e+02	1.397356e-03	2.405912e-05	2.405912e-05
1.260000e+02	1.320000e+02	1.380000e+02	1.440000e+02	6.764114e-04	1.674288e-05	1.674288e-05
1.260000e+02	1.320000e+02	1.440000e+02	1.500000e+02	3.333550e-04	1.177196e-05	1.177196e-05
1.260000e+02	1.320000e+02	1.500000e+02	1.560000e+02	1.645192e-04	8.229419e-06	8.229419e-06
1.260000e+02	1.320000e+02	1.560000e+02	1.620000e+02	9.846714e-05	6.352419e-06	6.352419e-06
1.260000e+02	1.320000e+02	1.620000e+02	1.680000e+02	3.273003e-05	3.625930e-06	3.625930e-06
1.260000e+02	1.320000e+02	1.680000e+02	1.740000e+02	0.000000e+00	0.000000e+00	0.000000e+00
1.260000e+02	1.320000e+02	1.740000e+02	1.800000e+02	0.000000e+00	0.000000e+00	0.000000e+00
1.320000e+02	1.380000e+02	0.000000e+00	6.000000e+00	0.000000e+00	0.000000e+00	0.000000e+00
1.320000e+02	1.380000e+02	6.000000e+00	1.200000e+01	0.000000e+00	0.000000e+00	0.000000e+00
1.320000e+02	1.380000e+02	1.200000e+01	1.800000e+01	0.000000e+00	0.000000e+00	0.000000e+00
1.320000e+02	1.380000e+02	1.800000e+01	2.400000e+01	0.000000e+00	0.000000e+00	0.000000e+00
1.320000e+02	1.380000e+02	2.400000e+01	3.000000e+01	0.000000e+00	0.000000e+00	0.000000e+00
1.320000e+02	1.380000e+02	3.000000e+01	3.600000e+01	0.000000e+00	0.000000e+00	0.000000e+00
1.320000e+02	1.380000e+02	3.600000e+01	4.200000e+01	0.000000e+00	0.000000e+00	0.000000e+00
1.320000e+02	1.380000e+02	4.200000e+01	4.800000e+01	0.000000e+00	0.000000e+00	0.000000e+00
1.320000e+02	1.380000e+02	4.800000e+01	5.400000e+01	0.000000e+00	0.000000e+00	0.000000e+00
1.320000e+02	1.380000e+02	5.400000e+01	6.000000e+01	0.000000e+00	0.000000e+00	0.000000e+00
1.320000e+02	1.380000e+02	6.000000e+01	6.600000e+01	0.000000e+00	0.000000e+00	0.000000e+00
1.320000e+02	1.380000e+02	6.600000e+01	7.200000e+01	0.000000e+00	0.000000e+00	0.000000e+00
1.320000e+02	1.380000e+02	7.200000e+01	7.800000e+01	0.000000e+00	0.000000e+00	0.000000e+00
1.320000e+02	1.380000e+02	7.800000e+01	8.400000e+01	0.000000e+00	0.000000e+00	0.000000e+00
1.320000e+02	1.380000e+02	8.400000e+01	9.000000e+01	4.633475e-05	4.320517e-06	4.320517e-06
1.320000e+02	1.380000e+02	9.000000e+01	9.600000e+01	8.890911e-05	6.056268e-06	6.056268e-06
1.320000e+02	1.380000e+02	9.600000e+01	1.020000e+02	1.362057e-04	7.433399e-06	7.433399e-06
1.320000e+02	1.380000e+02	1.020000e+02	1.080000e+02	2.529657e-04	1.021155e-05	1.021155e-05
1.320000e+02	1.380000e+02	1.080000e+02	1.140000e+02	4.560475e-04	1.375800e-05	1.375800e-05
1.320000e+02	1.380000e+02	1.140000e+02	1.200000e+02	8.812231e-04	1.911210e-05	1.911210e-05
1.320000e+02	1.380000e+02	1.200000e+02	1.260000e+02	1.384311e-03	2.394586e-05	2.394586e-05
1.320000e+02	1.380000e+02	1.260000e+02	1.320000e+02	1.564930e-03	2.545117e-05	2.545117e-05
1.320000e+02	1.380000e+02	1.320000e+02	1.380000e+02	1.145523e-03	2.179321e-05	2.179321e-05
1.320000e+02	1.380000e+02	1.380000e+02	1.440000e+02	6.300322e-04	1.620584e-05	1.620584e-05
1.320000e+02	1.380000e+02	1.440000e+02	1.500000e+02	3.028350e-04	1.127184e-05	1.127184e-05
1.320000e+02	1.380000e+02	1.500000e+02	1.560000e+02	1.421294e-04	7.710176e-06	7.710176e-06
1.320000e+02	1.380000e+02	1.560000e+02	1.620000e+02	9.277836e-05	6.151396e-06	6.151396e-06
1.320000e+02	1.380000e+02	1.620000e+02	1.680000e+02	3.178006e-05	3.602431e-06	3.602431e-06
1.320000e+02	1.380000e+02	1.680000e+02	1.740000e+02	0.000000e+00	0.000000e+00	0.000000e+00
1.320000e+02	1.380000e+02	1.740000e+02	1.800000e+02	0.000000e+00	0.000000e+00	0.000000e+00
1.380000e+02	1.440000e+02	0.000000e+00	6.000000e+00	0.000000e+00	0.000000e+00	0.000000e+00
1.380000e+02	1.440000e+02	6.000000e+00	1.200000e+01	0.000000e+00	0.000000e+00	0.000000e+00
1.380000e+02	1.440000e+02	1.200000e+01	1.800000e+01	0.000000e+00	0.000000e+00	0.000000e+00
1.380000e+02	1.440000e+02	1.800000e+01	2.400000e+01	0.000000e+00	0.000000e+00	0.000000e+00
1.380000e+02	1.440000e+02	2.400000e+01	3.000000e+01	0.000000e+00	0.000000e+00	0.000000e+00
1.380000e+02	1.440000e+02	3.000000e+01	3.600000e+01	0.000000e+00	0.000000e+00	0.000000e+00
1.380000e+02	1.440000e+02	3.600000e+01	4.200000e+01	0.000000e+00	0.000000e+00	0.000000e+00
1.380000e+02	1.440000e+02	4.200000e+01	4.800000e+01	0.000000e+00	0.000000e+00	0.000000e+00
1.380000e+02	1.440000e+02	4.800000e+01	5.400000e+01	0.000000e+00	0.000000e+00	0.000000e+00
1.380000e+02	1.440000e+02	5.400000e+01	6.000000e+01	0.000000e+00	0.000000e+00	0.000000e+00
1.380000e+02	1.440000e+02	6.000000e+01	6.600000e+01	0.000000e+00	0.000000e+00	0.000000e+00
1.380000e+02	1.440000e+02	6.600000e+01	7.200000e+01	0.000000e+00	0.000000e+00	0.000000e+00
1.380000e+02	1.440000e+02	7.200000e+01	7.800000e+01	0.000000e+00	0.000000e+00	0.000000e+00
1.380000e+02	1.440000e+02	7.800000e+01	8.400000e+01	0.000000e+00	0.000000e+00	0.000000e+00
1.380000e+02	1.440000e+02	8.400000e+01	9.000000e+01	2.595517e-05	3.292500e-06	3.292500e-06
1.380000e+02	1.440000e+02	9.000000e+01	9.600000e+01	4.620461e-05	4.317695e-06	4.317695e-06
1.380000e+02	1.440000e+02	9.600000e+01	1.020000e+02	9.142986e-05	6.142625e-06	6.142625e-06
1.380000e+02	1.440000e+02	1.020000e+02	1.080000e+02	1.358200e-04	7.504234e-06	7.504234e-06
1.380000e+02	1.440000e+02	1.080000e+02	1.140000e+02	2.508167e-04	1.021200e-05	1.021200e-05
1.380000e+02	1.440000e+02	1.140000e+02	1.200000e+02	4.584050e-04	1.376964e-05	1.376964e-05
1.380000e+02	1.440000e+02	1.200000e+02	1.260000e+02	7.594964e-04	1.771597e-05	1.771597e-05
1.380000e+02	1.440000e+02	1.260000e+02	1.320000e+02	8.516025e-04	1.883112e-05	1.883112e-05
1.380000e+02	1.440000e+02	1.320000e+02	1.380000e+02	6.847581e-04	1.689128e-05	1.689128e-05
1.380000e+02	1.440000e+02	1.380000e+02	1.440000e+02	3.949647e-04	1.283451e-05	1.283451e-05
1.380000e+02	1.440000e+02	1.440000e+02	1.500000e+02	2.169437e-04	9.548992e-06	9.548992e-06
1.380000e+02	1.440000e+02	1.500000e+02	1.560000e+02	1.214927e-04	7.142507e-06	7.142507e-06
1.380000e+02	1.440000e+02	1.560000e+02	1.620000e+02	7.403017e-05	5.522947e-06	5.522947e-06
1.380000e+02	1.440000e+02	1.620000e+02	1.680000e+02	3.371883e-05	3.755650e-06	3.755650e-06
1.380000e+02	1.440000e+02	1.680000e+02	1.740000e+02	0.000000e+00	0.000000e+00	0.000000e+00
1.380000e+02	1.440000e+02	1.740000e+02	1.800000e+02	0.000000e+00	0.000000e+00	0.000000e+00
1.440000e+02	1.500000e+02	0.000000e+00	6.000000e+00	0.000000e+00	0.000000e+00	0.000000e+00
1.440000e+02	1.500000e+02	6.000000e+00	1.200000e+01	0.000000e+00	0.000000e+00	0.000000e+00
1.440000e+02	1.500000e+02	1.200000e+01	1.800000e+01	0.000000e+00	0.000000e+00	0.000000e+00
1.440000e+02	1.500000e+02	1.800000e+01	2.400000e+01	0.000000e+00	0.000000e+00	0.000000e+00
1.440000e+02	1.500000e+02	2.400000e+01	3.000000e+01	0.000000e+00	0.000000e+00	0.000000e+00
1.440000e+02	1.500000e+02	3.000000e+01	3.600000e+01	0.000000e+00	0.000000e+00	0.000000e+00
1.440000e+02	1.500000e+02	3.600000e+01	4.200000e+01	0.000000e+00	0.000000e+00	0.000000e+00
1.440000e+02	1.500000e+02	4.200000e+01	4.800000e+01	0.000000e+00	0.000000e+00	0.000000e+00
1.440000e+02	1.500000e+02	4.800000e+01	5.400000e+01	0.000000e+00	0.000000e+00	0.000000e+00
1.440000e+02	1.500000e+02	5.400000e+01	6.000000e+01	0.000000e+00	0.000000e+00	0.000000e+00
1.440000e+02	1.500000e+02	6.000000e+01	6.600000e+01	0.000000e+00	0.000000e+00	0.000000e+00
1.440000e+02	1.500000e+02	6.600000e+01	7.200000e+01	0.000000e+00	0.000000e+00	0.000000e+00
1.440000e+02	1.500000e+02	7.200000e+01	7.800000e+01	0.000000e+00	0.000000e+00	0.000000e+00
1.440000e+02	1.500000e+02	7.800000e+01	8.400000e+01	0.000000e+00	0.000000e+00	0.000000e+00
1.440000e+02	1.500000e+02	8.400000e+01	9.000000e+01	1.384382e-05	2.417988e-06	2.417988e-06
1.440000e+02	1.500000e+02	9.000000e+01	9.600000e+01	2.079276e-05	2.931222e-06	2.931222e-06
1.440000e+02	1.500000e+02	9.600000e+01	1.020000e+02	3.672175e-05	3.863787e-06	3.863787e-06
1.440000e+02	1.500000e+02	1.020000e+02	1.080000e+02	5.690450e-05	4.873069e-06	4.873069e-06
1.440000e+02	1.500000e+02	1.080000e+02	1.140000e+02	1.092169e-04	6.715455e-06	6.715455e-06
1.440000e+02	1.500000e+02	1.140000e+02	1.200000e+02	2.121609e-04	9.440767e-06	9.440767e-06
1.440000e+02	1.500000e+02	1.200000e+02	1.260000e+02	3.323356e-04	1.176457e-05	1.176457e-05
1.440000e+02	1.500000e+02	1.260000e+02	1.320000e+02	3.822697e-04	1.260415e-05	1.260415e-05
1.440000e+02	1.500000e+02	1.320000e+02	1.380000e+02	3.310669e-04	1.178891e-05	1.178891e-05
1.440000e+02	1.500000e+02	1.380000e+02	1.440000e+02	2.094982e-04	9.439733e-06	9.439733e-06
1.440000e+02	1.500000e+02	1.440000e+02	1.500000e+02	1.777686e-04	8.710425e-06	8.710425e-06
1.440000e+02	1.500000e+02	1.500000e+02	1.560000e+02	1.082560e-04	6.827151e-06	6.827151e-06
1.440000e+02	1.500000e+02	1.560000e+02	1.620000e+02	6.892450e-05	5.390078e-06	5.390078e-06
1.440000e+02	1.500000e+02	1.620000e+02	1.680000e+02	2.150199e-05	3.006472e-06	3.006472e-06
1.440000e+02	1.500000e+02	1.680000e+02	1.740000e+02	0.000000e+00	0.000000e+00	0.000000e+00
1.440000e+02	1.500000e+02	1.740000e+02	1.800000e+02	0.000000e+00	0.000000e+00	0.000000e+00
1.500000e+02	1.560000e+02	0.000000e+00	6.000000e+00	0.000000e+00	0.000000e+00	0.000000e+00
1.500000e+02	1.560000e+02	6.000000e+00	1.200000e+01	0.000000e+00	0.000000e+00	0.000000e+00
1.500000e+02	1.560000e+02	1.200000e+01	1.800000e+01	0.000000e+00	0.000000e+00	0.000000e+00
1.500000e+02	1.560000e+02	1.800000e+01	2.400000e+01	0.000000e+00	0.000000e+00	0.000000e+00
1.500000e+02	1.560000e+02	2.400000e+01	3.000000e+01	0.000000e+00	0.000000e+00	0.000000e+00
1.500000e+02	1.560000e+02	3.000000e+01	3.600000e+01	0.000000e+00	0.000000e+00	0.000000e+00
1.500000e+02	1.560000e+02	3.600000e+01	4.200000e+01	0.000000e+00	0.000000e+00	0.000000e+00
1.500000e+02	1.560000e+02	4.200000e+01	4.800000e+01	0.000000e+00	0.000000e+00	0.000000e+00
1.500000e+02	1.560000e+02	4.800000e+01	5.400000e+01	0.000000e+00	0.000000e+00	0.000000e+00
1.500000e+02	1.560000e+02	5.400000e+01	6.000000e+01	0.000000e+00	0.000000e+00	0.000000e+00
1.500000e+02	1.560000e+02	6.000000e+01	6.600000e+01	0.000000e+00	0.000000e+00	0.000000e+00
1.500000e+02	1.560000e+02	6.600000e+01	7.200000e+01	0.000000e+00	0.000000e+00	0.000000e+00
1.500000e+02	1.560000e+02	7.200000e+01	7.800000e+01	0.000000e+00	0.000000e+00	0.000000e+00
1.500000e+02	1.560000e+02	7.800000e+01	8.400000e+01	0.000000e+00	0.000000e+00	0.000000e+00
1.500000e+02	1.560000e+02	8.400000e+01	9.000000e+01	4.033161e-06	1.240151e-06	1.240151e-06
1.500000e+02	1.560000e+02	9.000000e+01	9.600000e+01	1.255261e-05	2.278738e-06	2.278738e-06
1.500000e+02	1.560000e+02	9.600000e+01	1.020000e+02	1.668337e-05	2.629354e-06	2.629354e-06
1.500000e+02	1.560000e+02	1.020000e+02	1.080000e+02	3.073517e-05	3.566295e-06	3.566295e-06
1.500000e+02	1.560000e+02	1.080000e+02	1.140000e+02	5.401856e-05	4.767235e-06	4.767235e-06
1.500000e+02	1.560000e+02	1.140000e+02	1.200000e+02	1.023889e-04	6.506995e-06	6.506995e-06
1.500000e+02	1.560000e+02	1.200000e+02	1.260000e+02	1.588837e-04	8.178956e-06	8.178956e-06
1.500000e+02	1.560000e+02	1.260000e+02	1.320000e+02	1.825998e-04	8.782238e-06	8.782238e-06
1.500000e+02	1.560000e+02	1.320000e+02	1.380000e+02	1.656579e-04	8.371035e-06	8.371035e-06
1.500000e+02	1.560000e+02	1.380000e+02	1.440000e+02	1.175323e-04	7.074397e-06	7.074397e-06
1.500000e+02	1.560000e+02	1.440000e+02	1.500000e+02	9.572086e-05	6.373198e-06	6.373198e-06
1.500000e+02	1.560000e+02	1.500000e+02	1.560000e+02	9.739767e-05	6.488507e-06	6.488507e-06
1.500000e+02	1.560000e+02	1.560000e+02	1.620000e+02	6.286214e-05	5.175196e-06	5.175196e-06
1.500000e+02	1.560000e+02	1.620000e+02	1.680000e+02	3.424150e-05	3.830858e-06	3.830858e-06
1.500000e+02	1.560000e+02	1.680000e+02	1.740000e+02	0.000000e+00	0.000000e+00	0.000000e+00
1.500000e+02	1.560000e+02	1.740000e+02	1.800000e+02	0.000000e+00	0.000000e+00	0.000000e+00
1.560000e+02	1.620000e+02	0.000000e+00	6.000000e+00	0.000000e+00	0.000000e+00	0.000000e+00
1.560000e+02	1.620000e+02	6.000000e+00	1.200000e+01	0.000000e+00	0.000000e+00	0.000000e+00
1.560000e+02	1.620000e+02	1.200000e+01	1.800000e+01	0.000000e+00	0.000000e+00	0.000000e+00
1.560000e+02	1.620000e+02	1.800000e+01	2.400000e+01	0.000000e+00	0.000000e+00	0.000000e+00
1.560000e+02	1.620000e+02	2.400000e+01	3.000000e+01	0.000000e+00	0.000000e+00	0.000000e+00
1.560000e+02	1.620000e+02	3.000000e+01	3.600000e+01	0.000000e+00	0.000000e+00	0.000000e+00
1.560000e+02	1.620000e+02	3.600000e+01	4.200000e+01	0.000000e+00	0.000000e+00	0.000000e+00
1.560000e+02	1.620000e+02	4.200000e+01	4.800000e+01	0.000000e+00	0.000000e+00	0.000000e+00
1.560000e+02	1.620000e+02	4.800000e+01	5.400000e+01	0.000000e+00	0.000000e+00	0.000000e+00
1.560000e+02	1.620000e+02	5.400000e+01	6.000000e+01	0.000000e+00	0.000000e+00	0.000000e+00
1.560000e+02	1.620000e+02	6.000000e+01	6.600000e+01	0.000000e+00	0.000000e+00	0.000000e+00
1.560000e+02	1.620000e+02	6.600000e+01	7.200000e+01	0.000000e+00	0.000000e+00	0.000000e+00
1.560000e+02	1.620000e+02	7.200000e+01	7.800000e+01	0.000000e+00	0.000000e+00	0.000000e+00
1.560000e+02	1.620000e+02	7.800000e+01	8.400000e+01	0.000000e+00	0.000000e+00	0.000000e+00
1.560000e+02	1.620000e+02	8.400000e+01	9.000000e+01	2.154852e-06	8.991435e-07	8.991435e-07
1.560000e+02	1.620000e+02	9.000000e+01	9.600000e+01	7.805589e-06	1.805783e-06	1.805783e-06
1.560000e+02	1.620000e+02	9.600000e+01	1.020000e+02	9.180383e-06	1.931905e-06	1.931905e-06
1.560000e+02	1.620000e+02	1.020000e+02	1.080000e+02	1.590699e-05	2.554393e-06	2.554393e-06
1.560000e+02	1.620000e+02	1.080000e+02	1.140000e+02	2.864381e-05	3.477555e-06	3.477555e-06
1.560000e+02	1.620000e+02	1.140000e+02	1.200000e+02	4.767992e-05	4.453665e-06	4.453665e-06
1.560000e+02	1.620000e+02	1.200000e+02	1.260000e+02	7.917111e-05	5.766427e-06	5.766427e-06
1.560000e+02	1.620000e+02	1.260000e+02	1.320000e+02	9.312875e-05	6.224371e-06	6.224371e-06
1.560000e+02	1.620000e+02	1.320000e+02	1.380000e+02	8.074767e-05	5.830160e-06	5.830160e-06
1.560000e+02	1.620000e+02	1.380000e+02	1.440000e+02	7.376314e-05	5.587570e-06	5.587570e-06
1.560000e+02	1.620000e+02	1.440000e+02	1.500000e+02	6.882542e-05	5.446440e-06	5.446440e-06
1.560000e+02	1.620000e+02	1.500000e+02	1.560000e+02	6.945803e-05	5.472202e-06	5.472202e-06
1.560000e+02	1.620000e+02	1.560000e+02	1.620000e+02	9.019433e-05	6.242533e-06	6.242533e-06
1.560000e+02	1.620000e+02	1.620000e+02	1.680000e+02	4.182944e-05	4.263908e-06	4.263908e-06
1.560000e+02	1.620000e+02	1.680000e+02	1.740000e+02	0.000000e+00	0.000000e+00	0.000000e+00
1.560000e+02	1.620000e+02	1.740000e+02	1.800000e+02	0.000000e+00	0.000000e+00	0.000000e+00
1.620000e+02	1.680000e+02	0.000000e+00	6.000000e+00	0.000000e+00	0.000000e+00	0.000000e+00
1.620000e+02	1.680000e+02	6.000000e+00	1.200000e+01	0.000000e+00	0.000000e+00	0.000000e+00
1.620000e+02	1.680000e+02	1.200000e+01	1.800000e+01	0.000000e+00	0.000000e+00	0.000000e+00
1.620000e+02	1.680000e+02	1.800000e+01	2.400000e+01	0.000000e+00	0.000000e+00	0.000000e+00
1.620000e+02	1.680000e+02	2.400000e+01	3.000000e+01	0.000000e+00	0.000000e+00	0.000000e+00
1.620000e+02	1.680000e+02	3.000000e+01	3.600000e+01	0.000000e+00	0.000000e+00	0.000000e+00
1.620000e+02	1.680000e+02	3.600000e+01	4.200000e+01	0.000000e+00	0.000000e+00	0.000000e+00
1.620000e+02	1.680000e+02	4.200000e+01	4.800000e+01	0.000000e+00	0.000000e+00	0.000000e+00
1.620000e+02	1.680000e+02	4.800000e+01	5.400000e+01	0.000000e+00	0.000000e+00	0.000000e+00
1.620000e+02	1.680000e+02	5.400000e+01	6.000000e+01	0.000000e+00	0.000000e+00	0.000000e+00
1.620000e+02	1.680000e+02	6.000000e+01	6.600000e+01	0.000000e+00	0.000000e+00	0.000000e+00
1.620000e+02	1.680000e+02	6.600000e+01	7.200000e+01	0.000000e+00	0.000000e+00	0.000000e+00
1.620000e+02	1.680000e+02	7.200000e+01	7.800000e+01	0.000000e+00	0.000000e+00	0.000000e+00
1.620000e+02	1.680000e+02	7.800000e+01	8.400000e+01	0.000000e+00	0.000000e+00	0.000000e+00
1.620000e+02	1.680000e+02	8.400000e+01	9.000000e+01	1.049692e-06	6.334788e-07	6.334788e-07
1.620000e+02	1.680000e+02	9.000000e+01	9.600000e+01	2.373408e-06	9.988068e-07	9.988068e-07
1.620000e+02	1.680000e+02	9.600000e+01	1.020000e+02	4.812592e-06	1.413639e-06	1.413639e-06
1.620000e+02	1.680000e+02	1.020000e+02	1.080000e+02	5.668781e-06	1.506598e-06	1.506598e-06
1.620000e+02	1.680000e+02	1.080000e+02	1.140000e+02	5.961689e-06	1.529574e-06	1.529574e-06
1.620000e+02	1.680000e+02	1.140000e+02	1.200000e+02	1.615585e-05	2.556072e-06	2.556072e-06
1.620000e+02	1.680000e+02	1.200000e+02	1.260000e+02	3.377061e-05	3.772573e-06	3.772573e-06
1.620000e+02	1.680000e+02	1.260000e+02	1.320000e+02	3.541644e-05	3.828182e-06	3.828182e-06
1.620000e+02	1.680000e+02	1.320000e+02	1.380000e+02	2.852378e-05	3.440583e-06	3.440583e-06
1.620000e+02	1.680000e+02	1.380000e+02	1.440000e+02	1.887594e-05	2.780390e-06	2.780390e-06
1.620000e+02	1.680000e+02	1.440000e+02	1.500000e+02	2.368606e-05	3.158291e-06	3.158291e-06
1.620000e+02	1.680000e+02	1.500000e+02	1.560000e+02	2.175592e-05	3.058873e-06	3.058873e-06
1.620000e+02	1.680000e+02	1.560000e+02	1.620000e+02	4.268694e-05	4.303268e-06	4.303268e-06
1.620000e+02	1.680000e+02	1.620000e+02	1.680000e+02	2.864061e-05	3.540653e-06	3.540653e-06
1.620000e+02	1.680000e+02	1.680000e+02	1.740000e+02	0.000000e+00	0.000000e+00	0.000000e+00
1.620000e+02	1.680000e+02	1.740000e+02	1.800000e+02	0.000000e+00	0.000000e+00	0.000000e+00
1.680000e+02	1.740000e+02	0.000000e+00	6.000000e+00	0.000000e+00	0.000000e+00	0.000000e+00
1.680000e+02	1.740000e+02	6.000000e+00	1.200000e+01	0.000000e+00	0.000000e+00	0.000000e+00
1.680000e+02	1.740000e+02	1.200000e+01	1.800000e+01	0.000000e+00	0.000000e+00	0.000000e+00
1.680000e+02	1.740000e+02	1.800000e+01	2.400000e+01	0.000000e+00	0.000000e+00	0.000000e+00
1.680000e+02	1.740000e+02	2.400000e+01	3.000000e+01	0.000000e+00	0.000000e+00	0.000000e+00
1.680000e+02	1.740000e+02	3.000000e+01	3.600000e+01	0.000000e+00	0.000000e+00	0.000000e+00
1.680000e+02	1.740000e+02	3.600000e+01	4.200000e+01	0.000000e+00	0.000000e+00	0.000000e+00
1.680000e+02	1.740000e+02	4.200000e+01	4.800000e+01	0.000000e+00	0.000000e+00	0.000000e+00
1.680000e+02	1.740000e+02	4.800000e+01	5.400000e+01	0.000000e+00	0.000000e+00	0.000000e+00
1.680000e+02	1.740000e+02	5.400000e+01	6.000000e+01	0.000000e+00	0.000000e+00	0.000000e+00
1.680000e+02	1.740000e+02	6.000000e+01	6.600000e+01	0.000000e+00	0.000000e+00	0.000000e+00
1.680000e+02	1.740000e+02	6.600000e+01	7.200000e+01	0.000000e+00	0.000000e+00	0.000000e+00
1.680000e+02	1.740000e+02	7.200000e+01	7.800000e+01	0.000000e+00	0.000000e+00	0.000000e+00
1.680000e+02	1.740000e+02	7.800000e+01	8.400000e+01	0.000000e+00	0.000000e+00	0.000000e+00
1.680000e+02	1.740000e+02	8.400000e+01	9.000000e+01	0.000000e+00	0.000000e+00	0.000000e+00
1.680000e+02	1.740000e+02	9.000000e+01	9.600000e+01	0.000000e+00	0.000000e+00	0.000000e+00
1.680000e+02	1.740000e+02	9.600000e+01	1.020000e+02	0.000000e+00	0.000000e+00	0.000000e+00
1.680000e+02	1.740000e+02	1.020000e+02	1.080000e+02	0.000000e+00	0.000000e+00	0.000000e+00
1.680000e+02	1.740000e+02	1.080000e+02	1.140000e+02	0.000000e+00	0.000000e+00	0.000000e+00
1.680000e+02	1.740000e+02	1.140000e+02	1.200000e+02	0.000000e+00	0.000000e+00	0.000000e+00
1.680000e+02	1.740000e+02	1.200000e+02	1.260000e+02	0.000000e+00	0.000000e+00	0.000000e+00
1.680000e+02	1.740000e+02	1.260000e+02	1.320000e+02	0.000000e+00	0.000000e+00	0.000000e+00
1.680000e+02	1.740000e+02	1.320000e+02	1.380000e+02	0.000000e+00	0.000000e+00	0.000000e+00
1.680000e+02	1.740000e+02	1.380000e+02	1.440000e+02	0.000000e+00	0.000000e+00	0.000000e+00
1.680000e+02	1.740000e+02	1.440000e+02	1.500000e+02	0.000000e+00	0.000000e+00	0.000000e+00
1.680000e+02	1.740000e+02	1.500000e+02	1.560000e+02	0.000000e+00	0.000000e+00	0.000000e+00
1.680000e+02	1.740000e+02	1.560000e+02	1.620000e+02	0.000000e+00	0.000000e+00	0.000000e+00
1.680000e+02	1.740000e+02	1.620000e+02	1.680000e+02	0.000000e+00	0.000000e+00	0.000000e+00
1.680000e+02	1.740000e+02	1.680000e+02	1.740000e+02	0.000000e+00	0.000000e+00	0.000000e+00
1.680000e+02	1.740000e+02	1.740000e+02	1.800000e+02	0.000000e+00	0.000000e+00	0.000000e+00
1.740000e+02	1.800000e+02	0.000000e+00	6.000000e+00	0.000000e+00	0.000000e+00	0.000000e+00
1.740000e+02	1.800000e+02	6.000000e+00	1.200000e+01	0.000000e+00	0.000000e+00	0.000000e+00
1.740000e+02	1.800000e+02	1.200000e+01	1.800000e+01	0.000000e+00	0.000000e+00	0.000000e+00
1.740000e+02	1.800000e+02	1.800000e+01	2.400000e+01	0.000000e+00	0.000000e+00	0.000000e+00
1.740000e+02	1.800000e+02	2.400000e+01	3.000000e+01	0.000000e+00	0.000000e+00	0.000000e+00
1.740000e+02	1.800000e+02	3.000000e+01	3.600000e+01	0.000000e+00	0.000000e+00	0.000000e+00
1.740000e+02	1.800000e+02	3.600000e+01	4.200000e+01	0.000000e+00	0.000000e+00	0.000000e+00
1.740000e+02	1.800000e+02	4.200000e+01	4.800000e+01	0.000000e+00	0.000000e+00	0.000000e+00
1.740000e+02	1.800000e+02	4.800000e+01	5.400000e+01	0.000000e+00	0.000000e+00	0.000000e+00
1.740000e+02	1.800000e+02	5.400000e+01	6.000000e+01	0.000000e+00	0.000000e+00	0.000000e+00
1.740000e+02	1.800000e+02	6.000000e+01	6.600000e+01	0.000000e+00	0.000000e+00	0.000000e+00
1.740000e+02	1.800000e+02	6.600000e+01	7.200000e+01	0.000000e+00	0.000000e+00	0.000000e+00
1.740000e+02	1.800000e+02	7.200000e+01	7.800000e+01	0.000000e+00	0.000000e+00	0.000000e+00
1.740000e+02	1.800000e+02	7.800000e+01	8.400000e+01	0.000000e+00	0.000000e+00	0.000000e+00
1.740000e+02	1.800000e+02	8.400000e+01	9.000000e+01	0.000000e+00	0.000000e+00	0.000000e+00
1.740000e+02	1.800000e+02	9.000000e+01	9.600000e+01	0.000000e+00	0.000000e+00	0.000000e+00
1.740000e+02	1.800000e+02	9.600000e+01	1.020000e+02	0.000000e+00	0.000000e+00	0.000000e+00
1.740000e+02	1.800000e+02	1.020000e+02	1.080000e+02	0.000000e+00	0.000000e+00	0.000000e+00
1.740000e+02	1.800000e+02	1.080000e+02	1.140000e+02	0.000000e+00	0.000000e+00	0.000000e+00
1.740000e+02	1.800000e+02	1.140000e+02	1.200000e+02	0.000000e+00	0.000000e+00	0.000000e+00
1.740000e+02	1.800000e+02	1.200000e+02	1.260000e+02	0.000000e+00	0.000000e+00	0.000000e+00
1.740000e+02	1.800000e+02	1.260000e+02	1.320000e+02	0.000000e+00	0.000000e+00	0.000000e+00
1.740000e+02	1.800000e+02	1.320000e+02	1.380000e+02	0.000000e+00	0.000000e+00	0.000000e+00
1.740000e+02	1.800000e+02	1.380000e+02	1.440000e+02	0.000000e+00	0.000000e+00	0.000000e+00
1.740000e+02	1.800000e+02	1.440000e+02	1.500000e+02	0.000000e+00	0.000000e+00	0.000000e+00
1.740000e+02	1.800000e+02	1.500000e+02	1.560000e+02	0.000000e+00	0.000000e+00	0.000000e+00
1.740000e+02	1.800000e+02	1.560000e+02	1.620000e+02	0.000000e+00	0.000000e+00	0.000000e+00
1.740000e+02	1.800000e+02	1.620000e+02	1.680000e+02	0.000000e+00	0.000000e+00	0.000000e+00
1.740000e+02	1.800000e+02	1.680000e+02	1.740000e+02	0.000000e+00	0.000000e+00	0.000000e+00
1.740000e+02	1.800000e+02	1.740000e+02	1.800000e+02	0.000000e+00	0.000000e+00	0.000000e+00
# END HISTO2D

