# BEGIN HISTO2D /res/oxford_combined_rw2/histo_mHmH_boost_C1d
Path=/res/oxford_combined_rw2/histo_mHmH_boost_C1d
Title=mHmH_boost_C1d
# xlow	 xhigh	 ylow	 yhigh	 val	 errminus	 errplus
0.000000e+00	6.000000e+00	0.000000e+00	6.000000e+00	0.000000e+00	0.000000e+00	0.000000e+00
0.000000e+00	6.000000e+00	6.000000e+00	1.200000e+01	0.000000e+00	0.000000e+00	0.000000e+00
0.000000e+00	6.000000e+00	1.200000e+01	1.800000e+01	3.158947e+00	3.155692e+00	3.155692e+00
0.000000e+00	6.000000e+00	1.800000e+01	2.400000e+01	0.000000e+00	0.000000e+00	0.000000e+00
0.000000e+00	6.000000e+00	2.400000e+01	3.000000e+01	0.000000e+00	0.000000e+00	0.000000e+00
0.000000e+00	6.000000e+00	3.000000e+01	3.600000e+01	0.000000e+00	0.000000e+00	0.000000e+00
0.000000e+00	6.000000e+00	3.600000e+01	4.200000e+01	0.000000e+00	0.000000e+00	0.000000e+00
0.000000e+00	6.000000e+00	4.200000e+01	4.800000e+01	0.000000e+00	0.000000e+00	0.000000e+00
0.000000e+00	6.000000e+00	4.800000e+01	5.400000e+01	0.000000e+00	0.000000e+00	0.000000e+00
0.000000e+00	6.000000e+00	5.400000e+01	6.000000e+01	3.172219e+00	3.155734e+00	3.155734e+00
0.000000e+00	6.000000e+00	6.000000e+01	6.600000e+01	0.000000e+00	0.000000e+00	0.000000e+00
0.000000e+00	6.000000e+00	6.600000e+01	7.200000e+01	4.405472e+01	4.405473e+01	4.405473e+01
0.000000e+00	6.000000e+00	7.200000e+01	7.800000e+01	0.000000e+00	0.000000e+00	0.000000e+00
0.000000e+00	6.000000e+00	7.800000e+01	8.400000e+01	0.000000e+00	0.000000e+00	0.000000e+00
0.000000e+00	6.000000e+00	8.400000e+01	9.000000e+01	0.000000e+00	0.000000e+00	0.000000e+00
0.000000e+00	6.000000e+00	9.000000e+01	9.600000e+01	0.000000e+00	0.000000e+00	0.000000e+00
0.000000e+00	6.000000e+00	9.600000e+01	1.020000e+02	3.256747e-03	3.256749e-03	3.256749e-03
0.000000e+00	6.000000e+00	1.020000e+02	1.080000e+02	0.000000e+00	0.000000e+00	0.000000e+00
0.000000e+00	6.000000e+00	1.080000e+02	1.140000e+02	0.000000e+00	0.000000e+00	0.000000e+00
0.000000e+00	6.000000e+00	1.140000e+02	1.200000e+02	0.000000e+00	0.000000e+00	0.000000e+00
0.000000e+00	6.000000e+00	1.200000e+02	1.260000e+02	0.000000e+00	0.000000e+00	0.000000e+00
0.000000e+00	6.000000e+00	1.260000e+02	1.320000e+02	0.000000e+00	0.000000e+00	0.000000e+00
0.000000e+00	6.000000e+00	1.320000e+02	1.380000e+02	0.000000e+00	0.000000e+00	0.000000e+00
0.000000e+00	6.000000e+00	1.380000e+02	1.440000e+02	0.000000e+00	0.000000e+00	0.000000e+00
0.000000e+00	6.000000e+00	1.440000e+02	1.500000e+02	0.000000e+00	0.000000e+00	0.000000e+00
0.000000e+00	6.000000e+00	1.500000e+02	1.560000e+02	0.000000e+00	0.000000e+00	0.000000e+00
0.000000e+00	6.000000e+00	1.560000e+02	1.620000e+02	0.000000e+00	0.000000e+00	0.000000e+00
0.000000e+00	6.000000e+00	1.620000e+02	1.680000e+02	0.000000e+00	0.000000e+00	0.000000e+00
0.000000e+00	6.000000e+00	1.680000e+02	1.740000e+02	0.000000e+00	0.000000e+00	0.000000e+00
0.000000e+00	6.000000e+00	1.740000e+02	1.800000e+02	0.000000e+00	0.000000e+00	0.000000e+00
6.000000e+00	1.200000e+01	0.000000e+00	6.000000e+00	0.000000e+00	0.000000e+00	0.000000e+00
6.000000e+00	1.200000e+01	6.000000e+00	1.200000e+01	7.206703e+02	1.763601e+02	1.763601e+02
6.000000e+00	1.200000e+01	1.200000e+01	1.800000e+01	1.066988e+03	2.116793e+02	2.116793e+02
6.000000e+00	1.200000e+01	1.800000e+01	2.400000e+01	1.759227e+03	2.753569e+02	2.753569e+02
6.000000e+00	1.200000e+01	2.400000e+01	3.000000e+01	1.274701e+03	2.333932e+02	2.333932e+02
6.000000e+00	1.200000e+01	3.000000e+01	3.600000e+01	8.652158e+02	1.876565e+02	1.876565e+02
6.000000e+00	1.200000e+01	3.600000e+01	4.200000e+01	1.155160e+03	2.206576e+02	2.206576e+02
6.000000e+00	1.200000e+01	4.200000e+01	4.800000e+01	1.472977e+03	2.496105e+02	2.496105e+02
6.000000e+00	1.200000e+01	4.800000e+01	5.400000e+01	1.139536e+03	2.164222e+02	2.164222e+02
6.000000e+00	1.200000e+01	5.400000e+01	6.000000e+01	1.652971e+03	2.647305e+02	2.647305e+02
6.000000e+00	1.200000e+01	6.000000e+01	6.600000e+01	1.289152e+03	2.351672e+02	2.351672e+02
6.000000e+00	1.200000e+01	6.600000e+01	7.200000e+01	1.400774e+03	2.418130e+02	2.418130e+02
6.000000e+00	1.200000e+01	7.200000e+01	7.800000e+01	1.473121e+03	2.496105e+02	2.496105e+02
6.000000e+00	1.200000e+01	7.800000e+01	8.400000e+01	1.344050e+03	2.376823e+02	2.376823e+02
6.000000e+00	1.200000e+01	8.400000e+01	9.000000e+01	9.507786e+02	1.975740e+02	1.975740e+02
6.000000e+00	1.200000e+01	9.000000e+01	9.600000e+01	1.325106e+03	2.375566e+02	2.375566e+02
6.000000e+00	1.200000e+01	9.600000e+01	1.020000e+02	7.904981e+02	1.820047e+02	1.820047e+02
6.000000e+00	1.200000e+01	1.020000e+02	1.080000e+02	4.218394e+02	1.324653e+02	1.324653e+02
6.000000e+00	1.200000e+01	1.080000e+02	1.140000e+02	5.036244e+02	1.463173e+02	1.463173e+02
6.000000e+00	1.200000e+01	1.140000e+02	1.200000e+02	4.155150e+02	1.323901e+02	1.323901e+02
6.000000e+00	1.200000e+01	1.200000e+02	1.260000e+02	2.329655e+02	9.871137e+01	9.871137e+01
6.000000e+00	1.200000e+01	1.260000e+02	1.320000e+02	9.443386e+01	6.246243e+01	6.246243e+01
6.000000e+00	1.200000e+01	1.320000e+02	1.380000e+02	9.760933e+01	6.254210e+01	6.254210e+01
6.000000e+00	1.200000e+01	1.380000e+02	1.440000e+02	4.721367e+01	4.416761e+01	4.416761e+01
6.000000e+00	1.200000e+01	1.440000e+02	1.500000e+02	2.297770e+02	9.866090e+01	9.866090e+01
6.000000e+00	1.200000e+01	1.500000e+02	1.560000e+02	6.513494e-03	4.605738e-03	4.605738e-03
6.000000e+00	1.200000e+01	1.560000e+02	1.620000e+02	4.405797e+01	4.405473e+01	4.405473e+01
6.000000e+00	1.200000e+01	1.620000e+02	1.680000e+02	8.811269e+01	6.230280e+01	6.230280e+01
6.000000e+00	1.200000e+01	1.680000e+02	1.740000e+02	3.256747e-03	3.256749e-03	3.256749e-03
6.000000e+00	1.200000e+01	1.740000e+02	1.800000e+02	0.000000e+00	0.000000e+00	0.000000e+00
1.200000e+01	1.800000e+01	0.000000e+00	6.000000e+00	6.311383e+00	4.462821e+00	4.462821e+00
1.200000e+01	1.800000e+01	6.000000e+00	1.200000e+01	1.607581e+03	2.632342e+02	2.632342e+02
1.200000e+01	1.800000e+01	1.200000e+01	1.800000e+01	2.388946e+03	3.181687e+02	3.181687e+02
1.200000e+01	1.800000e+01	1.800000e+01	2.400000e+01	3.251019e+03	3.693728e+02	3.693728e+02
1.200000e+01	1.800000e+01	2.400000e+01	3.000000e+01	2.436525e+03	3.159704e+02	3.159704e+02
1.200000e+01	1.800000e+01	3.000000e+01	3.600000e+01	2.751541e+03	3.392879e+02	3.392879e+02
1.200000e+01	1.800000e+01	3.600000e+01	4.200000e+01	2.696608e+03	3.337544e+02	3.337544e+02
1.200000e+01	1.800000e+01	4.200000e+01	4.800000e+01	3.169783e+03	3.640376e+02	3.640376e+02
1.200000e+01	1.800000e+01	4.800000e+01	5.400000e+01	3.598836e+03	3.874559e+02	3.874559e+02
1.200000e+01	1.800000e+01	5.400000e+01	6.000000e+01	3.138400e+03	3.614173e+02	3.614173e+02
1.200000e+01	1.800000e+01	6.000000e+01	6.600000e+01	3.182531e+03	3.657884e+02	3.657884e+02
1.200000e+01	1.800000e+01	6.600000e+01	7.200000e+01	2.675999e+03	3.306707e+02	3.306707e+02
1.200000e+01	1.800000e+01	7.200000e+01	7.800000e+01	2.729171e+03	3.365756e+02	3.365756e+02
1.200000e+01	1.800000e+01	7.800000e+01	8.400000e+01	2.490111e+03	3.621927e+02	3.621927e+02
1.200000e+01	1.800000e+01	8.400000e+01	9.000000e+01	2.044162e+03	2.897081e+02	2.897081e+02
1.200000e+01	1.800000e+01	9.000000e+01	9.600000e+01	1.882681e+03	2.793048e+02	2.793048e+02
1.200000e+01	1.800000e+01	9.600000e+01	1.020000e+02	2.008438e+03	2.895060e+02	2.895060e+02
1.200000e+01	1.800000e+01	1.020000e+02	1.080000e+02	1.633874e+03	2.577132e+02	2.577132e+02
1.200000e+01	1.800000e+01	1.080000e+02	1.140000e+02	1.249639e+03	2.293280e+02	2.293280e+02
1.200000e+01	1.800000e+01	1.140000e+02	1.200000e+02	7.587619e+02	1.766986e+02	1.766986e+02
1.200000e+01	1.800000e+01	1.200000e+02	1.260000e+02	8.656781e+02	1.922634e+02	1.922634e+02
1.200000e+01	1.800000e+01	1.260000e+02	1.320000e+02	3.275217e+02	1.168139e+02	1.168139e+02
1.200000e+01	1.800000e+01	1.320000e+02	1.380000e+02	3.840208e+02	1.250046e+02	1.250046e+02
1.200000e+01	1.800000e+01	1.380000e+02	1.440000e+02	3.620136e+02	1.247254e+02	1.247254e+02
1.200000e+01	1.800000e+01	1.440000e+02	1.500000e+02	1.416443e+02	7.650054e+01	7.650054e+01
1.200000e+01	1.800000e+01	1.500000e+02	1.560000e+02	2.297803e+02	9.866090e+01	9.866090e+01
1.200000e+01	1.800000e+01	1.560000e+02	1.620000e+02	1.353852e+02	7.637026e+01	7.637026e+01
1.200000e+01	1.800000e+01	1.620000e+02	1.680000e+02	1.007618e+02	6.262167e+01	6.262167e+01
1.200000e+01	1.800000e+01	1.680000e+02	1.740000e+02	4.725325e+01	4.416762e+01	4.416762e+01
1.200000e+01	1.800000e+01	1.740000e+02	1.800000e+02	4.722344e+01	4.416761e+01	4.416761e+01
1.800000e+01	2.400000e+01	0.000000e+00	6.000000e+00	0.000000e+00	0.000000e+00	0.000000e+00
1.800000e+01	2.400000e+01	6.000000e+00	1.200000e+01	1.441413e+03	2.494109e+02	2.494109e+02
1.800000e+01	2.400000e+01	1.200000e+01	1.800000e+01	3.227583e+03	3.692082e+02	3.692082e+02
1.800000e+01	2.400000e+01	1.800000e+01	2.400000e+01	3.256033e+03	3.695041e+02	3.695041e+02
1.800000e+01	2.400000e+01	2.400000e+01	3.000000e+01	2.995825e+03	3.533649e+02	3.533649e+02
1.800000e+01	2.400000e+01	3.000000e+01	3.600000e+01	3.138192e+03	3.642979e+02	3.642979e+02
1.800000e+01	2.400000e+01	3.600000e+01	4.200000e+01	3.020800e+03	3.511144e+02	3.511144e+02
1.800000e+01	2.400000e+01	4.200000e+01	4.800000e+01	3.899789e+03	4.067648e+02	4.067648e+02
1.800000e+01	2.400000e+01	4.800000e+01	5.400000e+01	3.495928e+03	5.034491e+02	5.034491e+02
1.800000e+01	2.400000e+01	5.400000e+01	6.000000e+01	3.947253e+03	4.069484e+02	4.069484e+02
1.800000e+01	2.400000e+01	6.000000e+01	6.600000e+01	3.501031e+03	3.799735e+02	3.799735e+02
1.800000e+01	2.400000e+01	6.600000e+01	7.200000e+01	3.266553e+03	3.646744e+02	3.646744e+02
1.800000e+01	2.400000e+01	7.200000e+01	7.800000e+01	3.569878e+03	3.872994e+02	3.872994e+02
1.800000e+01	2.400000e+01	7.800000e+01	8.400000e+01	3.317850e+03	3.744290e+02	3.744290e+02
1.800000e+01	2.400000e+01	8.400000e+01	9.000000e+01	2.584542e+03	3.302337e+02	3.302337e+02
1.800000e+01	2.400000e+01	9.000000e+01	9.600000e+01	2.792031e+03	3.445556e+02	3.445556e+02
1.800000e+01	2.400000e+01	9.600000e+01	1.020000e+02	2.007538e+03	2.895224e+02	2.895224e+02
1.800000e+01	2.400000e+01	1.020000e+02	1.080000e+02	1.567724e+03	2.573071e+02	2.573071e+02
1.800000e+01	2.400000e+01	1.080000e+02	1.140000e+02	1.507890e+03	2.498298e+02	2.498298e+02
1.800000e+01	2.400000e+01	1.140000e+02	1.200000e+02	1.586650e+03	2.574232e+02	2.574232e+02
1.800000e+01	2.400000e+01	1.200000e+02	1.260000e+02	1.070262e+03	2.117029e+02	2.117029e+02
1.800000e+01	2.400000e+01	1.260000e+02	1.320000e+02	8.782147e+02	1.923669e+02	1.923669e+02
1.800000e+01	2.400000e+01	1.320000e+02	1.380000e+02	3.431675e+02	1.170268e+02	1.170268e+02
1.800000e+01	2.400000e+01	1.380000e+02	1.440000e+02	3.714244e+02	1.248452e+02	1.248452e+02
1.800000e+01	2.400000e+01	1.440000e+02	1.500000e+02	2.267763e+02	9.861045e+01	9.861045e+01
1.800000e+01	2.400000e+01	1.500000e+02	1.560000e+02	1.007387e+02	6.262166e+01	6.262166e+01
1.800000e+01	2.400000e+01	1.560000e+02	1.620000e+02	3.556622e+02	1.246456e+02	1.246456e+02
1.800000e+01	2.400000e+01	1.620000e+02	1.680000e+02	9.446317e+01	6.246243e+01	6.246243e+01
1.800000e+01	2.400000e+01	1.680000e+02	1.740000e+02	1.416738e+02	7.650055e+01	7.650055e+01
1.800000e+01	2.400000e+01	1.740000e+02	1.800000e+02	4.405797e+01	4.405473e+01	4.405473e+01
2.400000e+01	3.000000e+01	0.000000e+00	6.000000e+00	3.256747e-03	3.256749e-03	3.256749e-03
2.400000e+01	3.000000e+01	6.000000e+00	1.200000e+01	1.923058e+03	2.859081e+02	2.859081e+02
2.400000e+01	3.000000e+01	1.200000e+01	1.800000e+01	2.930639e+03	3.503706e+02	3.503706e+02
2.400000e+01	3.000000e+01	1.800000e+01	2.400000e+01	2.994472e+03	3.534026e+02	3.534026e+02
2.400000e+01	3.000000e+01	2.400000e+01	3.000000e+01	2.946903e+03	3.505403e+02	3.505403e+02
2.400000e+01	3.000000e+01	3.000000e+01	3.600000e+01	2.978042e+03	3.531435e+02	3.531435e+02
2.400000e+01	3.000000e+01	3.600000e+01	4.200000e+01	2.763633e+03	3.418004e+02	3.418004e+02
2.400000e+01	3.000000e+01	4.200000e+01	4.800000e+01	3.110511e+03	3.612962e+02	3.612962e+02
2.400000e+01	3.000000e+01	4.800000e+01	5.400000e+01	3.784622e+03	3.996149e+02	3.996149e+02
2.400000e+01	3.000000e+01	5.400000e+01	6.000000e+01	3.993503e+03	4.115837e+02	4.115837e+02
2.400000e+01	3.000000e+01	6.000000e+01	6.600000e+01	3.679989e+03	3.923674e+02	3.923674e+02
2.400000e+01	3.000000e+01	6.600000e+01	7.200000e+01	3.582514e+03	3.873508e+02	3.873508e+02
2.400000e+01	3.000000e+01	7.200000e+01	7.800000e+01	2.902764e+03	3.476615e+02	3.476615e+02
2.400000e+01	3.000000e+01	7.800000e+01	8.400000e+01	2.792544e+03	3.419316e+02	3.419316e+02
2.400000e+01	3.000000e+01	8.400000e+01	9.000000e+01	2.224423e+03	3.030898e+02	3.030898e+02
2.400000e+01	3.000000e+01	9.000000e+01	9.600000e+01	1.945101e+03	2.828790e+02	2.828790e+02
2.400000e+01	3.000000e+01	9.600000e+01	1.020000e+02	1.813321e+03	2.756641e+02	2.756641e+02
2.400000e+01	3.000000e+01	1.020000e+02	1.080000e+02	1.334945e+03	2.338858e+02	2.338858e+02
2.400000e+01	3.000000e+01	1.080000e+02	1.140000e+02	1.363139e+03	2.378080e+02	2.378080e+02
2.400000e+01	3.000000e+01	1.140000e+02	1.200000e+02	1.227657e+03	2.271862e+02	2.271862e+02
2.400000e+01	3.000000e+01	1.200000e+02	1.260000e+02	1.032581e+03	2.071164e+02	2.071164e+02
2.400000e+01	3.000000e+01	1.260000e+02	1.320000e+02	7.149728e+02	1.717275e+02	1.717275e+02
2.400000e+01	3.000000e+01	1.320000e+02	1.380000e+02	6.547756e+02	1.651998e+02	1.651998e+02
2.400000e+01	3.000000e+01	1.380000e+02	1.440000e+02	2.393227e+02	9.881220e+01	9.881220e+01
2.400000e+01	3.000000e+01	1.440000e+02	1.500000e+02	3.683250e+02	1.248052e+02	1.248052e+02
2.400000e+01	3.000000e+01	1.500000e+02	1.560000e+02	3.746164e+02	1.248850e+02	1.248850e+02
2.400000e+01	3.000000e+01	1.560000e+02	1.620000e+02	1.007518e+02	6.262166e+01	6.262166e+01
2.400000e+01	3.000000e+01	1.620000e+02	1.680000e+02	9.446667e+01	6.246243e+01	6.246243e+01
2.400000e+01	3.000000e+01	1.680000e+02	1.740000e+02	1.857383e+02	8.827885e+01	8.827885e+01
2.400000e+01	3.000000e+01	1.740000e+02	1.800000e+02	1.825501e+02	8.822241e+01	8.822241e+01
3.000000e+01	3.600000e+01	0.000000e+00	6.000000e+00	3.155692e+00	3.155691e+00	3.155691e+00
3.000000e+01	3.600000e+01	6.000000e+00	1.200000e+01	1.731113e+03	2.719014e+02	2.719014e+02
3.000000e+01	3.600000e+01	1.200000e+01	1.800000e+01	1.587421e+03	2.542908e+02	2.542908e+02
3.000000e+01	3.600000e+01	1.800000e+01	2.400000e+01	3.506481e+03	3.847080e+02	3.847080e+02
3.000000e+01	3.600000e+01	2.400000e+01	3.000000e+01	2.817386e+03	3.446713e+02	3.446713e+02
3.000000e+01	3.600000e+01	3.000000e+01	3.600000e+01	3.110333e+03	3.587916e+02	3.587916e+02
3.000000e+01	3.600000e+01	3.600000e+01	4.200000e+01	3.290117e+03	3.719880e+02	3.719880e+02
3.000000e+01	3.600000e+01	4.200000e+01	4.800000e+01	3.418800e+03	3.749534e+02	3.749534e+02
3.000000e+01	3.600000e+01	4.800000e+01	5.400000e+01	3.554086e+03	3.849021e+02	3.849021e+02
3.000000e+01	3.600000e+01	5.400000e+01	6.000000e+01	2.877794e+03	3.462419e+02	3.462419e+02
3.000000e+01	3.600000e+01	6.000000e+01	6.600000e+01	3.588767e+03	3.873765e+02	3.873765e+02
3.000000e+01	3.600000e+01	6.600000e+01	7.200000e+01	3.164183e+03	3.615274e+02	3.615274e+02
3.000000e+01	3.600000e+01	7.200000e+01	7.800000e+01	3.273067e+03	3.670553e+02	3.670553e+02
3.000000e+01	3.600000e+01	7.800000e+01	8.400000e+01	2.260775e+03	3.059697e+02	3.059697e+02
3.000000e+01	3.600000e+01	8.400000e+01	9.000000e+01	2.269969e+03	3.089477e+02	3.089477e+02
3.000000e+01	3.600000e+01	9.000000e+01	9.600000e+01	2.203735e+03	3.056766e+02	3.056766e+02
3.000000e+01	3.600000e+01	9.600000e+01	1.020000e+02	1.838642e+03	2.758086e+02	2.758086e+02
3.000000e+01	3.600000e+01	1.020000e+02	1.080000e+02	1.552159e+03	2.536844e+02	2.536844e+02
3.000000e+01	3.600000e+01	1.080000e+02	1.140000e+02	1.268932e+03	2.294582e+02	2.294582e+02
3.000000e+01	3.600000e+01	1.140000e+02	1.200000e+02	1.045216e+03	2.072125e+02	2.072125e+02
3.000000e+01	3.600000e+01	1.200000e+02	1.260000e+02	1.152142e+03	2.206350e+02	2.206350e+02
3.000000e+01	3.600000e+01	1.260000e+02	1.320000e+02	2.614161e+02	9.916429e+01	9.916429e+01
3.000000e+01	3.600000e+01	1.320000e+02	1.380000e+02	4.219156e+02	1.324653e+02	1.324653e+02
3.000000e+01	3.600000e+01	1.380000e+02	1.440000e+02	3.997917e+02	1.252793e+02	1.252793e+02
3.000000e+01	3.600000e+01	1.440000e+02	1.500000e+02	1.888938e+02	8.833521e+01	8.833521e+01
3.000000e+01	3.600000e+01	1.500000e+02	1.560000e+02	3.273697e+02	1.168139e+02	1.168139e+02
3.000000e+01	3.600000e+01	1.560000e+02	1.620000e+02	3.587883e+02	1.246855e+02	1.246855e+02
3.000000e+01	3.600000e+01	1.620000e+02	1.680000e+02	1.416966e+02	7.650055e+01	7.650055e+01
3.000000e+01	3.600000e+01	1.680000e+02	1.740000e+02	5.357089e+01	4.439251e+01	4.439251e+01
3.000000e+01	3.600000e+01	1.740000e+02	1.800000e+02	1.794239e+02	8.816598e+01	8.816598e+01
3.600000e+01	4.200000e+01	0.000000e+00	6.000000e+00	0.000000e+00	0.000000e+00	0.000000e+00
3.600000e+01	4.200000e+01	6.000000e+00	1.200000e+01	1.621039e+03	2.611085e+02	2.611085e+02
3.600000e+01	4.200000e+01	1.200000e+01	1.800000e+01	2.741904e+03	3.364170e+02	3.364170e+02
3.600000e+01	4.200000e+01	1.800000e+01	2.400000e+01	2.430706e+03	3.155340e+02	3.155340e+02
3.600000e+01	4.200000e+01	2.400000e+01	3.000000e+01	2.820739e+03	3.446857e+02	3.446857e+02
3.600000e+01	4.200000e+01	3.000000e+01	3.600000e+01	2.770224e+03	3.391844e+02	3.391844e+02
3.600000e+01	4.200000e+01	3.600000e+01	4.200000e+01	2.843108e+03	3.421659e+02	3.421659e+02
3.600000e+01	4.200000e+01	4.200000e+01	4.800000e+01	3.158611e+03	3.639949e+02	3.639949e+02
3.600000e+01	4.200000e+01	4.800000e+01	5.400000e+01	2.735542e+03	3.363828e+02	3.363828e+02
3.600000e+01	4.200000e+01	5.400000e+01	6.000000e+01	3.308794e+03	3.719756e+02	3.719756e+02
3.600000e+01	4.200000e+01	6.000000e+01	6.600000e+01	3.009669e+03	3.558249e+02	3.558249e+02
3.600000e+01	4.200000e+01	6.600000e+01	7.200000e+01	2.128789e+03	2.932466e+02	2.932466e+02
3.600000e+01	4.200000e+01	7.200000e+01	7.800000e+01	3.799844e+03	3.996684e+02	3.996684e+02
3.600000e+01	4.200000e+01	7.800000e+01	8.400000e+01	2.737394e+03	3.382982e+02	3.382982e+02
3.600000e+01	4.200000e+01	8.400000e+01	9.000000e+01	2.194773e+03	2.996756e+02	2.996756e+02
3.600000e+01	4.200000e+01	9.000000e+01	9.600000e+01	2.213352e+03	3.066240e+02	3.066240e+02
3.600000e+01	4.200000e+01	9.600000e+01	1.020000e+02	1.289193e+03	2.334996e+02	2.334996e+02
3.600000e+01	4.200000e+01	1.020000e+02	1.080000e+02	1.086375e+03	2.118204e+02	2.118204e+02
3.600000e+01	4.200000e+01	1.080000e+02	1.140000e+02	1.202724e+03	2.250346e+02	2.250346e+02
3.600000e+01	4.200000e+01	1.140000e+02	1.200000e+02	6.832844e+02	1.654708e+02	1.654708e+02
3.600000e+01	4.200000e+01	1.200000e+02	1.260000e+02	6.234086e+02	1.593424e+02	1.593424e+02
3.600000e+01	4.200000e+01	1.260000e+02	1.320000e+02	6.862600e+02	1.708565e+02	1.708565e+02
3.600000e+01	4.200000e+01	1.320000e+02	1.380000e+02	2.425279e+02	9.886255e+01	9.886255e+01
3.600000e+01	4.200000e+01	1.380000e+02	1.440000e+02	2.330474e+02	9.871137e+01	9.871137e+01
3.600000e+01	4.200000e+01	1.440000e+02	1.500000e+02	4.563975e+02	1.394919e+02	1.394919e+02
3.600000e+01	4.200000e+01	1.500000e+02	1.560000e+02	1.417064e+02	7.650055e+01	7.650055e+01
3.600000e+01	4.200000e+01	1.560000e+02	1.620000e+02	1.385870e+02	7.643544e+01	7.643544e+01
3.600000e+01	4.200000e+01	1.620000e+02	1.680000e+02	9.764867e+01	6.254210e+01	6.254210e+01
3.600000e+01	4.200000e+01	1.680000e+02	1.740000e+02	9.130772e+01	6.238267e+01	6.238267e+01
3.600000e+01	4.200000e+01	1.740000e+02	1.800000e+02	4.409078e+01	4.405473e+01	4.405473e+01
4.200000e+01	4.800000e+01	0.000000e+00	6.000000e+00	4.407125e+01	4.405473e+01	4.405473e+01
4.200000e+01	4.800000e+01	6.000000e+00	1.200000e+01	1.734380e+03	2.685869e+02	2.685869e+02
4.200000e+01	4.800000e+01	1.200000e+01	1.800000e+01	2.930700e+03	3.503706e+02	3.503706e+02
4.200000e+01	4.800000e+01	1.800000e+01	2.400000e+01	2.472111e+03	3.216102e+02	3.216102e+02
4.200000e+01	4.800000e+01	2.400000e+01	3.000000e+01	2.641489e+03	3.305051e+02	3.305051e+02
4.200000e+01	4.800000e+01	3.000000e+01	3.600000e+01	2.603678e+03	3.276148e+02	3.276148e+02
4.200000e+01	4.800000e+01	3.600000e+01	4.200000e+01	2.373474e+03	3.145098e+02	3.145098e+02
4.200000e+01	4.800000e+01	4.200000e+01	4.800000e+01	3.516989e+03	3.824037e+02	3.824037e+02
4.200000e+01	4.800000e+01	4.800000e+01	5.400000e+01	2.909011e+03	3.476902e+02	3.476902e+02
4.200000e+01	4.800000e+01	5.400000e+01	6.000000e+01	2.897967e+03	3.450479e+02	3.450479e+02
4.200000e+01	4.800000e+01	6.000000e+01	6.600000e+01	3.343408e+03	3.721227e+02	3.721227e+02
4.200000e+01	4.800000e+01	6.600000e+01	7.200000e+01	3.139083e+03	3.639009e+02	3.639009e+02
4.200000e+01	4.800000e+01	7.200000e+01	7.800000e+01	3.095022e+03	3.612243e+02	3.612243e+02
4.200000e+01	4.800000e+01	7.800000e+01	8.400000e+01	2.591782e+03	3.275253e+02	3.275253e+02
4.200000e+01	4.800000e+01	8.400000e+01	9.000000e+01	2.045583e+03	2.897789e+02	2.897789e+02
4.200000e+01	4.800000e+01	9.000000e+01	9.600000e+01	2.257364e+03	3.088833e+02	3.088833e+02
4.200000e+01	4.800000e+01	9.600000e+01	1.020000e+02	2.153537e+03	2.994596e+02	2.994596e+02
4.200000e+01	4.800000e+01	1.020000e+02	1.080000e+02	1.896769e+03	2.826036e+02	2.826036e+02
4.200000e+01	4.800000e+01	1.080000e+02	1.140000e+02	1.492295e+03	2.497301e+02	2.497301e+02
4.200000e+01	4.800000e+01	1.140000e+02	1.200000e+02	7.934214e+02	1.820257e+02	1.820257e+02
4.200000e+01	4.800000e+01	1.200000e+02	1.260000e+02	3.402492e+02	1.169843e+02	1.169843e+02
4.200000e+01	4.800000e+01	1.260000e+02	1.320000e+02	7.429603e+02	1.765577e+02	1.765577e+02
4.200000e+01	4.800000e+01	1.320000e+02	1.380000e+02	5.414931e+02	1.527405e+02	1.527405e+02
4.200000e+01	4.800000e+01	1.380000e+02	1.440000e+02	2.739131e+02	1.080499e+02	1.080499e+02
4.200000e+01	4.800000e+01	1.440000e+02	1.500000e+02	3.179417e+02	1.166859e+02	1.166859e+02
4.200000e+01	4.800000e+01	1.500000e+02	1.560000e+02	1.575111e+02	7.682529e+01	7.682529e+01
4.200000e+01	4.800000e+01	1.560000e+02	1.620000e+02	3.385089e+02	2.427825e+02	2.427825e+02
4.200000e+01	4.800000e+01	1.620000e+02	1.680000e+02	1.353654e+02	7.637026e+01	7.637026e+01
4.200000e+01	4.800000e+01	1.680000e+02	1.740000e+02	5.361697e+01	4.439251e+01	4.439251e+01
4.200000e+01	4.800000e+01	1.740000e+02	1.800000e+02	1.322135e+02	7.630504e+01	7.630504e+01
4.800000e+01	5.400000e+01	0.000000e+00	6.000000e+00	3.155692e+00	3.155691e+00	3.155691e+00
4.800000e+01	5.400000e+01	6.000000e+00	1.200000e+01	1.706196e+03	2.689756e+02	2.689756e+02
4.800000e+01	5.400000e+01	1.200000e+01	1.800000e+01	3.586364e+03	3.896938e+02	3.896938e+02
4.800000e+01	5.400000e+01	1.800000e+01	2.400000e+01	2.903383e+03	3.491151e+02	3.491151e+02
4.800000e+01	5.400000e+01	2.400000e+01	3.000000e+01	3.258267e+03	3.693306e+02	3.693306e+02
4.800000e+01	5.400000e+01	3.000000e+01	3.600000e+01	3.047658e+03	3.538456e+02	3.538456e+02
4.800000e+01	5.400000e+01	3.600000e+01	4.200000e+01	2.567171e+03	3.246939e+02	3.246939e+02
4.800000e+01	5.400000e+01	4.200000e+01	4.800000e+01	3.742878e+03	3.971827e+02	3.971827e+02
4.800000e+01	5.400000e+01	4.800000e+01	5.400000e+01	3.161150e+03	3.615137e+02	3.615137e+02
4.800000e+01	5.400000e+01	5.400000e+01	6.000000e+01	3.819928e+03	3.997128e+02	3.997128e+02
4.800000e+01	5.400000e+01	6.000000e+01	6.600000e+01	3.217847e+03	3.642427e+02	3.642427e+02
4.800000e+01	5.400000e+01	6.600000e+01	7.200000e+01	2.896894e+03	3.484296e+02	3.484296e+02
4.800000e+01	5.400000e+01	7.200000e+01	7.800000e+01	2.462706e+03	3.185284e+02	3.185284e+02
4.800000e+01	5.400000e+01	7.800000e+01	8.400000e+01	2.434409e+03	3.594481e+02	3.594481e+02
4.800000e+01	5.400000e+01	8.400000e+01	9.000000e+01	2.459117e+03	3.213281e+02	3.213281e+02
4.800000e+01	5.400000e+01	9.000000e+01	9.600000e+01	2.223110e+03	3.057743e+02	3.057743e+02
4.800000e+01	5.400000e+01	9.600000e+01	1.020000e+02	2.156721e+03	3.024689e+02	3.024689e+02
4.800000e+01	5.400000e+01	1.020000e+02	1.080000e+02	8.758700e+02	1.875998e+02	1.875998e+02
4.800000e+01	5.400000e+01	1.080000e+02	1.140000e+02	1.593165e+03	2.574619e+02	2.574619e+02
4.800000e+01	5.400000e+01	1.140000e+02	1.200000e+02	9.478589e+02	1.975488e+02	1.975488e+02
4.800000e+01	5.400000e+01	1.200000e+02	1.260000e+02	7.462508e+02	1.765859e+02	1.765859e+02
4.800000e+01	5.400000e+01	1.260000e+02	1.320000e+02	6.644364e+02	1.652902e+02	1.652902e+02
4.800000e+01	5.400000e+01	1.320000e+02	1.380000e+02	5.415222e+02	1.527405e+02	1.527405e+02
4.800000e+01	5.400000e+01	1.380000e+02	1.440000e+02	3.715456e+02	1.248452e+02	1.248452e+02
4.800000e+01	5.400000e+01	1.440000e+02	1.500000e+02	3.588572e+02	1.246855e+02	1.246855e+02
4.800000e+01	5.400000e+01	1.500000e+02	1.560000e+02	2.707735e+02	1.080038e+02	1.080038e+02
4.800000e+01	5.400000e+01	1.560000e+02	1.620000e+02	2.738904e+02	1.080499e+02	1.080499e+02
4.800000e+01	5.400000e+01	1.620000e+02	1.680000e+02	1.794500e+02	8.816598e+01	8.816598e+01
4.800000e+01	5.400000e+01	1.680000e+02	1.740000e+02	5.677244e+01	4.450453e+01	4.450453e+01
4.800000e+01	5.400000e+01	1.740000e+02	1.800000e+02	9.131725e+01	6.238267e+01	6.238267e+01
5.400000e+01	6.000000e+01	0.000000e+00	6.000000e+00	0.000000e+00	0.000000e+00	0.000000e+00
5.400000e+01	6.000000e+01	6.000000e+00	1.200000e+01	2.193700e+03	3.056278e+02	3.056278e+02
5.400000e+01	6.000000e+01	1.200000e+01	1.800000e+01	3.975508e+03	4.072972e+02	4.072972e+02
5.400000e+01	6.000000e+01	1.800000e+01	2.400000e+01	3.556881e+03	3.872479e+02	3.872479e+02
5.400000e+01	6.000000e+01	2.400000e+01	3.000000e+01	2.359283e+03	3.515186e+02	3.515186e+02
5.400000e+01	6.000000e+01	3.000000e+01	3.600000e+01	2.828953e+03	3.421585e+02	3.421585e+02
5.400000e+01	6.000000e+01	3.600000e+01	4.200000e+01	3.571369e+03	3.849795e+02	3.849795e+02
5.400000e+01	6.000000e+01	4.200000e+01	4.800000e+01	2.868328e+03	3.422808e+02	3.422808e+02
5.400000e+01	6.000000e+01	4.800000e+01	5.400000e+01	3.305781e+03	3.719622e+02	3.719622e+02
5.400000e+01	6.000000e+01	5.400000e+01	6.000000e+01	2.512864e+03	3.215916e+02	3.215916e+02
5.400000e+01	6.000000e+01	6.000000e+01	6.600000e+01	3.082611e+03	3.586667e+02	3.586667e+02
5.400000e+01	6.000000e+01	6.600000e+01	7.200000e+01	3.526914e+03	3.851854e+02	3.851854e+02
5.400000e+01	6.000000e+01	7.200000e+01	7.800000e+01	2.843853e+03	3.421645e+02	3.421645e+02
5.400000e+01	6.000000e+01	7.800000e+01	8.400000e+01	2.286731e+03	3.060998e+02	3.060998e+02
5.400000e+01	6.000000e+01	8.400000e+01	9.000000e+01	2.205287e+03	2.997343e+02	2.997343e+02
5.400000e+01	6.000000e+01	9.000000e+01	9.600000e+01	1.880197e+03	2.792870e+02	2.792870e+02
5.400000e+01	6.000000e+01	9.600000e+01	1.020000e+02	1.571697e+03	2.538021e+02	2.538021e+02
5.400000e+01	6.000000e+01	1.020000e+02	1.080000e+02	1.294473e+03	2.296318e+02	2.296318e+02
5.400000e+01	6.000000e+01	1.080000e+02	1.140000e+02	1.479877e+03	2.496504e+02	2.496504e+02
5.400000e+01	6.000000e+01	1.140000e+02	1.200000e+02	8.220058e+02	1.822717e+02	1.822717e+02
5.400000e+01	6.000000e+01	1.200000e+02	1.260000e+02	7.400767e+02	1.765295e+02	1.765295e+02
5.400000e+01	6.000000e+01	1.260000e+02	1.320000e+02	6.014136e+02	1.591235e+02	1.591235e+02
5.400000e+01	6.000000e+01	1.320000e+02	1.380000e+02	5.101383e+02	1.463854e+02	1.463854e+02
5.400000e+01	6.000000e+01	1.380000e+02	1.440000e+02	3.244139e+02	1.167712e+02	1.167712e+02
5.400000e+01	6.000000e+01	1.440000e+02	1.500000e+02	3.212217e+02	1.167286e+02	1.167286e+02
5.400000e+01	6.000000e+01	1.500000e+02	1.560000e+02	2.235766e+02	9.855992e+01	9.855992e+01
5.400000e+01	6.000000e+01	1.560000e+02	1.620000e+02	9.769075e+01	6.254210e+01	6.254210e+01
5.400000e+01	6.000000e+01	1.620000e+02	1.680000e+02	1.794723e+02	8.816598e+01	8.816598e+01
5.400000e+01	6.000000e+01	1.680000e+02	1.740000e+02	9.136633e+01	6.238267e+01	6.238267e+01
5.400000e+01	6.000000e+01	1.740000e+02	1.800000e+02	9.136008e+01	6.238267e+01	6.238267e+01
6.000000e+01	6.600000e+01	0.000000e+00	6.000000e+00	4.405472e+01	4.405473e+01	4.405473e+01
6.000000e+01	6.600000e+01	6.000000e+00	1.200000e+01	2.228574e+03	3.058068e+02	3.058068e+02
6.000000e+01	6.600000e+01	1.200000e+01	1.800000e+01	2.656261e+03	3.305942e+02	3.305942e+02
6.000000e+01	6.600000e+01	1.800000e+01	2.400000e+01	3.424006e+03	3.773313e+02	3.773313e+02
6.000000e+01	6.600000e+01	2.400000e+01	3.000000e+01	3.173383e+03	3.640514e+02	3.640514e+02
6.000000e+01	6.600000e+01	3.000000e+01	3.600000e+01	2.670837e+03	3.308546e+02	3.308546e+02
6.000000e+01	6.600000e+01	3.600000e+01	4.200000e+01	2.717039e+03	3.362668e+02	3.362668e+02
6.000000e+01	6.600000e+01	4.200000e+01	4.800000e+01	3.497844e+03	3.823205e+02	3.823205e+02
6.000000e+01	6.600000e+01	4.800000e+01	5.400000e+01	3.271197e+03	3.693845e+02	3.693845e+02
6.000000e+01	6.600000e+01	5.400000e+01	6.000000e+01	2.865600e+03	3.461830e+02	3.461830e+02
6.000000e+01	6.600000e+01	6.000000e+01	6.600000e+01	3.353333e+03	3.721628e+02	3.721628e+02
6.000000e+01	6.600000e+01	6.600000e+01	7.200000e+01	3.044514e+03	3.559961e+02	3.559961e+02
6.000000e+01	6.600000e+01	7.200000e+01	7.800000e+01	2.242130e+03	3.030725e+02	3.030725e+02
6.000000e+01	6.600000e+01	7.800000e+01	8.400000e+01	2.346966e+03	3.122325e+02	3.122325e+02
6.000000e+01	6.600000e+01	8.400000e+01	9.000000e+01	2.523139e+03	3.244578e+02	3.244578e+02
6.000000e+01	6.600000e+01	9.000000e+01	9.600000e+01	1.981273e+03	2.862215e+02	2.862215e+02
6.000000e+01	6.600000e+01	9.600000e+01	1.020000e+02	2.088177e+03	2.960836e+02	2.960836e+02
6.000000e+01	6.600000e+01	1.020000e+02	1.080000e+02	1.354355e+03	2.377452e+02	2.377452e+02
6.000000e+01	6.600000e+01	1.080000e+02	1.140000e+02	1.473772e+03	2.496105e+02	2.496105e+02
6.000000e+01	6.600000e+01	1.140000e+02	1.200000e+02	7.802431e+02	1.769206e+02	1.769206e+02
6.000000e+01	6.600000e+01	1.200000e+02	1.260000e+02	6.614261e+02	1.652601e+02	1.652601e+02
6.000000e+01	6.600000e+01	1.260000e+02	1.320000e+02	3.843311e+02	1.250046e+02	1.250046e+02
6.000000e+01	6.600000e+01	1.320000e+02	1.380000e+02	4.157300e+02	1.323901e+02	1.323901e+02
6.000000e+01	6.600000e+01	1.380000e+02	1.440000e+02	3.463675e+02	1.171466e+02	1.171466e+02
6.000000e+01	6.600000e+01	1.440000e+02	1.500000e+02	1.859547e+02	8.827885e+01	8.827885e+01
6.000000e+01	6.600000e+01	1.500000e+02	1.560000e+02	1.890443e+02	8.833526e+01	8.833526e+01
6.000000e+01	6.600000e+01	1.560000e+02	1.620000e+02	5.053244e+01	4.428021e+01	4.428021e+01
6.000000e+01	6.600000e+01	1.620000e+02	1.680000e+02	2.267284e+02	9.861041e+01	9.861041e+01
6.000000e+01	6.600000e+01	1.680000e+02	1.740000e+02	9.139892e+01	6.238267e+01	6.238267e+01
6.000000e+01	6.600000e+01	1.740000e+02	1.800000e+02	3.253881e+00	3.155811e+00	3.155811e+00
6.600000e+01	7.200000e+01	0.000000e+00	6.000000e+00	0.000000e+00	0.000000e+00	0.000000e+00
6.600000e+01	7.200000e+01	6.000000e+00	1.200000e+01	1.423077e+03	2.419571e+02	2.419571e+02
6.600000e+01	7.200000e+01	1.200000e+01	1.800000e+01	3.311156e+03	3.744132e+02	3.744132e+02
6.600000e+01	7.200000e+01	1.800000e+01	2.400000e+01	2.638410e+03	3.304900e+02	3.304900e+02
6.600000e+01	7.200000e+01	2.400000e+01	3.000000e+01	2.723453e+03	3.362964e+02	3.362964e+02
6.600000e+01	7.200000e+01	3.000000e+01	3.600000e+01	3.163714e+03	3.664763e+02	3.664763e+02
6.600000e+01	7.200000e+01	3.600000e+01	4.200000e+01	2.510448e+03	3.215827e+02	3.215827e+02
6.600000e+01	7.200000e+01	4.200000e+01	4.800000e+01	2.787358e+03	3.393711e+02	3.393711e+02
6.600000e+01	7.200000e+01	4.800000e+01	5.400000e+01	2.953336e+03	3.517120e+02	3.517120e+02
6.600000e+01	7.200000e+01	5.400000e+01	6.000000e+01	3.463619e+03	3.798130e+02	3.798130e+02
6.600000e+01	7.200000e+01	6.000000e+01	6.600000e+01	3.559969e+03	3.873532e+02	3.873532e+02
6.600000e+01	7.200000e+01	6.600000e+01	7.200000e+01	3.100336e+03	3.587472e+02	3.587472e+02
6.600000e+01	7.200000e+01	7.200000e+01	7.800000e+01	2.716180e+03	3.335627e+02	3.335627e+02
6.600000e+01	7.200000e+01	7.800000e+01	8.400000e+01	2.574186e+03	3.274341e+02	3.274341e+02
6.600000e+01	7.200000e+01	8.400000e+01	9.000000e+01	1.781015e+03	2.688464e+02	2.688464e+02
6.600000e+01	7.200000e+01	9.000000e+01	9.600000e+01	2.690019e+03	3.334433e+02	3.334433e+02
6.600000e+01	7.200000e+01	9.600000e+01	1.020000e+02	1.984648e+03	2.893685e+02	2.893685e+02
6.600000e+01	7.200000e+01	1.020000e+02	1.080000e+02	1.747047e+03	2.688259e+02	2.688259e+02
6.600000e+01	7.200000e+01	1.080000e+02	1.140000e+02	1.357675e+03	2.377661e+02	2.377661e+02
6.600000e+01	7.200000e+01	1.140000e+02	1.200000e+02	9.734686e+02	2.022538e+02	2.022538e+02
6.600000e+01	7.200000e+01	1.200000e+02	1.260000e+02	6.052397e+02	1.533911e+02	1.533911e+02
6.600000e+01	7.200000e+01	1.260000e+02	1.320000e+02	4.886256e+02	1.398484e+02	1.398484e+02
6.600000e+01	7.200000e+01	1.320000e+02	1.380000e+02	4.190592e+02	1.324277e+02	1.324277e+02
6.600000e+01	7.200000e+01	1.380000e+02	1.440000e+02	3.214136e+02	1.167286e+02	1.167286e+02
6.600000e+01	7.200000e+01	1.440000e+02	1.500000e+02	1.954797e+02	8.844791e+01	8.844791e+01
6.600000e+01	7.200000e+01	1.500000e+02	1.560000e+02	1.356525e+02	7.637027e+01	7.637027e+01
6.600000e+01	7.200000e+01	1.560000e+02	1.620000e+02	1.923889e+02	8.839158e+01	8.839158e+01
6.600000e+01	7.200000e+01	1.620000e+02	1.680000e+02	1.388113e+02	7.643544e+01	7.643544e+01
6.600000e+01	7.200000e+01	1.680000e+02	1.740000e+02	9.778219e+01	6.254211e+01	6.254211e+01
6.600000e+01	7.200000e+01	1.740000e+02	1.800000e+02	1.533102e-01	2.680681e-02	2.680681e-02
7.200000e+01	7.800000e+01	0.000000e+00	6.000000e+00	4.405797e+01	4.405473e+01	4.405473e+01
7.200000e+01	7.800000e+01	6.000000e+00	1.200000e+01	1.926578e+03	2.859255e+02	2.859255e+02
7.200000e+01	7.800000e+01	1.200000e+01	1.800000e+01	3.082150e+03	3.586666e+02	3.586666e+02
7.200000e+01	7.800000e+01	1.800000e+01	2.400000e+01	3.368428e+03	3.777728e+02	3.777728e+02
7.200000e+01	7.800000e+01	2.400000e+01	3.000000e+01	2.685622e+03	3.334282e+02	3.334282e+02
7.200000e+01	7.800000e+01	3.000000e+01	3.600000e+01	3.038189e+03	3.584723e+02	3.584723e+02
7.200000e+01	7.800000e+01	3.600000e+01	4.200000e+01	2.566369e+03	3.246411e+02	3.246411e+02
7.200000e+01	7.800000e+01	4.200000e+01	4.800000e+01	3.119214e+03	3.589566e+02	3.589566e+02
7.200000e+01	7.800000e+01	4.800000e+01	5.400000e+01	2.828131e+03	3.420918e+02	3.420918e+02
7.200000e+01	7.800000e+01	5.400000e+01	6.000000e+01	2.948336e+03	3.481620e+02	3.481620e+02
7.200000e+01	7.800000e+01	6.000000e+01	6.600000e+01	3.263108e+03	3.693441e+02	3.693441e+02
7.200000e+01	7.800000e+01	6.600000e+01	7.200000e+01	2.763477e+03	3.391415e+02	3.391415e+02
7.200000e+01	7.800000e+01	7.200000e+01	7.800000e+01	2.365011e+03	3.123122e+02	3.123122e+02
7.200000e+01	7.800000e+01	7.800000e+01	8.400000e+01	1.934241e+03	2.795721e+02	2.795721e+02
7.200000e+01	7.800000e+01	8.400000e+01	9.000000e+01	2.386153e+03	3.152936e+02	3.152936e+02
7.200000e+01	7.800000e+01	9.000000e+01	9.600000e+01	1.812662e+03	2.756461e+02	2.756461e+02
7.200000e+01	7.800000e+01	9.600000e+01	1.020000e+02	1.711665e+03	2.684386e+02	2.684386e+02
7.200000e+01	7.800000e+01	1.020000e+02	1.080000e+02	1.069175e+03	2.116794e+02	2.116794e+02
7.200000e+01	7.800000e+01	1.080000e+02	1.140000e+02	1.043788e+03	2.071885e+02	2.071885e+02
7.200000e+01	7.800000e+01	1.140000e+02	1.200000e+02	7.065900e+02	1.710313e+02	1.710313e+02
7.200000e+01	7.800000e+01	1.200000e+02	1.260000e+02	7.638586e+02	1.767452e+02	1.767452e+02
7.200000e+01	7.800000e+01	1.260000e+02	1.320000e+02	5.172036e+02	1.464534e+02	1.464534e+02
7.200000e+01	7.800000e+01	1.320000e+02	1.380000e+02	2.304028e+02	9.866090e+01	9.866090e+01
7.200000e+01	7.800000e+01	1.380000e+02	1.440000e+02	4.096631e+02	1.323148e+02	1.323148e+02
7.200000e+01	7.800000e+01	1.440000e+02	1.500000e+02	1.453185e+02	7.656562e+01	7.656562e+01
7.200000e+01	7.800000e+01	1.500000e+02	1.560000e+02	1.390530e+02	7.643545e+01	7.643545e+01
7.200000e+01	7.800000e+01	1.560000e+02	1.620000e+02	2.743498e+02	1.080499e+02	1.080499e+02
7.200000e+01	7.800000e+01	1.620000e+02	1.680000e+02	9.810739e+01	6.254211e+01	6.254211e+01
7.200000e+01	7.800000e+01	1.680000e+02	1.740000e+02	4.040800e-01	3.918289e-02	3.918289e-02
7.200000e+01	7.800000e+01	1.740000e+02	1.800000e+02	9.150614e+01	6.238267e+01	6.238267e+01
7.800000e+01	8.400000e+01	0.000000e+00	6.000000e+00	3.256747e-03	3.256749e-03	3.256749e-03
7.800000e+01	8.400000e+01	6.000000e+00	1.200000e+01	1.272123e+03	2.294799e+02	2.294799e+02
7.800000e+01	8.400000e+01	1.200000e+01	1.800000e+01	2.632286e+03	3.331743e+02	3.331743e+02
7.800000e+01	8.400000e+01	1.800000e+01	2.400000e+01	2.562913e+03	3.246257e+02	3.246257e+02
7.800000e+01	8.400000e+01	2.400000e+01	3.000000e+01	1.924236e+03	2.795365e+02	2.795365e+02
7.800000e+01	8.400000e+01	3.000000e+01	3.600000e+01	2.273627e+03	3.060347e+02	3.060347e+02
7.800000e+01	8.400000e+01	3.600000e+01	4.200000e+01	2.314691e+03	3.091733e+02	3.091733e+02
7.800000e+01	8.400000e+01	4.200000e+01	4.800000e+01	2.084968e+03	2.899501e+02	2.899501e+02
7.800000e+01	8.400000e+01	4.800000e+01	5.400000e+01	2.667945e+03	3.306256e+02	3.306256e+02
7.800000e+01	8.400000e+01	5.400000e+01	6.000000e+01	2.954244e+03	3.500989e+02	3.500989e+02
7.800000e+01	8.400000e+01	6.000000e+01	6.600000e+01	3.301078e+03	3.719353e+02	3.719353e+02
7.800000e+01	8.400000e+01	6.600000e+01	7.200000e+01	3.018828e+03	3.558528e+02	3.558528e+02
7.800000e+01	8.400000e+01	7.200000e+01	7.800000e+01	2.453603e+03	3.184659e+02	3.184659e+02
7.800000e+01	8.400000e+01	7.800000e+01	8.400000e+01	1.982033e+03	2.830395e+02	2.830395e+02
7.800000e+01	8.400000e+01	8.400000e+01	9.000000e+01	1.883363e+03	2.792870e+02	2.792870e+02
7.800000e+01	8.400000e+01	9.000000e+01	9.600000e+01	1.567810e+03	2.537629e+02	2.537629e+02
7.800000e+01	8.400000e+01	9.600000e+01	1.020000e+02	1.935490e+03	2.859605e+02	2.859605e+02
7.800000e+01	8.400000e+01	1.020000e+02	1.080000e+02	1.252036e+03	2.293280e+02	2.293280e+02
7.800000e+01	8.400000e+01	1.080000e+02	1.140000e+02	7.829064e+02	1.768958e+02	1.768958e+02
7.800000e+01	8.400000e+01	1.140000e+02	1.200000e+02	8.861858e+02	1.924187e+02	1.924187e+02
7.800000e+01	8.400000e+01	1.200000e+02	1.260000e+02	5.742619e+02	1.530662e+02	1.530662e+02
7.800000e+01	8.400000e+01	1.260000e+02	1.320000e+02	6.902786e+02	1.708857e+02	1.708857e+02
7.800000e+01	8.400000e+01	1.320000e+02	1.380000e+02	6.742194e+02	1.707399e+02	1.707399e+02
7.800000e+01	8.400000e+01	1.380000e+02	1.440000e+02	3.374797e+02	1.169417e+02	1.169417e+02
7.800000e+01	8.400000e+01	1.440000e+02	1.500000e+02	1.799545e+02	8.816598e+01	8.816598e+01
7.800000e+01	8.400000e+01	1.500000e+02	1.560000e+02	9.183883e+01	6.238268e+01	6.238268e+01
7.800000e+01	8.400000e+01	1.560000e+02	1.620000e+02	1.832014e+02	8.822241e+01	8.822241e+01
7.800000e+01	8.400000e+01	1.620000e+02	1.680000e+02	1.768151e+02	8.810947e+01	8.810947e+01
7.800000e+01	8.400000e+01	1.680000e+02	1.740000e+02	9.177133e+01	6.238269e+01	6.238269e+01
7.800000e+01	8.400000e+01	1.740000e+02	1.800000e+02	3.481367e+00	3.155859e+00	3.155859e+00
8.400000e+01	9.000000e+01	0.000000e+00	6.000000e+00	3.256747e-03	3.256749e-03	3.256749e-03
8.400000e+01	9.000000e+01	6.000000e+00	1.200000e+01	1.278243e+03	2.295233e+02	2.295233e+02
8.400000e+01	9.000000e+01	1.200000e+01	1.800000e+01	2.857586e+03	3.476000e+02	3.476000e+02
8.400000e+01	9.000000e+01	1.800000e+01	2.400000e+01	2.528111e+03	3.244569e+02	3.244569e+02
8.400000e+01	9.000000e+01	2.400000e+01	3.000000e+01	2.578470e+03	3.302036e+02	3.302036e+02
8.400000e+01	9.000000e+01	3.000000e+01	3.600000e+01	1.843986e+03	2.725989e+02	2.725989e+02
8.400000e+01	9.000000e+01	3.600000e+01	4.200000e+01	2.320719e+03	3.121048e+02	3.121048e+02
8.400000e+01	9.000000e+01	4.200000e+01	4.800000e+01	2.399067e+03	3.154522e+02	3.154522e+02
8.400000e+01	9.000000e+01	4.800000e+01	5.400000e+01	2.790214e+03	3.392726e+02	3.392726e+02
8.400000e+01	9.000000e+01	5.400000e+01	6.000000e+01	2.227222e+03	2.998418e+02	2.998418e+02
8.400000e+01	9.000000e+01	6.000000e+01	6.600000e+01	2.567387e+03	3.274037e+02	3.274037e+02
8.400000e+01	9.000000e+01	6.600000e+01	7.200000e+01	2.206370e+03	3.027157e+02	3.027157e+02
8.400000e+01	9.000000e+01	7.200000e+01	7.800000e+01	2.336533e+03	3.092698e+02	3.092698e+02
8.400000e+01	9.000000e+01	7.800000e+01	8.400000e+01	1.738803e+03	2.652123e+02	2.652123e+02
8.400000e+01	9.000000e+01	8.400000e+01	9.000000e+01	1.674886e+03	2.614134e+02	2.614134e+02
8.400000e+01	9.000000e+01	9.000000e+01	9.600000e+01	1.573262e+03	2.573265e+02	2.573265e+02
8.400000e+01	9.000000e+01	9.600000e+01	1.020000e+02	1.321443e+03	2.336918e+02	2.336918e+02
8.400000e+01	9.000000e+01	1.020000e+02	1.080000e+02	1.217104e+03	2.251231e+02	2.251231e+02
8.400000e+01	9.000000e+01	1.080000e+02	1.140000e+02	1.303934e+03	2.336097e+02	2.336097e+02
8.400000e+01	9.000000e+01	1.140000e+02	1.200000e+02	2.785897e+02	9.941507e+01	9.941507e+01
8.400000e+01	9.000000e+01	1.200000e+02	1.260000e+02	2.982550e+02	1.085379e+02	1.085379e+02
8.400000e+01	9.000000e+01	1.260000e+02	1.320000e+02	3.848933e+02	1.250046e+02	1.250046e+02
8.400000e+01	9.000000e+01	1.320000e+02	1.380000e+02	2.840331e+02	1.081881e+02	1.081881e+02
8.400000e+01	9.000000e+01	1.380000e+02	1.440000e+02	4.599797e+02	1.395276e+02	1.395276e+02
8.400000e+01	9.000000e+01	1.440000e+02	1.500000e+02	1.547600e+02	7.676047e+01	7.676047e+01
8.400000e+01	9.000000e+01	1.500000e+02	1.560000e+02	9.810461e+01	6.254212e+01	6.254212e+01
8.400000e+01	9.000000e+01	1.560000e+02	1.620000e+02	3.089206e+02	1.165579e+02	1.165579e+02
8.400000e+01	9.000000e+01	1.620000e+02	1.680000e+02	6.897842e+00	4.463060e+00	4.463060e+00
8.400000e+01	9.000000e+01	1.680000e+02	1.740000e+02	9.164967e+01	6.238268e+01	6.238268e+01
8.400000e+01	9.000000e+01	1.740000e+02	1.800000e+02	9.154219e+01	6.238267e+01	6.238267e+01
9.000000e+01	9.600000e+01	0.000000e+00	6.000000e+00	4.405797e+01	4.405473e+01	4.405473e+01
9.000000e+01	9.600000e+01	6.000000e+00	1.200000e+01	1.363654e+03	2.404972e+02	2.404972e+02
9.000000e+01	9.600000e+01	1.200000e+01	1.800000e+01	3.208986e+03	3.666790e+02	3.666790e+02
9.000000e+01	9.600000e+01	1.800000e+01	2.400000e+01	2.128332e+03	2.963022e+02	2.963022e+02
9.000000e+01	9.600000e+01	2.400000e+01	3.000000e+01	2.058206e+03	2.973648e+02	2.973648e+02
9.000000e+01	9.600000e+01	3.000000e+01	3.600000e+01	2.625655e+03	3.331444e+02	3.331444e+02
9.000000e+01	9.600000e+01	3.600000e+01	4.200000e+01	2.433941e+03	3.183877e+02	3.183877e+02
9.000000e+01	9.600000e+01	4.200000e+01	4.800000e+01	1.889457e+03	2.793406e+02	2.793406e+02
9.000000e+01	9.600000e+01	4.800000e+01	5.400000e+01	2.257961e+03	3.059534e+02	3.059534e+02
9.000000e+01	9.600000e+01	5.400000e+01	6.000000e+01	2.377921e+03	3.123918e+02	3.123918e+02
9.000000e+01	9.600000e+01	6.000000e+01	6.600000e+01	2.384409e+03	3.152936e+02	3.152936e+02
9.000000e+01	9.600000e+01	6.600000e+01	7.200000e+01	2.438370e+03	3.184034e+02	3.184034e+02
9.000000e+01	9.600000e+01	7.200000e+01	7.800000e+01	1.841374e+03	2.758086e+02	2.758086e+02
9.000000e+01	9.600000e+01	7.800000e+01	8.400000e+01	1.863704e+03	2.791801e+02	2.791801e+02
9.000000e+01	9.600000e+01	8.400000e+01	9.000000e+01	1.608253e+03	2.640002e+02	2.640002e+02
9.000000e+01	9.600000e+01	9.000000e+01	9.600000e+01	1.425074e+03	2.419572e+02	2.419572e+02
9.000000e+01	9.600000e+01	9.600000e+01	1.020000e+02	1.528192e+03	2.535273e+02	2.535273e+02
9.000000e+01	9.600000e+01	1.020000e+02	1.080000e+02	6.880944e+02	1.655010e+02	1.655010e+02
9.000000e+01	9.600000e+01	1.080000e+02	1.140000e+02	1.200594e+03	2.250125e+02	2.250125e+02
9.000000e+01	9.600000e+01	1.140000e+02	1.200000e+02	7.124575e+02	1.710895e+02	1.710895e+02
9.000000e+01	9.600000e+01	1.200000e+02	1.260000e+02	5.233517e+02	1.465214e+02	1.465214e+02
9.000000e+01	9.600000e+01	1.260000e+02	1.320000e+02	4.318442e+02	1.325780e+02	1.325780e+02
9.000000e+01	9.600000e+01	1.320000e+02	1.380000e+02	5.512750e+02	1.528383e+02	1.528383e+02
9.000000e+01	9.600000e+01	1.380000e+02	1.440000e+02	2.805639e+02	1.081421e+02	1.081421e+02
9.000000e+01	9.600000e+01	1.440000e+02	1.500000e+02	3.591269e+02	1.246855e+02	1.246855e+02
9.000000e+01	9.600000e+01	1.500000e+02	1.560000e+02	2.742554e+02	1.080499e+02	1.080499e+02
9.000000e+01	9.600000e+01	1.560000e+02	1.620000e+02	1.452601e+02	7.656562e+01	7.656562e+01
9.000000e+01	9.600000e+01	1.620000e+02	1.680000e+02	1.357172e+02	7.637027e+01	7.637027e+01
9.000000e+01	9.600000e+01	1.680000e+02	1.740000e+02	3.354450e-01	3.305238e-02	3.305238e-02
9.000000e+01	9.600000e+01	1.740000e+02	1.800000e+02	8.832139e+01	6.230281e+01	6.230281e+01
9.600000e+01	1.020000e+02	0.000000e+00	6.000000e+00	1.321642e+02	7.630503e+01	7.630503e+01
9.600000e+01	1.020000e+02	6.000000e+00	1.200000e+01	1.334766e+03	2.376195e+02	2.376195e+02
9.600000e+01	1.020000e+02	1.200000e+01	1.800000e+01	2.247895e+03	3.059046e+02	3.059046e+02
9.600000e+01	1.020000e+02	1.800000e+01	2.400000e+01	2.087327e+03	2.930258e+02	2.930258e+02
9.600000e+01	1.020000e+02	2.400000e+01	3.000000e+01	1.788467e+03	2.722309e+02	2.722309e+02
9.600000e+01	1.020000e+02	3.000000e+01	3.600000e+01	2.222884e+03	3.057750e+02	3.057750e+02
9.600000e+01	1.020000e+02	3.600000e+01	4.200000e+01	2.020431e+03	2.896377e+02	2.896377e+02
9.600000e+01	1.020000e+02	4.200000e+01	4.800000e+01	2.748645e+03	3.390817e+02	3.390817e+02
9.600000e+01	1.020000e+02	4.800000e+01	5.400000e+01	1.789088e+03	2.689019e+02	2.689019e+02
9.600000e+01	1.020000e+02	5.400000e+01	6.000000e+01	1.886547e+03	2.793226e+02	2.793226e+02
9.600000e+01	1.020000e+02	6.000000e+01	6.600000e+01	1.710847e+03	2.650620e+02	2.650620e+02
9.600000e+01	1.020000e+02	6.600000e+01	7.200000e+01	1.812197e+03	2.723589e+02	2.723589e+02
9.600000e+01	1.020000e+02	7.200000e+01	7.800000e+01	1.737202e+03	2.685870e+02	2.685870e+02
9.600000e+01	1.020000e+02	7.800000e+01	8.400000e+01	1.658712e+03	2.647425e+02	2.647425e+02
9.600000e+01	1.020000e+02	8.400000e+01	9.000000e+01	1.412816e+03	2.418748e+02	2.418748e+02
9.600000e+01	1.020000e+02	9.000000e+01	9.600000e+01	1.154121e+03	2.165143e+02	2.165143e+02
9.600000e+01	1.020000e+02	9.600000e+01	1.020000e+02	8.233353e+02	1.822717e+02	1.822717e+02
9.600000e+01	1.020000e+02	1.020000e+02	1.080000e+02	1.055990e+03	2.072846e+02	2.072846e+02
9.600000e+01	1.020000e+02	1.080000e+02	1.140000e+02	6.292747e+02	1.598913e+02	1.598913e+02
9.600000e+01	1.020000e+02	1.140000e+02	1.200000e+02	7.470347e+02	1.765859e+02	1.765859e+02
9.600000e+01	1.020000e+02	1.200000e+02	1.260000e+02	4.572467e+02	1.394919e+02	1.394919e+02
9.600000e+01	1.020000e+02	1.260000e+02	1.320000e+02	5.105456e+02	1.463854e+02	1.463854e+02
9.600000e+01	1.020000e+02	1.320000e+02	1.380000e+02	4.537083e+02	1.394562e+02	1.394562e+02
9.600000e+01	1.020000e+02	1.380000e+02	1.440000e+02	1.923433e+02	8.839158e+01	8.839158e+01
9.600000e+01	1.020000e+02	1.440000e+02	1.500000e+02	4.566847e+02	1.394919e+02	1.394919e+02
9.600000e+01	1.020000e+02	1.500000e+02	1.560000e+02	3.244936e+02	1.167712e+02	1.167712e+02
9.600000e+01	1.020000e+02	1.560000e+02	1.620000e+02	9.874897e+00	5.465999e+00	5.465999e+00
9.600000e+01	1.020000e+02	1.620000e+02	1.680000e+02	9.153544e+01	6.238267e+01	6.238267e+01
9.600000e+01	1.020000e+02	1.680000e+02	1.740000e+02	4.745492e+01	4.416762e+01	4.416762e+01
9.600000e+01	1.020000e+02	1.740000e+02	1.800000e+02	9.462650e+01	6.246245e+01	6.246245e+01
1.020000e+02	1.080000e+02	0.000000e+00	6.000000e+00	3.256747e-03	3.256749e-03	3.256749e-03
1.020000e+02	1.080000e+02	6.000000e+00	1.200000e+01	1.070451e+03	2.117029e+02	2.117029e+02
1.020000e+02	1.080000e+02	1.200000e+01	1.800000e+01	1.575148e+03	2.564596e+02	2.564596e+02
1.020000e+02	1.080000e+02	1.800000e+01	2.400000e+01	1.766203e+03	2.721028e+02	2.721028e+02
1.020000e+02	1.080000e+02	2.400000e+01	3.000000e+01	1.605798e+03	2.575392e+02	2.575392e+02
1.020000e+02	1.080000e+02	3.000000e+01	3.600000e+01	1.646858e+03	2.612610e+02	2.612610e+02
1.020000e+02	1.080000e+02	3.600000e+01	4.200000e+01	1.624704e+03	2.611595e+02	2.611595e+02
1.020000e+02	1.080000e+02	4.200000e+01	4.800000e+01	1.691259e+03	2.649493e+02	2.649493e+02
1.020000e+02	1.080000e+02	4.800000e+01	5.400000e+01	1.823533e+03	2.724320e+02	2.724320e+02
1.020000e+02	1.080000e+02	5.400000e+01	6.000000e+01	1.700856e+03	2.650057e+02	2.650057e+02
1.020000e+02	1.080000e+02	6.000000e+01	6.600000e+01	2.154306e+03	2.994596e+02	2.994596e+02
1.020000e+02	1.080000e+02	6.600000e+01	7.200000e+01	1.604109e+03	2.575199e+02	2.575199e+02
1.020000e+02	1.080000e+02	7.200000e+01	7.800000e+01	1.274601e+03	2.255208e+02	2.255208e+02
1.020000e+02	1.080000e+02	7.800000e+01	8.400000e+01	1.583786e+03	2.574387e+02	2.574387e+02
1.020000e+02	1.080000e+02	8.400000e+01	9.000000e+01	1.924297e+03	2.859849e+02	2.859849e+02
1.020000e+02	1.080000e+02	9.000000e+01	9.600000e+01	9.115425e+02	1.926256e+02	1.926256e+02
1.020000e+02	1.080000e+02	9.600000e+01	1.020000e+02	8.642428e+02	1.874936e+02	1.874936e+02
1.020000e+02	1.080000e+02	1.020000e+02	1.080000e+02	1.118754e+03	2.162612e+02	2.162612e+02
1.020000e+02	1.080000e+02	1.080000e+02	1.140000e+02	5.677331e+02	1.530011e+02	1.530011e+02
1.020000e+02	1.080000e+02	1.140000e+02	1.200000e+02	3.032511e+02	1.084639e+02	1.084639e+02
1.020000e+02	1.080000e+02	1.200000e+02	1.260000e+02	4.319800e+02	1.326495e+02	1.326495e+02
1.020000e+02	1.080000e+02	1.260000e+02	1.320000e+02	4.271281e+02	1.325501e+02	1.325501e+02
1.020000e+02	1.080000e+02	1.320000e+02	1.380000e+02	3.814008e+02	1.249647e+02	1.249647e+02
1.020000e+02	1.080000e+02	1.380000e+02	1.440000e+02	3.623258e+02	1.247254e+02	1.247254e+02
1.020000e+02	1.080000e+02	1.440000e+02	1.500000e+02	1.860021e+02	8.827885e+01	8.827885e+01
1.020000e+02	1.080000e+02	1.500000e+02	1.560000e+02	1.357074e+02	7.637027e+01	7.637027e+01
1.020000e+02	1.080000e+02	1.560000e+02	1.620000e+02	9.479861e+01	6.246245e+01	6.246245e+01
1.020000e+02	1.080000e+02	1.620000e+02	1.680000e+02	1.010614e+02	6.262167e+01	6.262167e+01
1.020000e+02	1.080000e+02	1.680000e+02	1.740000e+02	3.033636e-01	3.777039e-02	3.777039e-02
1.020000e+02	1.080000e+02	1.740000e+02	1.800000e+02	4.735044e+01	4.416762e+01	4.416762e+01
1.080000e+02	1.140000e+02	0.000000e+00	6.000000e+00	3.256747e-03	3.256749e-03	3.256749e-03
1.080000e+02	1.140000e+02	6.000000e+00	1.200000e+01	8.877858e+02	1.924446e+02	1.924446e+02
1.080000e+02	1.140000e+02	1.200000e+01	1.800000e+01	1.483012e+03	2.460363e+02	2.460363e+02
1.080000e+02	1.140000e+02	1.800000e+01	2.400000e+01	1.734830e+03	2.685870e+02	2.685870e+02
1.080000e+02	1.140000e+02	2.400000e+01	3.000000e+01	1.602570e+03	2.575199e+02	2.575199e+02
1.080000e+02	1.140000e+02	3.000000e+01	3.600000e+01	1.750427e+03	2.720113e+02	2.720113e+02
1.080000e+02	1.140000e+02	3.600000e+01	4.200000e+01	1.731735e+03	2.685684e+02	2.685684e+02
1.080000e+02	1.140000e+02	4.200000e+01	4.800000e+01	1.864237e+03	2.791979e+02	2.791979e+02
1.080000e+02	1.140000e+02	4.800000e+01	5.400000e+01	1.102610e+03	2.119379e+02	2.119379e+02
1.080000e+02	1.140000e+02	5.400000e+01	6.000000e+01	1.351391e+03	2.339047e+02	2.339047e+02
1.080000e+02	1.140000e+02	6.000000e+01	6.600000e+01	1.342179e+03	2.338408e+02	2.338408e+02
1.080000e+02	1.140000e+02	6.600000e+01	7.200000e+01	1.301716e+03	2.335639e+02	2.335639e+02
1.080000e+02	1.140000e+02	7.200000e+01	7.800000e+01	1.205118e+03	2.209959e+02	2.209959e+02
1.080000e+02	1.140000e+02	7.800000e+01	8.400000e+01	1.394026e+03	2.417513e+02	2.417513e+02
1.080000e+02	1.140000e+02	8.400000e+01	9.000000e+01	1.263752e+03	2.254768e+02	2.254768e+02
1.080000e+02	1.140000e+02	9.000000e+01	9.600000e+01	1.021812e+03	2.070202e+02	2.070202e+02
1.080000e+02	1.140000e+02	9.600000e+01	1.020000e+02	6.878428e+02	1.655010e+02	1.655010e+02
1.080000e+02	1.140000e+02	1.020000e+02	1.080000e+02	4.956564e+02	1.399196e+02	1.399196e+02
1.080000e+02	1.140000e+02	1.080000e+02	1.140000e+02	5.645864e+02	1.529685e+02	1.529685e+02
1.080000e+02	1.140000e+02	1.140000e+02	1.200000e+02	7.343536e+02	1.764731e+02	1.764731e+02
1.080000e+02	1.140000e+02	1.200000e+02	1.260000e+02	6.050939e+02	1.591548e+02	1.591548e+02
1.080000e+02	1.140000e+02	1.260000e+02	1.320000e+02	3.216786e+02	1.167286e+02	1.167286e+02
1.080000e+02	1.140000e+02	1.320000e+02	1.380000e+02	3.561289e+02	1.246456e+02	1.246456e+02
1.080000e+02	1.140000e+02	1.380000e+02	1.440000e+02	1.357277e+02	7.637028e+01	7.637028e+01
1.080000e+02	1.140000e+02	1.440000e+02	1.500000e+02	1.419767e+02	7.650055e+01	7.650055e+01
1.080000e+02	1.140000e+02	1.500000e+02	1.560000e+02	1.829153e+02	8.822241e+01	8.822241e+01
1.080000e+02	1.140000e+02	1.560000e+02	1.620000e+02	1.325452e+02	7.630504e+01	7.630504e+01
1.080000e+02	1.140000e+02	1.620000e+02	1.680000e+02	9.163008e+01	6.238268e+01	6.238268e+01
1.080000e+02	1.140000e+02	1.680000e+02	1.740000e+02	5.061361e+01	4.428021e+01	4.428021e+01
1.080000e+02	1.140000e+02	1.740000e+02	1.800000e+02	8.825600e+01	6.230281e+01	6.230281e+01
1.140000e+02	1.200000e+02	0.000000e+00	6.000000e+00	3.155692e+00	3.155691e+00	3.155691e+00
1.140000e+02	1.200000e+02	6.000000e+00	1.200000e+01	8.342150e+02	1.872544e+02	1.872544e+02
1.140000e+02	1.200000e+02	1.200000e+01	1.800000e+01	1.454455e+03	2.458541e+02	2.458541e+02
1.140000e+02	1.200000e+02	1.800000e+01	2.400000e+01	1.627865e+03	2.611466e+02	2.611466e+02
1.140000e+02	1.200000e+02	2.400000e+01	3.000000e+01	1.272011e+03	2.294799e+02	2.294799e+02
1.140000e+02	1.200000e+02	3.000000e+01	3.600000e+01	1.268907e+03	2.294582e+02	2.294582e+02
1.140000e+02	1.200000e+02	3.600000e+01	4.200000e+01	1.269006e+03	2.294582e+02	2.294582e+02
1.140000e+02	1.200000e+02	4.200000e+01	4.800000e+01	1.303763e+03	2.296968e+02	2.296968e+02
1.140000e+02	1.200000e+02	4.800000e+01	5.400000e+01	1.925464e+03	2.861971e+02	2.861971e+02
1.140000e+02	1.200000e+02	5.400000e+01	6.000000e+01	1.514752e+03	2.534487e+02	2.534487e+02
1.140000e+02	1.200000e+02	6.000000e+01	6.600000e+01	1.439382e+03	2.457528e+02	2.457528e+02
1.140000e+02	1.200000e+02	6.600000e+01	7.200000e+01	9.522381e+02	1.975740e+02	1.975740e+02
1.140000e+02	1.200000e+02	7.200000e+01	7.800000e+01	1.295851e+03	2.296318e+02	2.296318e+02
1.140000e+02	1.200000e+02	7.800000e+01	8.400000e+01	1.019309e+03	2.025982e+02	2.025982e+02
1.140000e+02	1.200000e+02	8.400000e+01	9.000000e+01	1.525554e+03	2.535077e+02	2.535077e+02
1.140000e+02	1.200000e+02	9.000000e+01	9.600000e+01	1.033973e+03	2.071164e+02	2.071164e+02
1.140000e+02	1.200000e+02	9.600000e+01	1.020000e+02	9.489561e+02	1.975488e+02	1.975488e+02
1.140000e+02	1.200000e+02	1.020000e+02	1.080000e+02	6.654864e+02	1.652902e+02	1.652902e+02
1.140000e+02	1.200000e+02	1.080000e+02	1.140000e+02	6.148864e+02	1.592486e+02	1.592486e+02
1.140000e+02	1.200000e+02	1.140000e+02	1.200000e+02	4.542342e+02	1.394562e+02	1.394562e+02
1.140000e+02	1.200000e+02	1.200000e+02	1.260000e+02	2.149399e+02	8.878505e+01	8.878505e+01
1.140000e+02	1.200000e+02	1.260000e+02	1.320000e+02	1.644849e+02	7.695483e+01	7.695483e+01
1.140000e+02	1.200000e+02	1.320000e+02	1.380000e+02	2.333924e+02	9.871137e+01	9.871137e+01
1.140000e+02	1.200000e+02	1.380000e+02	1.440000e+02	9.171181e+01	6.238269e+01	6.238269e+01
1.140000e+02	1.200000e+02	1.440000e+02	1.500000e+02	1.828983e+02	8.822241e+01	8.822241e+01
1.140000e+02	1.200000e+02	1.500000e+02	1.560000e+02	3.618636e+00	3.155999e+00	3.155999e+00
1.140000e+02	1.200000e+02	1.560000e+02	1.620000e+02	1.892129e+02	8.833521e+01	8.833521e+01
1.140000e+02	1.200000e+02	1.620000e+02	1.680000e+02	3.562786e+00	3.155902e+00	3.155902e+00
1.140000e+02	1.200000e+02	1.680000e+02	1.740000e+02	9.476281e+01	6.246244e+01	6.246244e+01
1.140000e+02	1.200000e+02	1.740000e+02	1.800000e+02	9.672736e+00	5.465919e+00	5.465919e+00
1.200000e+02	1.260000e+02	0.000000e+00	6.000000e+00	0.000000e+00	0.000000e+00	0.000000e+00
1.200000e+02	1.260000e+02	6.000000e+00	1.200000e+01	7.833956e+02	1.819832e+02	1.819832e+02
1.200000e+02	1.260000e+02	1.200000e+01	1.800000e+01	1.382049e+03	2.416895e+02	2.416895e+02
1.200000e+02	1.260000e+02	1.800000e+01	2.400000e+01	1.227957e+03	2.252115e+02	2.252115e+02
1.200000e+02	1.260000e+02	2.400000e+01	3.000000e+01	1.120887e+03	2.162842e+02	2.162842e+02
1.200000e+02	1.260000e+02	3.000000e+01	3.600000e+01	9.565892e+02	1.977410e+02	1.977410e+02
1.200000e+02	1.260000e+02	3.600000e+01	4.200000e+01	1.413575e+03	2.455907e+02	2.455907e+02
1.200000e+02	1.260000e+02	4.200000e+01	4.800000e+01	1.225106e+03	2.251894e+02	2.251894e+02
1.200000e+02	1.260000e+02	4.800000e+01	5.400000e+01	8.600764e+02	1.874670e+02	1.874670e+02
1.200000e+02	1.260000e+02	5.400000e+01	6.000000e+01	1.225307e+03	2.251894e+02	2.251894e+02
1.200000e+02	1.260000e+02	6.000000e+01	6.600000e+01	1.156203e+03	2.206576e+02	2.206576e+02
1.200000e+02	1.260000e+02	6.600000e+01	7.200000e+01	1.150262e+03	2.206125e+02	2.206125e+02
1.200000e+02	1.260000e+02	7.200000e+01	7.800000e+01	7.386617e+02	1.713222e+02	1.713222e+02
1.200000e+02	1.260000e+02	7.800000e+01	8.400000e+01	8.553603e+02	1.874139e+02	1.874139e+02
1.200000e+02	1.260000e+02	8.400000e+01	9.000000e+01	4.331100e+02	1.325780e+02	1.325780e+02
1.200000e+02	1.260000e+02	9.000000e+01	9.600000e+01	7.695064e+02	1.767832e+02	1.767832e+02
1.200000e+02	1.260000e+02	9.600000e+01	1.020000e+02	7.033019e+02	1.710022e+02	1.710022e+02
1.200000e+02	1.260000e+02	1.020000e+02	1.080000e+02	7.995078e+02	1.821037e+02	1.821037e+02
1.200000e+02	1.260000e+02	1.080000e+02	1.140000e+02	4.322322e+02	1.325780e+02	1.325780e+02
1.200000e+02	1.260000e+02	1.140000e+02	1.200000e+02	6.491783e+02	1.651395e+02	1.651395e+02
1.200000e+02	1.260000e+02	1.200000e+02	1.260000e+02	1.455112e+02	7.656563e+01	7.656563e+01
1.200000e+02	1.260000e+02	1.260000e+02	1.320000e+02	3.183883e+02	1.166859e+02	1.166859e+02
1.200000e+02	1.260000e+02	1.320000e+02	1.380000e+02	3.717633e+02	1.248452e+02	1.248452e+02
1.200000e+02	1.260000e+02	1.380000e+02	1.440000e+02	9.493639e+01	6.246246e+01	6.246246e+01
1.200000e+02	1.260000e+02	1.440000e+02	1.500000e+02	5.389653e+01	4.439252e+01	4.439252e+01
1.200000e+02	1.260000e+02	1.500000e+02	1.560000e+02	6.660100e+00	4.462973e+00	4.462973e+00
1.200000e+02	1.260000e+02	1.560000e+02	1.620000e+02	9.172858e+01	6.238269e+01	6.238269e+01
1.200000e+02	1.260000e+02	1.620000e+02	1.680000e+02	9.168853e+01	6.238268e+01	6.238268e+01
1.200000e+02	1.260000e+02	1.680000e+02	1.740000e+02	2.677511e+02	1.079578e+02	1.079578e+02
1.200000e+02	1.260000e+02	1.740000e+02	1.800000e+02	9.461297e+01	6.246244e+01	6.246244e+01
1.260000e+02	1.320000e+02	0.000000e+00	6.000000e+00	0.000000e+00	0.000000e+00	0.000000e+00
1.260000e+02	1.320000e+02	6.000000e+00	1.200000e+01	5.509628e+02	1.528383e+02	1.528383e+02
1.260000e+02	1.320000e+02	1.200000e+01	1.800000e+01	9.854808e+02	2.023522e+02	2.023522e+02
1.260000e+02	1.320000e+02	1.800000e+01	2.400000e+01	9.350989e+02	1.974479e+02	1.974479e+02
1.260000e+02	1.320000e+02	2.400000e+01	3.000000e+01	5.795119e+02	1.531312e+02	1.531312e+02
1.260000e+02	1.320000e+02	3.000000e+01	3.600000e+01	8.847456e+02	1.924187e+02	1.924187e+02
1.260000e+02	1.320000e+02	3.600000e+01	4.200000e+01	1.124015e+03	2.163072e+02	2.163072e+02
1.260000e+02	1.320000e+02	4.200000e+01	4.800000e+01	9.761439e+02	2.022784e+02	2.022784e+02
1.260000e+02	1.320000e+02	4.800000e+01	5.400000e+01	1.105419e+03	2.161690e+02	2.161690e+02
1.260000e+02	1.320000e+02	5.400000e+01	6.000000e+01	1.064387e+03	2.116558e+02	2.116558e+02
1.260000e+02	1.320000e+02	6.000000e+01	6.600000e+01	8.130508e+02	1.821897e+02	1.821897e+02
1.260000e+02	1.320000e+02	6.600000e+01	7.200000e+01	1.011604e+03	2.069480e+02	2.069480e+02
1.260000e+02	1.320000e+02	7.200000e+01	7.800000e+01	1.289203e+03	2.334786e+02	2.334786e+02
1.260000e+02	1.320000e+02	7.800000e+01	8.400000e+01	7.730333e+02	1.768113e+02	1.768113e+02
1.260000e+02	1.320000e+02	8.400000e+01	9.000000e+01	7.034311e+02	1.710022e+02	1.710022e+02
1.260000e+02	1.320000e+02	9.000000e+01	9.600000e+01	8.320900e+02	1.872278e+02	1.872278e+02
1.260000e+02	1.320000e+02	9.600000e+01	1.020000e+02	5.331056e+02	1.466233e+02	1.466233e+02
1.260000e+02	1.320000e+02	1.020000e+02	1.080000e+02	4.323239e+02	1.325780e+02	1.325780e+02
1.260000e+02	1.320000e+02	1.080000e+02	1.140000e+02	5.171058e+02	1.464534e+02	1.464534e+02
1.260000e+02	1.320000e+02	1.140000e+02	1.200000e+02	1.928621e+02	8.839158e+01	8.839158e+01
1.260000e+02	1.320000e+02	1.200000e+02	1.260000e+02	4.319164e+02	1.325780e+02	1.325780e+02
1.260000e+02	1.320000e+02	1.260000e+02	1.320000e+02	2.021832e+02	8.891866e+01	8.891866e+01
1.260000e+02	1.320000e+02	1.320000e+02	1.380000e+02	2.805933e+02	1.081421e+02	1.081421e+02
1.260000e+02	1.320000e+02	1.380000e+02	1.440000e+02	2.238958e+02	9.855992e+01	9.855992e+01
1.260000e+02	1.320000e+02	1.440000e+02	1.500000e+02	2.678879e+02	1.079578e+02	1.079578e+02
1.260000e+02	1.320000e+02	1.500000e+02	1.560000e+02	5.076742e+01	4.428022e+01	4.428022e+01
1.260000e+02	1.320000e+02	1.560000e+02	1.620000e+02	4.443575e+01	4.405475e+01	4.405475e+01
1.260000e+02	1.320000e+02	1.620000e+02	1.680000e+02	3.637933e+00	3.155975e+00	3.155975e+00
1.260000e+02	1.320000e+02	1.680000e+02	1.740000e+02	5.069178e+01	4.428021e+01	4.428021e+01
1.260000e+02	1.320000e+02	1.740000e+02	1.800000e+02	4.746494e+01	4.416763e+01	4.416763e+01
1.320000e+02	1.380000e+02	0.000000e+00	6.000000e+00	3.256747e-03	3.256749e-03	3.256749e-03
1.320000e+02	1.380000e+02	6.000000e+00	1.200000e+01	5.257864e+02	1.465554e+02	1.465554e+02
1.320000e+02	1.380000e+02	1.200000e+01	1.800000e+01	9.855175e+02	2.023522e+02	2.023522e+02
1.320000e+02	1.380000e+02	1.800000e+01	2.400000e+01	8.847064e+02	1.924187e+02	1.924187e+02
1.320000e+02	1.380000e+02	2.400000e+01	3.000000e+01	6.582400e+02	1.652299e+02	1.652299e+02
1.320000e+02	1.380000e+02	3.000000e+01	3.600000e+01	9.224789e+02	1.973470e+02	1.973470e+02
1.320000e+02	1.380000e+02	3.600000e+01	4.200000e+01	8.658575e+02	1.922634e+02	1.922634e+02
1.320000e+02	1.380000e+02	4.200000e+01	4.800000e+01	7.021750e+02	1.710022e+02	1.710022e+02
1.320000e+02	1.380000e+02	4.800000e+01	5.400000e+01	8.817753e+02	1.923928e+02	1.923928e+02
1.320000e+02	1.380000e+02	5.400000e+01	6.000000e+01	7.244756e+02	1.763884e+02	1.763884e+02
1.320000e+02	1.380000e+02	6.000000e+01	6.600000e+01	7.717611e+02	1.818341e+02	1.818341e+02
1.320000e+02	1.380000e+02	6.600000e+01	7.200000e+01	5.738539e+02	1.530662e+02	1.530662e+02
1.320000e+02	1.380000e+02	7.200000e+01	7.800000e+01	4.045044e+02	1.252434e+02	1.252434e+02
1.320000e+02	1.380000e+02	7.800000e+01	8.400000e+01	5.114806e+02	1.463854e+02	1.463854e+02
1.320000e+02	1.380000e+02	8.400000e+01	9.000000e+01	6.023772e+02	1.591235e+02	1.591235e+02
1.320000e+02	1.380000e+02	9.000000e+01	9.600000e+01	3.316375e+02	1.168565e+02	1.168565e+02
1.320000e+02	1.380000e+02	9.600000e+01	1.020000e+02	5.925622e+02	1.590296e+02	1.590296e+02
1.320000e+02	1.380000e+02	1.020000e+02	1.080000e+02	2.936222e+02	1.083261e+02	1.083261e+02
1.320000e+02	1.380000e+02	1.080000e+02	1.140000e+02	4.717628e+02	1.396925e+02	1.396925e+02
1.320000e+02	1.380000e+02	1.140000e+02	1.200000e+02	2.368188e+02	9.876178e+01	9.876178e+01
1.320000e+02	1.380000e+02	1.200000e+02	1.260000e+02	1.957793e+02	8.844791e+01	8.844791e+01
1.320000e+02	1.380000e+02	1.260000e+02	1.320000e+02	1.107309e+02	6.285977e+01	6.285977e+01
1.320000e+02	1.380000e+02	1.320000e+02	1.380000e+02	1.420942e+02	7.650056e+01	7.650056e+01
1.320000e+02	1.380000e+02	1.380000e+02	1.440000e+02	1.299102e+01	6.311494e+00	6.311494e+00
1.320000e+02	1.380000e+02	1.440000e+02	1.500000e+02	9.166897e+01	6.238268e+01	6.238268e+01
1.320000e+02	1.380000e+02	1.500000e+02	1.560000e+02	1.797621e+02	8.816598e+01	8.816598e+01
1.320000e+02	1.380000e+02	1.560000e+02	1.620000e+02	4.438900e-01	4.819633e-02	4.819633e-02
1.320000e+02	1.380000e+02	1.620000e+02	1.680000e+02	5.073739e+01	4.428022e+01	4.428022e+01
1.320000e+02	1.380000e+02	1.680000e+02	1.740000e+02	3.494639e+00	3.155900e+00	3.155900e+00
1.320000e+02	1.380000e+02	1.740000e+02	1.800000e+02	6.546114e+00	4.462931e+00	4.462931e+00
1.380000e+02	1.440000e+02	0.000000e+00	6.000000e+00	3.256747e-03	3.256749e-03	3.256749e-03
1.380000e+02	1.440000e+02	6.000000e+00	1.200000e+01	2.425506e+02	9.886255e+01	9.886255e+01
1.380000e+02	1.440000e+02	1.200000e+01	1.800000e+01	2.804383e+02	1.081421e+02	1.081421e+02
1.380000e+02	1.440000e+02	1.800000e+01	2.400000e+01	5.745706e+02	1.531029e+02	1.531029e+02
1.380000e+02	1.440000e+02	2.400000e+01	3.000000e+01	6.612275e+02	1.652601e+02	1.652601e+02
1.380000e+02	1.440000e+02	3.000000e+01	3.600000e+01	5.290072e+02	1.465893e+02	1.465893e+02
1.380000e+02	1.440000e+02	3.600000e+01	4.200000e+01	6.266397e+02	1.649283e+02	1.649283e+02
1.380000e+02	1.440000e+02	4.200000e+01	4.800000e+01	8.816578e+02	1.923928e+02	1.923928e+02
1.380000e+02	1.440000e+02	4.800000e+01	5.400000e+01	6.897486e+02	1.708857e+02	1.708857e+02
1.380000e+02	1.440000e+02	5.400000e+01	6.000000e+01	4.286083e+02	1.325404e+02	1.325404e+02
1.380000e+02	1.440000e+02	6.000000e+01	6.600000e+01	6.930186e+02	1.709148e+02	1.709148e+02
1.380000e+02	1.440000e+02	6.600000e+01	7.200000e+01	3.976925e+02	1.251638e+02	1.251638e+02
1.380000e+02	1.440000e+02	7.200000e+01	7.800000e+01	6.528517e+02	1.651697e+02	1.651697e+02
1.380000e+02	1.440000e+02	7.800000e+01	8.400000e+01	5.270439e+02	1.465554e+02	1.465554e+02
1.380000e+02	1.440000e+02	8.400000e+01	9.000000e+01	6.560272e+02	1.651998e+02	1.651998e+02
1.380000e+02	1.440000e+02	9.000000e+01	9.600000e+01	2.905292e+02	1.082801e+02	1.082801e+02
1.380000e+02	1.440000e+02	9.600000e+01	1.020000e+02	2.465118e+02	9.891292e+01	9.891292e+01
1.380000e+02	1.440000e+02	1.020000e+02	1.080000e+02	3.344308e+02	1.168991e+02	1.168991e+02
1.380000e+02	1.440000e+02	1.080000e+02	1.140000e+02	4.004469e+02	1.322019e+02	1.322019e+02
1.380000e+02	1.440000e+02	1.140000e+02	1.200000e+02	2.398436e+02	9.881220e+01	9.881220e+01
1.380000e+02	1.440000e+02	1.200000e+02	1.260000e+02	5.410525e+01	4.439253e+01	4.439253e+01
1.380000e+02	1.440000e+02	1.260000e+02	1.320000e+02	1.390595e+02	7.643545e+01	7.643545e+01
1.380000e+02	1.440000e+02	1.320000e+02	1.380000e+02	8.857914e+01	6.230282e+01	6.230282e+01
1.380000e+02	1.440000e+02	1.380000e+02	1.440000e+02	1.357432e+02	7.637027e+01	7.637027e+01
1.380000e+02	1.440000e+02	1.440000e+02	1.500000e+02	2.269302e+02	9.861041e+01	9.861041e+01
1.380000e+02	1.440000e+02	1.500000e+02	1.560000e+02	5.075742e+01	4.428023e+01	4.428023e+01
1.380000e+02	1.440000e+02	1.560000e+02	1.620000e+02	4.454022e+01	4.405475e+01	4.405475e+01
1.380000e+02	1.440000e+02	1.620000e+02	1.680000e+02	4.268772e-01	4.011911e-02	4.011911e-02
1.380000e+02	1.440000e+02	1.680000e+02	1.740000e+02	9.481214e+01	6.246245e+01	6.246245e+01
1.380000e+02	1.440000e+02	1.740000e+02	1.800000e+02	4.429897e+01	4.405474e+01	4.405474e+01
1.440000e+02	1.500000e+02	0.000000e+00	6.000000e+00	0.000000e+00	0.000000e+00	0.000000e+00
1.440000e+02	1.500000e+02	6.000000e+00	1.200000e+01	3.305908e+02	1.168565e+02	1.168565e+02
1.440000e+02	1.500000e+02	1.200000e+01	1.800000e+01	5.005697e+02	1.462833e+02	1.462833e+02
1.440000e+02	1.500000e+02	1.800000e+01	2.400000e+01	7.429603e+02	1.765577e+02	1.765577e+02
1.440000e+02	1.500000e+02	2.400000e+01	3.000000e+01	4.314344e+02	1.325780e+02	1.325780e+02
1.440000e+02	1.500000e+02	3.000000e+01	3.600000e+01	3.276417e+02	1.168139e+02	1.168139e+02
1.440000e+02	1.500000e+02	3.600000e+01	4.200000e+01	7.367825e+02	1.765013e+02	1.765013e+02
1.440000e+02	1.500000e+02	4.200000e+01	4.800000e+01	2.458435e+02	9.891292e+01	9.891292e+01
1.440000e+02	1.500000e+02	4.800000e+01	5.400000e+01	4.380144e+02	1.326531e+02	1.326531e+02
1.440000e+02	1.500000e+02	5.400000e+01	6.000000e+01	3.718578e+02	1.248452e+02	1.248452e+02
1.440000e+02	1.500000e+02	6.000000e+01	6.600000e+01	3.940131e+02	1.251240e+02	1.251240e+02
1.440000e+02	1.500000e+02	6.600000e+01	7.200000e+01	3.848789e+02	1.250046e+02	1.250046e+02
1.440000e+02	1.500000e+02	7.200000e+01	7.800000e+01	2.971878e+02	1.083720e+02	1.083720e+02
1.440000e+02	1.500000e+02	7.800000e+01	8.400000e+01	3.853897e+02	1.250046e+02	1.250046e+02
1.440000e+02	1.500000e+02	8.400000e+01	9.000000e+01	3.377914e+02	1.169417e+02	1.169417e+02
1.440000e+02	1.500000e+02	9.000000e+01	9.600000e+01	4.415914e+02	1.326906e+02	1.326906e+02
1.440000e+02	1.500000e+02	9.600000e+01	1.020000e+02	2.054851e+02	8.861664e+01	8.861664e+01
1.440000e+02	1.500000e+02	1.020000e+02	1.080000e+02	3.186819e+02	1.166859e+02	1.166859e+02
1.440000e+02	1.500000e+02	1.080000e+02	1.140000e+02	2.776032e+02	1.080960e+02	1.080960e+02
1.440000e+02	1.500000e+02	1.140000e+02	1.200000e+02	4.192372e+02	1.324277e+02	1.324277e+02
1.440000e+02	1.500000e+02	1.200000e+02	1.260000e+02	1.484772e+02	7.663062e+01	7.663062e+01
1.440000e+02	1.500000e+02	1.260000e+02	1.320000e+02	1.389155e+02	7.643544e+01	7.643544e+01
1.440000e+02	1.500000e+02	1.320000e+02	1.380000e+02	1.829276e+02	8.822241e+01	8.822241e+01
1.440000e+02	1.500000e+02	1.380000e+02	1.440000e+02	3.539989e+00	3.155889e+00	3.155889e+00
1.440000e+02	1.500000e+02	1.440000e+02	1.500000e+02	2.710861e+02	1.080038e+02	1.080038e+02
1.440000e+02	1.500000e+02	1.500000e+02	1.560000e+02	4.766383e+01	4.416764e+01	4.416764e+01
1.440000e+02	1.500000e+02	1.560000e+02	1.620000e+02	2.208047e+02	9.850938e+01	9.850938e+01
1.440000e+02	1.500000e+02	1.620000e+02	1.680000e+02	9.867656e+00	5.465937e+00	5.465937e+00
1.440000e+02	1.500000e+02	1.680000e+02	1.740000e+02	4.443275e+01	4.405475e+01	4.405475e+01
1.440000e+02	1.500000e+02	1.740000e+02	1.800000e+02	4.436736e+01	4.405474e+01	4.405474e+01
1.500000e+02	1.560000e+02	0.000000e+00	6.000000e+00	0.000000e+00	0.000000e+00	0.000000e+00
1.500000e+02	1.560000e+02	6.000000e+00	1.200000e+01	1.417455e+02	7.650055e+01	7.650055e+01
1.500000e+02	1.560000e+02	1.200000e+01	1.800000e+01	2.865917e+02	1.082341e+02	1.082341e+02
1.500000e+02	1.560000e+02	1.800000e+01	2.400000e+01	3.684289e+02	1.248052e+02	1.248052e+02
1.500000e+02	1.560000e+02	2.400000e+01	3.000000e+01	6.957758e+02	1.709440e+02	1.709440e+02
1.500000e+02	1.560000e+02	3.000000e+01	3.600000e+01	2.394791e+02	9.881220e+01	9.881220e+01
1.500000e+02	1.560000e+02	3.600000e+01	4.200000e+01	3.779189e+02	1.249249e+02	1.249249e+02
1.500000e+02	1.560000e+02	4.200000e+01	4.800000e+01	3.875236e+02	1.250444e+02	1.250444e+02
1.500000e+02	1.560000e+02	4.800000e+01	5.400000e+01	2.741781e+02	1.080499e+02	1.080499e+02
1.500000e+02	1.560000e+02	5.400000e+01	6.000000e+01	2.397370e+02	9.881220e+01	9.881220e+01
1.500000e+02	1.560000e+02	6.000000e+01	6.600000e+01	6.080836e+02	1.591861e+02	1.591861e+02
1.500000e+02	1.560000e+02	6.600000e+01	7.200000e+01	6.333786e+02	1.649887e+02	1.649887e+02
1.500000e+02	1.560000e+02	7.200000e+01	7.800000e+01	2.090559e+02	8.867283e+01	8.867283e+01
1.500000e+02	1.560000e+02	7.800000e+01	8.400000e+01	3.358767e+02	1.170344e+02	1.170344e+02
1.500000e+02	1.560000e+02	8.400000e+01	9.000000e+01	1.553039e+02	7.676048e+01	7.676048e+01
1.500000e+02	1.560000e+02	9.000000e+01	9.600000e+01	3.408203e+02	1.169843e+02	1.169843e+02
1.500000e+02	1.560000e+02	9.600000e+01	1.020000e+02	3.217981e+02	1.167286e+02	1.167286e+02
1.500000e+02	1.560000e+02	1.020000e+02	1.080000e+02	1.661315e+01	7.056579e+00	7.056579e+00
1.500000e+02	1.560000e+02	1.080000e+02	1.140000e+02	2.494080e+02	9.896322e+01	9.896322e+01
1.500000e+02	1.560000e+02	1.140000e+02	1.200000e+02	3.090483e+02	1.165579e+02	1.165579e+02
1.500000e+02	1.560000e+02	1.200000e+02	1.260000e+02	1.391437e+02	7.643545e+01	7.643545e+01
1.500000e+02	1.560000e+02	1.260000e+02	1.320000e+02	9.186136e+01	6.238268e+01	6.238268e+01
1.500000e+02	1.560000e+02	1.320000e+02	1.380000e+02	8.867008e+01	6.230282e+01	6.230282e+01
1.500000e+02	1.560000e+02	1.380000e+02	1.440000e+02	9.179647e+01	6.238269e+01	6.238269e+01
1.500000e+02	1.560000e+02	1.440000e+02	1.500000e+02	4.662667e-01	4.424200e-02	4.424200e-02
1.500000e+02	1.560000e+02	1.500000e+02	1.560000e+02	5.090372e+01	4.428022e+01	4.428022e+01
1.500000e+02	1.560000e+02	1.560000e+02	1.620000e+02	1.328812e+01	6.311624e+00	6.311624e+00
1.500000e+02	1.560000e+02	1.620000e+02	1.680000e+02	4.781292e+01	4.416764e+01	4.416764e+01
1.500000e+02	1.560000e+02	1.680000e+02	1.740000e+02	5.094306e+01	4.428023e+01	4.428023e+01
1.500000e+02	1.560000e+02	1.740000e+02	1.800000e+02	4.749725e+01	4.416762e+01	4.416762e+01
1.560000e+02	1.620000e+02	0.000000e+00	6.000000e+00	0.000000e+00	0.000000e+00	0.000000e+00
1.560000e+02	1.620000e+02	6.000000e+00	1.200000e+01	1.889597e+02	8.833526e+01	8.833526e+01
1.560000e+02	1.620000e+02	1.200000e+01	1.800000e+01	2.457281e+02	9.891292e+01	9.891292e+01
1.560000e+02	1.620000e+02	1.800000e+01	2.400000e+01	4.818331e+02	1.397772e+02	1.397772e+02
1.560000e+02	1.620000e+02	2.400000e+01	3.000000e+01	3.212578e+02	1.167286e+02	1.167286e+02
1.560000e+02	1.620000e+02	3.000000e+01	3.600000e+01	2.017978e+02	8.856042e+01	8.856042e+01
1.560000e+02	1.620000e+02	3.600000e+01	4.200000e+01	1.923007e+02	8.839158e+01	8.839158e+01
1.560000e+02	1.620000e+02	4.200000e+01	4.800000e+01	1.924064e+02	8.839158e+01	8.839158e+01
1.560000e+02	1.620000e+02	4.800000e+01	5.400000e+01	5.072406e+02	1.463514e+02	1.463514e+02
1.560000e+02	1.620000e+02	5.400000e+01	6.000000e+01	5.447017e+02	1.632044e+02	1.632044e+02
1.560000e+02	1.620000e+02	6.000000e+01	6.600000e+01	2.902844e+02	1.082801e+02	1.082801e+02
1.560000e+02	1.620000e+02	6.600000e+01	7.200000e+01	2.403984e+02	9.881220e+01	9.881220e+01
1.560000e+02	1.620000e+02	7.200000e+01	7.800000e+01	5.648981e+02	1.529686e+02	1.529686e+02
1.560000e+02	1.620000e+02	7.800000e+01	8.400000e+01	2.912972e+02	1.082802e+02	1.082802e+02
1.560000e+02	1.620000e+02	8.400000e+01	9.000000e+01	2.436475e+02	9.886259e+01	9.886259e+01
1.560000e+02	1.620000e+02	9.000000e+01	9.600000e+01	3.251583e+02	1.167712e+02	1.167712e+02
1.560000e+02	1.620000e+02	9.600000e+01	1.020000e+02	3.629092e+02	1.247254e+02	1.247254e+02
1.560000e+02	1.620000e+02	1.020000e+02	1.080000e+02	1.457516e+02	7.656563e+01	7.656563e+01
1.560000e+02	1.620000e+02	1.080000e+02	1.140000e+02	2.715326e+02	1.080038e+02	1.080038e+02
1.560000e+02	1.620000e+02	1.140000e+02	1.200000e+02	2.242638e+02	9.855992e+01	9.855992e+01
1.560000e+02	1.620000e+02	1.200000e+02	1.260000e+02	8.254156e-01	6.327750e-02	6.327750e-02
1.560000e+02	1.620000e+02	1.260000e+02	1.320000e+02	9.512803e+01	6.246246e+01	6.246246e+01
1.560000e+02	1.620000e+02	1.320000e+02	1.380000e+02	9.505606e+01	6.246245e+01	6.246245e+01
1.560000e+02	1.620000e+02	1.380000e+02	1.440000e+02	9.188092e+01	6.238269e+01	6.238269e+01
1.560000e+02	1.620000e+02	1.440000e+02	1.500000e+02	5.429389e+01	4.439254e+01	4.439254e+01
1.560000e+02	1.620000e+02	1.500000e+02	1.560000e+02	9.194931e+01	6.238269e+01	6.238269e+01
1.560000e+02	1.620000e+02	1.560000e+02	1.620000e+02	9.841350e+01	6.254212e+01	6.254212e+01
1.560000e+02	1.620000e+02	1.620000e+02	1.680000e+02	9.521897e+01	6.246245e+01	6.246245e+01
1.560000e+02	1.620000e+02	1.680000e+02	1.740000e+02	4.799856e+01	4.416764e+01	4.416764e+01
1.560000e+02	1.620000e+02	1.740000e+02	1.800000e+02	3.592094e+00	3.155916e+00	3.155916e+00
1.620000e+02	1.680000e+02	0.000000e+00	6.000000e+00	0.000000e+00	0.000000e+00	0.000000e+00
1.620000e+02	1.680000e+02	6.000000e+00	1.200000e+01	1.448947e+02	7.656561e+01	7.656561e+01
1.620000e+02	1.680000e+02	1.200000e+01	1.800000e+01	1.920200e+02	1.015631e+02	1.015631e+02
1.620000e+02	1.680000e+02	1.800000e+01	2.400000e+01	1.040936e+02	6.270113e+01	6.270113e+01
1.620000e+02	1.680000e+02	2.400000e+01	3.000000e+01	3.684781e+02	1.248052e+02	1.248052e+02
1.620000e+02	1.680000e+02	3.000000e+01	3.600000e+01	3.308225e+02	1.168581e+02	1.168581e+02
1.620000e+02	1.680000e+02	3.600000e+01	4.200000e+01	3.779442e+02	1.249249e+02	1.249249e+02
1.620000e+02	1.680000e+02	4.200000e+01	4.800000e+01	3.403411e+02	1.169843e+02	1.169843e+02
1.620000e+02	1.680000e+02	4.800000e+01	5.400000e+01	1.892718e+02	8.833521e+01	8.833521e+01
1.620000e+02	1.680000e+02	5.400000e+01	6.000000e+01	2.428589e+02	9.886255e+01	9.886255e+01
1.620000e+02	1.680000e+02	6.000000e+01	6.600000e+01	4.445208e+02	1.393490e+02	1.393490e+02
1.620000e+02	1.680000e+02	6.600000e+01	7.200000e+01	3.631139e+02	1.247254e+02	1.247254e+02
1.620000e+02	1.680000e+02	7.200000e+01	7.800000e+01	1.055496e+02	6.270117e+01	6.270117e+01
1.620000e+02	1.680000e+02	7.800000e+01	8.400000e+01	2.820856e+02	1.081421e+02	1.081421e+02
1.620000e+02	1.680000e+02	8.400000e+01	9.000000e+01	4.105975e+02	1.323148e+02	1.323148e+02
1.620000e+02	1.680000e+02	9.000000e+01	9.600000e+01	1.428759e+02	7.650057e+01	7.650057e+01
1.620000e+02	1.680000e+02	9.600000e+01	1.020000e+02	1.459473e+02	7.656564e+01	7.656564e+01
1.620000e+02	1.680000e+02	1.020000e+02	1.080000e+02	1.867030e+02	8.827885e+01	8.827885e+01
1.620000e+02	1.680000e+02	1.080000e+02	1.140000e+02	1.087541e+02	6.281622e+01	6.281622e+01
1.620000e+02	1.680000e+02	1.140000e+02	1.200000e+02	9.535950e+01	6.246246e+01	6.246246e+01
1.620000e+02	1.680000e+02	1.200000e+02	1.260000e+02	1.329786e+02	7.630505e+01	7.630505e+01
1.620000e+02	1.680000e+02	1.260000e+02	1.320000e+02	1.927464e+02	8.839158e+01	8.839158e+01
1.620000e+02	1.680000e+02	1.320000e+02	1.380000e+02	3.982906e+00	3.156118e+00	3.156118e+00
1.620000e+02	1.680000e+02	1.380000e+02	1.440000e+02	5.115425e+01	4.428023e+01	4.428023e+01
1.620000e+02	1.680000e+02	1.440000e+02	1.500000e+02	1.770138e+02	8.810947e+01	8.810947e+01
1.620000e+02	1.680000e+02	1.500000e+02	1.560000e+02	9.527458e+01	6.246246e+01	6.246246e+01
1.620000e+02	1.680000e+02	1.560000e+02	1.620000e+02	9.705108e-01	5.622019e-02	5.622019e-02
1.620000e+02	1.680000e+02	1.620000e+02	1.680000e+02	5.142456e+01	4.428023e+01	4.428023e+01
1.620000e+02	1.680000e+02	1.680000e+02	1.740000e+02	4.498639e+01	4.405477e+01	4.405477e+01
1.620000e+02	1.680000e+02	1.740000e+02	1.800000e+02	3.849542e+00	3.156049e+00	3.156049e+00
1.680000e+02	1.740000e+02	0.000000e+00	6.000000e+00	0.000000e+00	0.000000e+00	0.000000e+00
1.680000e+02	1.740000e+02	6.000000e+00	1.200000e+01	9.568033e+00	5.465849e+00	5.465849e+00
1.680000e+02	1.740000e+02	1.200000e+01	1.800000e+01	1.890243e+02	8.833521e+01	8.833521e+01
1.680000e+02	1.740000e+02	1.800000e+01	2.400000e+01	2.834911e+02	1.081881e+02	1.081881e+02
1.680000e+02	1.740000e+02	2.400000e+01	3.000000e+01	4.974336e+02	1.462492e+02	1.462492e+02
1.680000e+02	1.740000e+02	3.000000e+01	3.600000e+01	6.629231e+00	4.463133e+00	4.463133e+00
1.680000e+02	1.740000e+02	3.600000e+01	4.200000e+01	2.458260e+02	9.891292e+01	9.891292e+01
1.680000e+02	1.740000e+02	4.200000e+01	4.800000e+01	2.363585e+02	9.876178e+01	9.876178e+01
1.680000e+02	1.740000e+02	4.800000e+01	5.400000e+01	2.364790e+02	9.876178e+01	9.876178e+01
1.680000e+02	1.740000e+02	5.400000e+01	6.000000e+01	5.417756e+02	1.527405e+02	1.527405e+02
1.680000e+02	1.740000e+02	6.000000e+01	6.600000e+01	1.455304e+02	7.656562e+01	7.656562e+01
1.680000e+02	1.740000e+02	6.600000e+01	7.200000e+01	1.426346e+02	7.650057e+01	7.650057e+01
1.680000e+02	1.740000e+02	7.200000e+01	7.800000e+01	1.872962e+02	8.827890e+01	8.827890e+01
1.680000e+02	1.740000e+02	7.800000e+01	8.400000e+01	1.401959e+02	7.643547e+01	7.643547e+01
1.680000e+02	1.740000e+02	8.400000e+01	9.000000e+01	1.366619e+02	7.637029e+01	7.637029e+01
1.680000e+02	1.740000e+02	9.000000e+01	9.600000e+01	1.082819e+02	6.278052e+01	6.278052e+01
1.680000e+02	1.740000e+02	9.600000e+01	1.020000e+02	1.394138e+02	7.643545e+01	7.643545e+01
1.680000e+02	1.740000e+02	1.020000e+02	1.080000e+02	1.867261e+02	8.827885e+01	8.827885e+01
1.680000e+02	1.740000e+02	1.080000e+02	1.140000e+02	1.834853e+02	8.822241e+01	8.822241e+01
1.680000e+02	1.740000e+02	1.140000e+02	1.200000e+02	3.345511e+02	1.168991e+02	1.168991e+02
1.680000e+02	1.740000e+02	1.200000e+02	1.260000e+02	9.851447e+01	6.254212e+01	6.254212e+01
1.680000e+02	1.740000e+02	1.260000e+02	1.320000e+02	4.812956e+01	4.416765e+01	4.416765e+01
1.680000e+02	1.740000e+02	1.320000e+02	1.380000e+02	3.973619e+00	3.156183e+00	3.156183e+00
1.680000e+02	1.740000e+02	1.380000e+02	1.440000e+02	1.392151e+02	7.643545e+01	7.643545e+01
1.680000e+02	1.740000e+02	1.440000e+02	1.500000e+02	1.361471e+02	7.637028e+01	7.637028e+01
1.680000e+02	1.740000e+02	1.500000e+02	1.560000e+02	4.510992e+01	4.405477e+01	4.405477e+01
1.680000e+02	1.740000e+02	1.560000e+02	1.620000e+02	4.175297e+00	3.156251e+00	3.156251e+00
1.680000e+02	1.740000e+02	1.620000e+02	1.680000e+02	4.515272e+01	4.405478e+01	4.405478e+01
1.680000e+02	1.740000e+02	1.680000e+02	1.740000e+02	4.823303e+01	4.416764e+01	4.416764e+01
1.680000e+02	1.740000e+02	1.740000e+02	1.800000e+02	7.197414e-01	4.841504e-02	4.841504e-02
1.740000e+02	1.800000e+02	0.000000e+00	6.000000e+00	0.000000e+00	0.000000e+00	0.000000e+00
1.740000e+02	1.800000e+02	6.000000e+00	1.200000e+01	5.536469e-02	1.342792e-02	1.342792e-02
1.740000e+02	1.800000e+02	1.200000e+01	1.800000e+01	1.827069e+02	8.822241e+01	8.822241e+01
1.740000e+02	1.800000e+02	1.800000e+01	2.400000e+01	3.683500e+02	1.248052e+02	1.248052e+02
1.740000e+02	1.800000e+02	2.400000e+01	3.000000e+01	2.771047e+02	1.080960e+02	1.080960e+02
1.740000e+02	1.800000e+02	3.000000e+01	3.600000e+01	2.331249e+02	9.871133e+01	9.871133e+01
1.740000e+02	1.800000e+02	3.600000e+01	4.200000e+01	9.461347e+01	6.246245e+01	6.246245e+01
1.740000e+02	1.800000e+02	4.200000e+01	4.800000e+01	1.387296e+02	7.643544e+01	7.643544e+01
1.740000e+02	1.800000e+02	4.800000e+01	5.400000e+01	1.828176e+02	8.822241e+01	8.822241e+01
1.740000e+02	1.800000e+02	5.400000e+01	6.000000e+01	2.237419e+02	9.855992e+01	9.855992e+01
1.740000e+02	1.800000e+02	6.000000e+01	6.600000e+01	2.239905e+02	9.855992e+01	9.855992e+01
1.740000e+02	1.800000e+02	6.600000e+01	7.200000e+01	1.455688e+02	7.656562e+01	7.656562e+01
1.740000e+02	1.800000e+02	7.200000e+01	7.800000e+01	5.154928e+01	4.428026e+01	4.428026e+01
1.740000e+02	1.800000e+02	7.800000e+01	8.400000e+01	2.844511e+02	1.081882e+02	1.081882e+02
1.740000e+02	1.800000e+02	8.400000e+01	9.000000e+01	5.450861e+01	4.439254e+01	4.439254e+01
1.740000e+02	1.800000e+02	9.000000e+01	9.600000e+01	9.835514e+01	6.254212e+01	6.254212e+01
1.740000e+02	1.800000e+02	9.600000e+01	1.020000e+02	5.127972e+01	4.428025e+01	4.428025e+01
1.740000e+02	1.800000e+02	1.020000e+02	1.080000e+02	2.241523e+02	9.855992e+01	9.855992e+01
1.740000e+02	1.800000e+02	1.080000e+02	1.140000e+02	9.188767e+01	6.238269e+01	6.238269e+01
1.740000e+02	1.800000e+02	1.140000e+02	1.200000e+02	5.103400e+01	4.428023e+01	4.428023e+01
1.740000e+02	1.800000e+02	1.200000e+02	1.260000e+02	4.470281e+01	4.405476e+01	4.405476e+01
1.740000e+02	1.800000e+02	1.260000e+02	1.320000e+02	4.788831e+01	4.416764e+01	4.416764e+01
1.740000e+02	1.800000e+02	1.320000e+02	1.380000e+02	1.419921e+02	7.685796e+01	7.685796e+01
1.740000e+02	1.800000e+02	1.380000e+02	1.440000e+02	6.646197e-01	4.882429e-02	4.882429e-02
1.740000e+02	1.800000e+02	1.440000e+02	1.500000e+02	9.190044e+01	6.238269e+01	6.238269e+01
1.740000e+02	1.800000e+02	1.500000e+02	1.560000e+02	8.274572e-01	5.398270e-02	5.398270e-02
1.740000e+02	1.800000e+02	1.560000e+02	1.620000e+02	8.988625e-01	5.410516e-02	5.410516e-02
1.740000e+02	1.800000e+02	1.620000e+02	1.680000e+02	8.909950e+01	6.230282e+01	6.230282e+01
1.740000e+02	1.800000e+02	1.680000e+02	1.740000e+02	8.858356e-01	5.371166e-02	5.371166e-02
1.740000e+02	1.800000e+02	1.740000e+02	1.800000e+02	3.728881e+00	3.155987e+00	3.155987e+00
# END HISTO2D

