# BEGIN HISTO2D /res/baseline_noPU_sideband/histo_ptHptH_res_RCO
Path=/res/baseline_noPU_sideband/histo_ptHptH_res_RCO
ScaledBy=1
Title=ptHptH_res_RCO
# xlow	 xhigh	 ylow	 yhigh	 val	 errminus	 errplus
0.000000e+00	3.000000e+01	0.000000e+00	3.000000e+01	3.877393e-06	1.327310e-07	1.327310e-07
0.000000e+00	3.000000e+01	3.000000e+01	6.000000e+01	0.000000e+00	0.000000e+00	0.000000e+00
0.000000e+00	3.000000e+01	6.000000e+01	9.000000e+01	0.000000e+00	0.000000e+00	0.000000e+00
0.000000e+00	3.000000e+01	9.000000e+01	1.200000e+02	0.000000e+00	0.000000e+00	0.000000e+00
0.000000e+00	3.000000e+01	1.200000e+02	1.500000e+02	0.000000e+00	0.000000e+00	0.000000e+00
0.000000e+00	3.000000e+01	1.500000e+02	1.800000e+02	0.000000e+00	0.000000e+00	0.000000e+00
0.000000e+00	3.000000e+01	1.800000e+02	2.100000e+02	0.000000e+00	0.000000e+00	0.000000e+00
0.000000e+00	3.000000e+01	2.100000e+02	2.400000e+02	0.000000e+00	0.000000e+00	0.000000e+00
0.000000e+00	3.000000e+01	2.400000e+02	2.700000e+02	0.000000e+00	0.000000e+00	0.000000e+00
0.000000e+00	3.000000e+01	2.700000e+02	3.000000e+02	0.000000e+00	0.000000e+00	0.000000e+00
0.000000e+00	3.000000e+01	3.000000e+02	3.300000e+02	0.000000e+00	0.000000e+00	0.000000e+00
0.000000e+00	3.000000e+01	3.300000e+02	3.600000e+02	0.000000e+00	0.000000e+00	0.000000e+00
0.000000e+00	3.000000e+01	3.600000e+02	3.900000e+02	0.000000e+00	0.000000e+00	0.000000e+00
0.000000e+00	3.000000e+01	3.900000e+02	4.200000e+02	0.000000e+00	0.000000e+00	0.000000e+00
0.000000e+00	3.000000e+01	4.200000e+02	4.500000e+02	0.000000e+00	0.000000e+00	0.000000e+00
0.000000e+00	3.000000e+01	4.500000e+02	4.800000e+02	0.000000e+00	0.000000e+00	0.000000e+00
0.000000e+00	3.000000e+01	4.800000e+02	5.100000e+02	0.000000e+00	0.000000e+00	0.000000e+00
0.000000e+00	3.000000e+01	5.100000e+02	5.400000e+02	0.000000e+00	0.000000e+00	0.000000e+00
0.000000e+00	3.000000e+01	5.400000e+02	5.700000e+02	0.000000e+00	0.000000e+00	0.000000e+00
0.000000e+00	3.000000e+01	5.700000e+02	6.000000e+02	0.000000e+00	0.000000e+00	0.000000e+00
0.000000e+00	3.000000e+01	6.000000e+02	6.300000e+02	0.000000e+00	0.000000e+00	0.000000e+00
0.000000e+00	3.000000e+01	6.300000e+02	6.600000e+02	0.000000e+00	0.000000e+00	0.000000e+00
0.000000e+00	3.000000e+01	6.600000e+02	6.900000e+02	0.000000e+00	0.000000e+00	0.000000e+00
0.000000e+00	3.000000e+01	6.900000e+02	7.200000e+02	0.000000e+00	0.000000e+00	0.000000e+00
0.000000e+00	3.000000e+01	7.200000e+02	7.500000e+02	0.000000e+00	0.000000e+00	0.000000e+00
0.000000e+00	3.000000e+01	7.500000e+02	7.800000e+02	0.000000e+00	0.000000e+00	0.000000e+00
0.000000e+00	3.000000e+01	7.800000e+02	8.100000e+02	0.000000e+00	0.000000e+00	0.000000e+00
0.000000e+00	3.000000e+01	8.100000e+02	8.400000e+02	0.000000e+00	0.000000e+00	0.000000e+00
0.000000e+00	3.000000e+01	8.400000e+02	8.700000e+02	0.000000e+00	0.000000e+00	0.000000e+00
0.000000e+00	3.000000e+01	8.700000e+02	9.000000e+02	0.000000e+00	0.000000e+00	0.000000e+00
3.000000e+01	6.000000e+01	0.000000e+00	3.000000e+01	1.015139e-05	2.130170e-07	2.130170e-07
3.000000e+01	6.000000e+01	3.000000e+01	6.000000e+01	1.038254e-05	2.148970e-07	2.148970e-07
3.000000e+01	6.000000e+01	6.000000e+01	9.000000e+01	0.000000e+00	0.000000e+00	0.000000e+00
3.000000e+01	6.000000e+01	9.000000e+01	1.200000e+02	0.000000e+00	0.000000e+00	0.000000e+00
3.000000e+01	6.000000e+01	1.200000e+02	1.500000e+02	0.000000e+00	0.000000e+00	0.000000e+00
3.000000e+01	6.000000e+01	1.500000e+02	1.800000e+02	0.000000e+00	0.000000e+00	0.000000e+00
3.000000e+01	6.000000e+01	1.800000e+02	2.100000e+02	0.000000e+00	0.000000e+00	0.000000e+00
3.000000e+01	6.000000e+01	2.100000e+02	2.400000e+02	0.000000e+00	0.000000e+00	0.000000e+00
3.000000e+01	6.000000e+01	2.400000e+02	2.700000e+02	0.000000e+00	0.000000e+00	0.000000e+00
3.000000e+01	6.000000e+01	2.700000e+02	3.000000e+02	0.000000e+00	0.000000e+00	0.000000e+00
3.000000e+01	6.000000e+01	3.000000e+02	3.300000e+02	0.000000e+00	0.000000e+00	0.000000e+00
3.000000e+01	6.000000e+01	3.300000e+02	3.600000e+02	0.000000e+00	0.000000e+00	0.000000e+00
3.000000e+01	6.000000e+01	3.600000e+02	3.900000e+02	0.000000e+00	0.000000e+00	0.000000e+00
3.000000e+01	6.000000e+01	3.900000e+02	4.200000e+02	0.000000e+00	0.000000e+00	0.000000e+00
3.000000e+01	6.000000e+01	4.200000e+02	4.500000e+02	0.000000e+00	0.000000e+00	0.000000e+00
3.000000e+01	6.000000e+01	4.500000e+02	4.800000e+02	0.000000e+00	0.000000e+00	0.000000e+00
3.000000e+01	6.000000e+01	4.800000e+02	5.100000e+02	0.000000e+00	0.000000e+00	0.000000e+00
3.000000e+01	6.000000e+01	5.100000e+02	5.400000e+02	0.000000e+00	0.000000e+00	0.000000e+00
3.000000e+01	6.000000e+01	5.400000e+02	5.700000e+02	0.000000e+00	0.000000e+00	0.000000e+00
3.000000e+01	6.000000e+01	5.700000e+02	6.000000e+02	0.000000e+00	0.000000e+00	0.000000e+00
3.000000e+01	6.000000e+01	6.000000e+02	6.300000e+02	0.000000e+00	0.000000e+00	0.000000e+00
3.000000e+01	6.000000e+01	6.300000e+02	6.600000e+02	0.000000e+00	0.000000e+00	0.000000e+00
3.000000e+01	6.000000e+01	6.600000e+02	6.900000e+02	0.000000e+00	0.000000e+00	0.000000e+00
3.000000e+01	6.000000e+01	6.900000e+02	7.200000e+02	0.000000e+00	0.000000e+00	0.000000e+00
3.000000e+01	6.000000e+01	7.200000e+02	7.500000e+02	0.000000e+00	0.000000e+00	0.000000e+00
3.000000e+01	6.000000e+01	7.500000e+02	7.800000e+02	0.000000e+00	0.000000e+00	0.000000e+00
3.000000e+01	6.000000e+01	7.800000e+02	8.100000e+02	0.000000e+00	0.000000e+00	0.000000e+00
3.000000e+01	6.000000e+01	8.100000e+02	8.400000e+02	0.000000e+00	0.000000e+00	0.000000e+00
3.000000e+01	6.000000e+01	8.400000e+02	8.700000e+02	0.000000e+00	0.000000e+00	0.000000e+00
3.000000e+01	6.000000e+01	8.700000e+02	9.000000e+02	0.000000e+00	0.000000e+00	0.000000e+00
6.000000e+01	9.000000e+01	0.000000e+00	3.000000e+01	4.950118e-06	1.470617e-07	1.470617e-07
6.000000e+01	9.000000e+01	3.000000e+01	6.000000e+01	1.628847e-05	2.678793e-07	2.678793e-07
6.000000e+01	9.000000e+01	6.000000e+01	9.000000e+01	1.343404e-05	2.442534e-07	2.442534e-07
6.000000e+01	9.000000e+01	9.000000e+01	1.200000e+02	0.000000e+00	0.000000e+00	0.000000e+00
6.000000e+01	9.000000e+01	1.200000e+02	1.500000e+02	0.000000e+00	0.000000e+00	0.000000e+00
6.000000e+01	9.000000e+01	1.500000e+02	1.800000e+02	0.000000e+00	0.000000e+00	0.000000e+00
6.000000e+01	9.000000e+01	1.800000e+02	2.100000e+02	0.000000e+00	0.000000e+00	0.000000e+00
6.000000e+01	9.000000e+01	2.100000e+02	2.400000e+02	0.000000e+00	0.000000e+00	0.000000e+00
6.000000e+01	9.000000e+01	2.400000e+02	2.700000e+02	0.000000e+00	0.000000e+00	0.000000e+00
6.000000e+01	9.000000e+01	2.700000e+02	3.000000e+02	0.000000e+00	0.000000e+00	0.000000e+00
6.000000e+01	9.000000e+01	3.000000e+02	3.300000e+02	0.000000e+00	0.000000e+00	0.000000e+00
6.000000e+01	9.000000e+01	3.300000e+02	3.600000e+02	0.000000e+00	0.000000e+00	0.000000e+00
6.000000e+01	9.000000e+01	3.600000e+02	3.900000e+02	0.000000e+00	0.000000e+00	0.000000e+00
6.000000e+01	9.000000e+01	3.900000e+02	4.200000e+02	0.000000e+00	0.000000e+00	0.000000e+00
6.000000e+01	9.000000e+01	4.200000e+02	4.500000e+02	0.000000e+00	0.000000e+00	0.000000e+00
6.000000e+01	9.000000e+01	4.500000e+02	4.800000e+02	0.000000e+00	0.000000e+00	0.000000e+00
6.000000e+01	9.000000e+01	4.800000e+02	5.100000e+02	0.000000e+00	0.000000e+00	0.000000e+00
6.000000e+01	9.000000e+01	5.100000e+02	5.400000e+02	0.000000e+00	0.000000e+00	0.000000e+00
6.000000e+01	9.000000e+01	5.400000e+02	5.700000e+02	0.000000e+00	0.000000e+00	0.000000e+00
6.000000e+01	9.000000e+01	5.700000e+02	6.000000e+02	0.000000e+00	0.000000e+00	0.000000e+00
6.000000e+01	9.000000e+01	6.000000e+02	6.300000e+02	0.000000e+00	0.000000e+00	0.000000e+00
6.000000e+01	9.000000e+01	6.300000e+02	6.600000e+02	0.000000e+00	0.000000e+00	0.000000e+00
6.000000e+01	9.000000e+01	6.600000e+02	6.900000e+02	0.000000e+00	0.000000e+00	0.000000e+00
6.000000e+01	9.000000e+01	6.900000e+02	7.200000e+02	0.000000e+00	0.000000e+00	0.000000e+00
6.000000e+01	9.000000e+01	7.200000e+02	7.500000e+02	0.000000e+00	0.000000e+00	0.000000e+00
6.000000e+01	9.000000e+01	7.500000e+02	7.800000e+02	0.000000e+00	0.000000e+00	0.000000e+00
6.000000e+01	9.000000e+01	7.800000e+02	8.100000e+02	0.000000e+00	0.000000e+00	0.000000e+00
6.000000e+01	9.000000e+01	8.100000e+02	8.400000e+02	0.000000e+00	0.000000e+00	0.000000e+00
6.000000e+01	9.000000e+01	8.400000e+02	8.700000e+02	0.000000e+00	0.000000e+00	0.000000e+00
6.000000e+01	9.000000e+01	8.700000e+02	9.000000e+02	0.000000e+00	0.000000e+00	0.000000e+00
9.000000e+01	1.200000e+02	0.000000e+00	3.000000e+01	1.932519e-06	9.067647e-08	9.067647e-08
9.000000e+01	1.200000e+02	3.000000e+01	6.000000e+01	7.962110e-06	1.856009e-07	1.856009e-07
9.000000e+01	1.200000e+02	6.000000e+01	9.000000e+01	2.146050e-05	3.081288e-07	3.081288e-07
9.000000e+01	1.200000e+02	9.000000e+01	1.200000e+02	1.957103e-05	2.966440e-07	2.966440e-07
9.000000e+01	1.200000e+02	1.200000e+02	1.500000e+02	0.000000e+00	0.000000e+00	0.000000e+00
9.000000e+01	1.200000e+02	1.500000e+02	1.800000e+02	0.000000e+00	0.000000e+00	0.000000e+00
9.000000e+01	1.200000e+02	1.800000e+02	2.100000e+02	0.000000e+00	0.000000e+00	0.000000e+00
9.000000e+01	1.200000e+02	2.100000e+02	2.400000e+02	0.000000e+00	0.000000e+00	0.000000e+00
9.000000e+01	1.200000e+02	2.400000e+02	2.700000e+02	0.000000e+00	0.000000e+00	0.000000e+00
9.000000e+01	1.200000e+02	2.700000e+02	3.000000e+02	0.000000e+00	0.000000e+00	0.000000e+00
9.000000e+01	1.200000e+02	3.000000e+02	3.300000e+02	0.000000e+00	0.000000e+00	0.000000e+00
9.000000e+01	1.200000e+02	3.300000e+02	3.600000e+02	0.000000e+00	0.000000e+00	0.000000e+00
9.000000e+01	1.200000e+02	3.600000e+02	3.900000e+02	0.000000e+00	0.000000e+00	0.000000e+00
9.000000e+01	1.200000e+02	3.900000e+02	4.200000e+02	0.000000e+00	0.000000e+00	0.000000e+00
9.000000e+01	1.200000e+02	4.200000e+02	4.500000e+02	0.000000e+00	0.000000e+00	0.000000e+00
9.000000e+01	1.200000e+02	4.500000e+02	4.800000e+02	0.000000e+00	0.000000e+00	0.000000e+00
9.000000e+01	1.200000e+02	4.800000e+02	5.100000e+02	0.000000e+00	0.000000e+00	0.000000e+00
9.000000e+01	1.200000e+02	5.100000e+02	5.400000e+02	0.000000e+00	0.000000e+00	0.000000e+00
9.000000e+01	1.200000e+02	5.400000e+02	5.700000e+02	0.000000e+00	0.000000e+00	0.000000e+00
9.000000e+01	1.200000e+02	5.700000e+02	6.000000e+02	0.000000e+00	0.000000e+00	0.000000e+00
9.000000e+01	1.200000e+02	6.000000e+02	6.300000e+02	0.000000e+00	0.000000e+00	0.000000e+00
9.000000e+01	1.200000e+02	6.300000e+02	6.600000e+02	0.000000e+00	0.000000e+00	0.000000e+00
9.000000e+01	1.200000e+02	6.600000e+02	6.900000e+02	0.000000e+00	0.000000e+00	0.000000e+00
9.000000e+01	1.200000e+02	6.900000e+02	7.200000e+02	0.000000e+00	0.000000e+00	0.000000e+00
9.000000e+01	1.200000e+02	7.200000e+02	7.500000e+02	0.000000e+00	0.000000e+00	0.000000e+00
9.000000e+01	1.200000e+02	7.500000e+02	7.800000e+02	0.000000e+00	0.000000e+00	0.000000e+00
9.000000e+01	1.200000e+02	7.800000e+02	8.100000e+02	0.000000e+00	0.000000e+00	0.000000e+00
9.000000e+01	1.200000e+02	8.100000e+02	8.400000e+02	0.000000e+00	0.000000e+00	0.000000e+00
9.000000e+01	1.200000e+02	8.400000e+02	8.700000e+02	0.000000e+00	0.000000e+00	0.000000e+00
9.000000e+01	1.200000e+02	8.700000e+02	9.000000e+02	0.000000e+00	0.000000e+00	0.000000e+00
1.200000e+02	1.500000e+02	0.000000e+00	3.000000e+01	7.462037e-07	5.589372e-08	5.589372e-08
1.200000e+02	1.500000e+02	3.000000e+01	6.000000e+01	3.354289e-06	1.197844e-07	1.197844e-07
1.200000e+02	1.500000e+02	6.000000e+01	9.000000e+01	9.724457e-06	2.059955e-07	2.059955e-07
1.200000e+02	1.500000e+02	9.000000e+01	1.200000e+02	2.964291e-05	3.643879e-07	3.643879e-07
1.200000e+02	1.500000e+02	1.200000e+02	1.500000e+02	2.392491e-05	3.289352e-07	3.289352e-07
1.200000e+02	1.500000e+02	1.500000e+02	1.800000e+02	0.000000e+00	0.000000e+00	0.000000e+00
1.200000e+02	1.500000e+02	1.800000e+02	2.100000e+02	0.000000e+00	0.000000e+00	0.000000e+00
1.200000e+02	1.500000e+02	2.100000e+02	2.400000e+02	0.000000e+00	0.000000e+00	0.000000e+00
1.200000e+02	1.500000e+02	2.400000e+02	2.700000e+02	0.000000e+00	0.000000e+00	0.000000e+00
1.200000e+02	1.500000e+02	2.700000e+02	3.000000e+02	0.000000e+00	0.000000e+00	0.000000e+00
1.200000e+02	1.500000e+02	3.000000e+02	3.300000e+02	0.000000e+00	0.000000e+00	0.000000e+00
1.200000e+02	1.500000e+02	3.300000e+02	3.600000e+02	0.000000e+00	0.000000e+00	0.000000e+00
1.200000e+02	1.500000e+02	3.600000e+02	3.900000e+02	0.000000e+00	0.000000e+00	0.000000e+00
1.200000e+02	1.500000e+02	3.900000e+02	4.200000e+02	0.000000e+00	0.000000e+00	0.000000e+00
1.200000e+02	1.500000e+02	4.200000e+02	4.500000e+02	0.000000e+00	0.000000e+00	0.000000e+00
1.200000e+02	1.500000e+02	4.500000e+02	4.800000e+02	0.000000e+00	0.000000e+00	0.000000e+00
1.200000e+02	1.500000e+02	4.800000e+02	5.100000e+02	0.000000e+00	0.000000e+00	0.000000e+00
1.200000e+02	1.500000e+02	5.100000e+02	5.400000e+02	0.000000e+00	0.000000e+00	0.000000e+00
1.200000e+02	1.500000e+02	5.400000e+02	5.700000e+02	0.000000e+00	0.000000e+00	0.000000e+00
1.200000e+02	1.500000e+02	5.700000e+02	6.000000e+02	0.000000e+00	0.000000e+00	0.000000e+00
1.200000e+02	1.500000e+02	6.000000e+02	6.300000e+02	0.000000e+00	0.000000e+00	0.000000e+00
1.200000e+02	1.500000e+02	6.300000e+02	6.600000e+02	0.000000e+00	0.000000e+00	0.000000e+00
1.200000e+02	1.500000e+02	6.600000e+02	6.900000e+02	0.000000e+00	0.000000e+00	0.000000e+00
1.200000e+02	1.500000e+02	6.900000e+02	7.200000e+02	0.000000e+00	0.000000e+00	0.000000e+00
1.200000e+02	1.500000e+02	7.200000e+02	7.500000e+02	0.000000e+00	0.000000e+00	0.000000e+00
1.200000e+02	1.500000e+02	7.500000e+02	7.800000e+02	0.000000e+00	0.000000e+00	0.000000e+00
1.200000e+02	1.500000e+02	7.800000e+02	8.100000e+02	0.000000e+00	0.000000e+00	0.000000e+00
1.200000e+02	1.500000e+02	8.100000e+02	8.400000e+02	0.000000e+00	0.000000e+00	0.000000e+00
1.200000e+02	1.500000e+02	8.400000e+02	8.700000e+02	0.000000e+00	0.000000e+00	0.000000e+00
1.200000e+02	1.500000e+02	8.700000e+02	9.000000e+02	0.000000e+00	0.000000e+00	0.000000e+00
1.500000e+02	1.800000e+02	0.000000e+00	3.000000e+01	3.615922e-07	3.896245e-08	3.896245e-08
1.500000e+02	1.800000e+02	3.000000e+01	6.000000e+01	1.443068e-06	7.858169e-08	7.858169e-08
1.500000e+02	1.800000e+02	6.000000e+01	9.000000e+01	4.034210e-06	1.323402e-07	1.323402e-07
1.500000e+02	1.800000e+02	9.000000e+01	1.200000e+02	1.282943e-05	2.385381e-07	2.385381e-07
1.500000e+02	1.800000e+02	1.200000e+02	1.500000e+02	3.407158e-05	3.920387e-07	3.920387e-07
1.500000e+02	1.800000e+02	1.500000e+02	1.800000e+02	2.396273e-05	3.297058e-07	3.297058e-07
1.500000e+02	1.800000e+02	1.800000e+02	2.100000e+02	0.000000e+00	0.000000e+00	0.000000e+00
1.500000e+02	1.800000e+02	2.100000e+02	2.400000e+02	0.000000e+00	0.000000e+00	0.000000e+00
1.500000e+02	1.800000e+02	2.400000e+02	2.700000e+02	0.000000e+00	0.000000e+00	0.000000e+00
1.500000e+02	1.800000e+02	2.700000e+02	3.000000e+02	0.000000e+00	0.000000e+00	0.000000e+00
1.500000e+02	1.800000e+02	3.000000e+02	3.300000e+02	0.000000e+00	0.000000e+00	0.000000e+00
1.500000e+02	1.800000e+02	3.300000e+02	3.600000e+02	0.000000e+00	0.000000e+00	0.000000e+00
1.500000e+02	1.800000e+02	3.600000e+02	3.900000e+02	0.000000e+00	0.000000e+00	0.000000e+00
1.500000e+02	1.800000e+02	3.900000e+02	4.200000e+02	0.000000e+00	0.000000e+00	0.000000e+00
1.500000e+02	1.800000e+02	4.200000e+02	4.500000e+02	0.000000e+00	0.000000e+00	0.000000e+00
1.500000e+02	1.800000e+02	4.500000e+02	4.800000e+02	0.000000e+00	0.000000e+00	0.000000e+00
1.500000e+02	1.800000e+02	4.800000e+02	5.100000e+02	0.000000e+00	0.000000e+00	0.000000e+00
1.500000e+02	1.800000e+02	5.100000e+02	5.400000e+02	0.000000e+00	0.000000e+00	0.000000e+00
1.500000e+02	1.800000e+02	5.400000e+02	5.700000e+02	0.000000e+00	0.000000e+00	0.000000e+00
1.500000e+02	1.800000e+02	5.700000e+02	6.000000e+02	0.000000e+00	0.000000e+00	0.000000e+00
1.500000e+02	1.800000e+02	6.000000e+02	6.300000e+02	0.000000e+00	0.000000e+00	0.000000e+00
1.500000e+02	1.800000e+02	6.300000e+02	6.600000e+02	0.000000e+00	0.000000e+00	0.000000e+00
1.500000e+02	1.800000e+02	6.600000e+02	6.900000e+02	0.000000e+00	0.000000e+00	0.000000e+00
1.500000e+02	1.800000e+02	6.900000e+02	7.200000e+02	0.000000e+00	0.000000e+00	0.000000e+00
1.500000e+02	1.800000e+02	7.200000e+02	7.500000e+02	0.000000e+00	0.000000e+00	0.000000e+00
1.500000e+02	1.800000e+02	7.500000e+02	7.800000e+02	0.000000e+00	0.000000e+00	0.000000e+00
1.500000e+02	1.800000e+02	7.800000e+02	8.100000e+02	0.000000e+00	0.000000e+00	0.000000e+00
1.500000e+02	1.800000e+02	8.100000e+02	8.400000e+02	0.000000e+00	0.000000e+00	0.000000e+00
1.500000e+02	1.800000e+02	8.400000e+02	8.700000e+02	0.000000e+00	0.000000e+00	0.000000e+00
1.500000e+02	1.800000e+02	8.700000e+02	9.000000e+02	0.000000e+00	0.000000e+00	0.000000e+00
1.800000e+02	2.100000e+02	0.000000e+00	3.000000e+01	1.271636e-07	2.254669e-08	2.254669e-08
1.800000e+02	2.100000e+02	3.000000e+01	6.000000e+01	7.084341e-07	5.523883e-08	5.523883e-08
1.800000e+02	2.100000e+02	6.000000e+01	9.000000e+01	1.589772e-06	8.253806e-08	8.253806e-08
1.800000e+02	2.100000e+02	9.000000e+01	1.200000e+02	5.151221e-06	1.507133e-07	1.507133e-07
1.800000e+02	2.100000e+02	1.200000e+02	1.500000e+02	1.394663e-05	2.495407e-07	2.495407e-07
1.800000e+02	2.100000e+02	1.500000e+02	1.800000e+02	3.199578e-05	3.804549e-07	3.804549e-07
1.800000e+02	2.100000e+02	1.800000e+02	2.100000e+02	1.983299e-05	3.001268e-07	3.001268e-07
1.800000e+02	2.100000e+02	2.100000e+02	2.400000e+02	0.000000e+00	0.000000e+00	0.000000e+00
1.800000e+02	2.100000e+02	2.400000e+02	2.700000e+02	0.000000e+00	0.000000e+00	0.000000e+00
1.800000e+02	2.100000e+02	2.700000e+02	3.000000e+02	0.000000e+00	0.000000e+00	0.000000e+00
1.800000e+02	2.100000e+02	3.000000e+02	3.300000e+02	0.000000e+00	0.000000e+00	0.000000e+00
1.800000e+02	2.100000e+02	3.300000e+02	3.600000e+02	0.000000e+00	0.000000e+00	0.000000e+00
1.800000e+02	2.100000e+02	3.600000e+02	3.900000e+02	0.000000e+00	0.000000e+00	0.000000e+00
1.800000e+02	2.100000e+02	3.900000e+02	4.200000e+02	0.000000e+00	0.000000e+00	0.000000e+00
1.800000e+02	2.100000e+02	4.200000e+02	4.500000e+02	0.000000e+00	0.000000e+00	0.000000e+00
1.800000e+02	2.100000e+02	4.500000e+02	4.800000e+02	0.000000e+00	0.000000e+00	0.000000e+00
1.800000e+02	2.100000e+02	4.800000e+02	5.100000e+02	0.000000e+00	0.000000e+00	0.000000e+00
1.800000e+02	2.100000e+02	5.100000e+02	5.400000e+02	0.000000e+00	0.000000e+00	0.000000e+00
1.800000e+02	2.100000e+02	5.400000e+02	5.700000e+02	0.000000e+00	0.000000e+00	0.000000e+00
1.800000e+02	2.100000e+02	5.700000e+02	6.000000e+02	0.000000e+00	0.000000e+00	0.000000e+00
1.800000e+02	2.100000e+02	6.000000e+02	6.300000e+02	0.000000e+00	0.000000e+00	0.000000e+00
1.800000e+02	2.100000e+02	6.300000e+02	6.600000e+02	0.000000e+00	0.000000e+00	0.000000e+00
1.800000e+02	2.100000e+02	6.600000e+02	6.900000e+02	0.000000e+00	0.000000e+00	0.000000e+00
1.800000e+02	2.100000e+02	6.900000e+02	7.200000e+02	0.000000e+00	0.000000e+00	0.000000e+00
1.800000e+02	2.100000e+02	7.200000e+02	7.500000e+02	0.000000e+00	0.000000e+00	0.000000e+00
1.800000e+02	2.100000e+02	7.500000e+02	7.800000e+02	0.000000e+00	0.000000e+00	0.000000e+00
1.800000e+02	2.100000e+02	7.800000e+02	8.100000e+02	0.000000e+00	0.000000e+00	0.000000e+00
1.800000e+02	2.100000e+02	8.100000e+02	8.400000e+02	0.000000e+00	0.000000e+00	0.000000e+00
1.800000e+02	2.100000e+02	8.400000e+02	8.700000e+02	0.000000e+00	0.000000e+00	0.000000e+00
1.800000e+02	2.100000e+02	8.700000e+02	9.000000e+02	0.000000e+00	0.000000e+00	0.000000e+00
2.100000e+02	2.400000e+02	0.000000e+00	3.000000e+01	6.909523e-08	1.691449e-08	1.691449e-08
2.100000e+02	2.400000e+02	3.000000e+01	6.000000e+01	3.229111e-07	3.720471e-08	3.720471e-08
2.100000e+02	2.400000e+02	6.000000e+01	9.000000e+01	7.160890e-07	5.544903e-08	5.544903e-08
2.100000e+02	2.400000e+02	9.000000e+01	1.200000e+02	1.913689e-06	9.144252e-08	9.144252e-08
2.100000e+02	2.400000e+02	1.200000e+02	1.500000e+02	5.147287e-06	1.509312e-07	1.509312e-07
2.100000e+02	2.400000e+02	1.500000e+02	1.800000e+02	1.281637e-05	2.396790e-07	2.396790e-07
2.100000e+02	2.400000e+02	1.800000e+02	2.100000e+02	2.460751e-05	3.335018e-07	3.335018e-07
2.100000e+02	2.400000e+02	2.100000e+02	2.400000e+02	1.526002e-05	2.633409e-07	2.633409e-07
2.100000e+02	2.400000e+02	2.400000e+02	2.700000e+02	0.000000e+00	0.000000e+00	0.000000e+00
2.100000e+02	2.400000e+02	2.700000e+02	3.000000e+02	0.000000e+00	0.000000e+00	0.000000e+00
2.100000e+02	2.400000e+02	3.000000e+02	3.300000e+02	0.000000e+00	0.000000e+00	0.000000e+00
2.100000e+02	2.400000e+02	3.300000e+02	3.600000e+02	0.000000e+00	0.000000e+00	0.000000e+00
2.100000e+02	2.400000e+02	3.600000e+02	3.900000e+02	0.000000e+00	0.000000e+00	0.000000e+00
2.100000e+02	2.400000e+02	3.900000e+02	4.200000e+02	0.000000e+00	0.000000e+00	0.000000e+00
2.100000e+02	2.400000e+02	4.200000e+02	4.500000e+02	0.000000e+00	0.000000e+00	0.000000e+00
2.100000e+02	2.400000e+02	4.500000e+02	4.800000e+02	0.000000e+00	0.000000e+00	0.000000e+00
2.100000e+02	2.400000e+02	4.800000e+02	5.100000e+02	0.000000e+00	0.000000e+00	0.000000e+00
2.100000e+02	2.400000e+02	5.100000e+02	5.400000e+02	0.000000e+00	0.000000e+00	0.000000e+00
2.100000e+02	2.400000e+02	5.400000e+02	5.700000e+02	0.000000e+00	0.000000e+00	0.000000e+00
2.100000e+02	2.400000e+02	5.700000e+02	6.000000e+02	0.000000e+00	0.000000e+00	0.000000e+00
2.100000e+02	2.400000e+02	6.000000e+02	6.300000e+02	0.000000e+00	0.000000e+00	0.000000e+00
2.100000e+02	2.400000e+02	6.300000e+02	6.600000e+02	0.000000e+00	0.000000e+00	0.000000e+00
2.100000e+02	2.400000e+02	6.600000e+02	6.900000e+02	0.000000e+00	0.000000e+00	0.000000e+00
2.100000e+02	2.400000e+02	6.900000e+02	7.200000e+02	0.000000e+00	0.000000e+00	0.000000e+00
2.100000e+02	2.400000e+02	7.200000e+02	7.500000e+02	0.000000e+00	0.000000e+00	0.000000e+00
2.100000e+02	2.400000e+02	7.500000e+02	7.800000e+02	0.000000e+00	0.000000e+00	0.000000e+00
2.100000e+02	2.400000e+02	7.800000e+02	8.100000e+02	0.000000e+00	0.000000e+00	0.000000e+00
2.100000e+02	2.400000e+02	8.100000e+02	8.400000e+02	0.000000e+00	0.000000e+00	0.000000e+00
2.100000e+02	2.400000e+02	8.400000e+02	8.700000e+02	0.000000e+00	0.000000e+00	0.000000e+00
2.100000e+02	2.400000e+02	8.700000e+02	9.000000e+02	0.000000e+00	0.000000e+00	0.000000e+00
2.400000e+02	2.700000e+02	0.000000e+00	3.000000e+01	5.765048e-08	1.557506e-08	1.557506e-08
2.400000e+02	2.700000e+02	3.000000e+01	6.000000e+01	1.379842e-07	2.392688e-08	2.392688e-08
2.400000e+02	2.700000e+02	6.000000e+01	9.000000e+01	3.235234e-07	3.720106e-08	3.720106e-08
2.400000e+02	2.700000e+02	9.000000e+01	1.200000e+02	7.329547e-07	5.640589e-08	5.640589e-08
2.400000e+02	2.700000e+02	1.200000e+02	1.500000e+02	2.058884e-06	9.518804e-08	9.518804e-08
2.400000e+02	2.700000e+02	1.500000e+02	1.800000e+02	4.561284e-06	1.422469e-07	1.422469e-07
2.400000e+02	2.700000e+02	1.800000e+02	2.100000e+02	9.999393e-06	2.117251e-07	2.117251e-07
2.400000e+02	2.700000e+02	2.100000e+02	2.400000e+02	1.885002e-05	2.922766e-07	2.922766e-07
2.400000e+02	2.700000e+02	2.400000e+02	2.700000e+02	1.058161e-05	2.193455e-07	2.193455e-07
2.400000e+02	2.700000e+02	2.700000e+02	3.000000e+02	0.000000e+00	0.000000e+00	0.000000e+00
2.400000e+02	2.700000e+02	3.000000e+02	3.300000e+02	0.000000e+00	0.000000e+00	0.000000e+00
2.400000e+02	2.700000e+02	3.300000e+02	3.600000e+02	0.000000e+00	0.000000e+00	0.000000e+00
2.400000e+02	2.700000e+02	3.600000e+02	3.900000e+02	0.000000e+00	0.000000e+00	0.000000e+00
2.400000e+02	2.700000e+02	3.900000e+02	4.200000e+02	0.000000e+00	0.000000e+00	0.000000e+00
2.400000e+02	2.700000e+02	4.200000e+02	4.500000e+02	0.000000e+00	0.000000e+00	0.000000e+00
2.400000e+02	2.700000e+02	4.500000e+02	4.800000e+02	0.000000e+00	0.000000e+00	0.000000e+00
2.400000e+02	2.700000e+02	4.800000e+02	5.100000e+02	0.000000e+00	0.000000e+00	0.000000e+00
2.400000e+02	2.700000e+02	5.100000e+02	5.400000e+02	0.000000e+00	0.000000e+00	0.000000e+00
2.400000e+02	2.700000e+02	5.400000e+02	5.700000e+02	0.000000e+00	0.000000e+00	0.000000e+00
2.400000e+02	2.700000e+02	5.700000e+02	6.000000e+02	0.000000e+00	0.000000e+00	0.000000e+00
2.400000e+02	2.700000e+02	6.000000e+02	6.300000e+02	0.000000e+00	0.000000e+00	0.000000e+00
2.400000e+02	2.700000e+02	6.300000e+02	6.600000e+02	0.000000e+00	0.000000e+00	0.000000e+00
2.400000e+02	2.700000e+02	6.600000e+02	6.900000e+02	0.000000e+00	0.000000e+00	0.000000e+00
2.400000e+02	2.700000e+02	6.900000e+02	7.200000e+02	0.000000e+00	0.000000e+00	0.000000e+00
2.400000e+02	2.700000e+02	7.200000e+02	7.500000e+02	0.000000e+00	0.000000e+00	0.000000e+00
2.400000e+02	2.700000e+02	7.500000e+02	7.800000e+02	0.000000e+00	0.000000e+00	0.000000e+00
2.400000e+02	2.700000e+02	7.800000e+02	8.100000e+02	0.000000e+00	0.000000e+00	0.000000e+00
2.400000e+02	2.700000e+02	8.100000e+02	8.400000e+02	0.000000e+00	0.000000e+00	0.000000e+00
2.400000e+02	2.700000e+02	8.400000e+02	8.700000e+02	0.000000e+00	0.000000e+00	0.000000e+00
2.400000e+02	2.700000e+02	8.700000e+02	9.000000e+02	0.000000e+00	0.000000e+00	0.000000e+00
2.700000e+02	3.000000e+02	0.000000e+00	3.000000e+01	3.135403e-08	1.149904e-08	1.149904e-08
2.700000e+02	3.000000e+02	3.000000e+01	6.000000e+01	8.771010e-08	1.932631e-08	1.932631e-08
2.700000e+02	3.000000e+02	6.000000e+01	9.000000e+01	1.943127e-07	2.888654e-08	2.888654e-08
2.700000e+02	3.000000e+02	9.000000e+01	1.200000e+02	3.561002e-07	3.920305e-08	3.920305e-08
2.700000e+02	3.000000e+02	1.200000e+02	1.500000e+02	7.973256e-07	5.890868e-08	5.890868e-08
2.700000e+02	3.000000e+02	1.500000e+02	1.800000e+02	1.774911e-06	8.836820e-08	8.836820e-08
2.700000e+02	3.000000e+02	1.800000e+02	2.100000e+02	3.975268e-06	1.328473e-07	1.328473e-07
2.700000e+02	3.000000e+02	2.100000e+02	2.400000e+02	8.002047e-06	1.894496e-07	1.894496e-07
2.700000e+02	3.000000e+02	2.400000e+02	2.700000e+02	1.332896e-05	2.455359e-07	2.455359e-07
2.700000e+02	3.000000e+02	2.700000e+02	3.000000e+02	7.327929e-06	1.823620e-07	1.823620e-07
2.700000e+02	3.000000e+02	3.000000e+02	3.300000e+02	0.000000e+00	0.000000e+00	0.000000e+00
2.700000e+02	3.000000e+02	3.300000e+02	3.600000e+02	0.000000e+00	0.000000e+00	0.000000e+00
2.700000e+02	3.000000e+02	3.600000e+02	3.900000e+02	0.000000e+00	0.000000e+00	0.000000e+00
2.700000e+02	3.000000e+02	3.900000e+02	4.200000e+02	0.000000e+00	0.000000e+00	0.000000e+00
2.700000e+02	3.000000e+02	4.200000e+02	4.500000e+02	0.000000e+00	0.000000e+00	0.000000e+00
2.700000e+02	3.000000e+02	4.500000e+02	4.800000e+02	0.000000e+00	0.000000e+00	0.000000e+00
2.700000e+02	3.000000e+02	4.800000e+02	5.100000e+02	0.000000e+00	0.000000e+00	0.000000e+00
2.700000e+02	3.000000e+02	5.100000e+02	5.400000e+02	0.000000e+00	0.000000e+00	0.000000e+00
2.700000e+02	3.000000e+02	5.400000e+02	5.700000e+02	0.000000e+00	0.000000e+00	0.000000e+00
2.700000e+02	3.000000e+02	5.700000e+02	6.000000e+02	0.000000e+00	0.000000e+00	0.000000e+00
2.700000e+02	3.000000e+02	6.000000e+02	6.300000e+02	0.000000e+00	0.000000e+00	0.000000e+00
2.700000e+02	3.000000e+02	6.300000e+02	6.600000e+02	0.000000e+00	0.000000e+00	0.000000e+00
2.700000e+02	3.000000e+02	6.600000e+02	6.900000e+02	0.000000e+00	0.000000e+00	0.000000e+00
2.700000e+02	3.000000e+02	6.900000e+02	7.200000e+02	0.000000e+00	0.000000e+00	0.000000e+00
2.700000e+02	3.000000e+02	7.200000e+02	7.500000e+02	0.000000e+00	0.000000e+00	0.000000e+00
2.700000e+02	3.000000e+02	7.500000e+02	7.800000e+02	0.000000e+00	0.000000e+00	0.000000e+00
2.700000e+02	3.000000e+02	7.800000e+02	8.100000e+02	0.000000e+00	0.000000e+00	0.000000e+00
2.700000e+02	3.000000e+02	8.100000e+02	8.400000e+02	0.000000e+00	0.000000e+00	0.000000e+00
2.700000e+02	3.000000e+02	8.400000e+02	8.700000e+02	0.000000e+00	0.000000e+00	0.000000e+00
2.700000e+02	3.000000e+02	8.700000e+02	9.000000e+02	0.000000e+00	0.000000e+00	0.000000e+00
3.000000e+02	3.300000e+02	0.000000e+00	3.000000e+01	1.520371e-08	8.119911e-09	8.119911e-09
3.000000e+02	3.300000e+02	3.000000e+01	6.000000e+01	8.282440e-08	1.929510e-08	1.929510e-08
3.000000e+02	3.300000e+02	6.000000e+01	9.000000e+01	1.289230e-07	2.387737e-08	2.387737e-08
3.000000e+02	3.300000e+02	9.000000e+01	1.200000e+02	1.568787e-07	2.608199e-08	2.608199e-08
3.000000e+02	3.300000e+02	1.200000e+02	1.500000e+02	4.414583e-07	4.395604e-08	4.395604e-08
3.000000e+02	3.300000e+02	1.500000e+02	1.800000e+02	7.077792e-07	5.562790e-08	5.562790e-08
3.000000e+02	3.300000e+02	1.800000e+02	2.100000e+02	1.532058e-06	8.254975e-08	8.254975e-08
3.000000e+02	3.300000e+02	2.100000e+02	2.400000e+02	2.962710e-06	1.146941e-07	1.146941e-07
3.000000e+02	3.300000e+02	2.400000e+02	2.700000e+02	5.787963e-06	1.611945e-07	1.611945e-07
3.000000e+02	3.300000e+02	2.700000e+02	3.000000e+02	9.409141e-06	2.063673e-07	2.063673e-07
3.000000e+02	3.300000e+02	3.000000e+02	3.300000e+02	5.022876e-06	1.509587e-07	1.509587e-07
3.000000e+02	3.300000e+02	3.300000e+02	3.600000e+02	0.000000e+00	0.000000e+00	0.000000e+00
3.000000e+02	3.300000e+02	3.600000e+02	3.900000e+02	0.000000e+00	0.000000e+00	0.000000e+00
3.000000e+02	3.300000e+02	3.900000e+02	4.200000e+02	0.000000e+00	0.000000e+00	0.000000e+00
3.000000e+02	3.300000e+02	4.200000e+02	4.500000e+02	0.000000e+00	0.000000e+00	0.000000e+00
3.000000e+02	3.300000e+02	4.500000e+02	4.800000e+02	0.000000e+00	0.000000e+00	0.000000e+00
3.000000e+02	3.300000e+02	4.800000e+02	5.100000e+02	0.000000e+00	0.000000e+00	0.000000e+00
3.000000e+02	3.300000e+02	5.100000e+02	5.400000e+02	0.000000e+00	0.000000e+00	0.000000e+00
3.000000e+02	3.300000e+02	5.400000e+02	5.700000e+02	0.000000e+00	0.000000e+00	0.000000e+00
3.000000e+02	3.300000e+02	5.700000e+02	6.000000e+02	0.000000e+00	0.000000e+00	0.000000e+00
3.000000e+02	3.300000e+02	6.000000e+02	6.300000e+02	0.000000e+00	0.000000e+00	0.000000e+00
3.000000e+02	3.300000e+02	6.300000e+02	6.600000e+02	0.000000e+00	0.000000e+00	0.000000e+00
3.000000e+02	3.300000e+02	6.600000e+02	6.900000e+02	0.000000e+00	0.000000e+00	0.000000e+00
3.000000e+02	3.300000e+02	6.900000e+02	7.200000e+02	0.000000e+00	0.000000e+00	0.000000e+00
3.000000e+02	3.300000e+02	7.200000e+02	7.500000e+02	0.000000e+00	0.000000e+00	0.000000e+00
3.000000e+02	3.300000e+02	7.500000e+02	7.800000e+02	0.000000e+00	0.000000e+00	0.000000e+00
3.000000e+02	3.300000e+02	7.800000e+02	8.100000e+02	0.000000e+00	0.000000e+00	0.000000e+00
3.000000e+02	3.300000e+02	8.100000e+02	8.400000e+02	0.000000e+00	0.000000e+00	0.000000e+00
3.000000e+02	3.300000e+02	8.400000e+02	8.700000e+02	0.000000e+00	0.000000e+00	0.000000e+00
3.000000e+02	3.300000e+02	8.700000e+02	9.000000e+02	0.000000e+00	0.000000e+00	0.000000e+00
3.300000e+02	3.600000e+02	0.000000e+00	3.000000e+01	1.572659e-08	8.140699e-09	8.140699e-09
3.300000e+02	3.600000e+02	3.000000e+01	6.000000e+01	5.721273e-08	1.619550e-08	1.619550e-08
3.300000e+02	3.600000e+02	6.000000e+01	9.000000e+01	7.081840e-08	1.753499e-08	1.753499e-08
3.300000e+02	3.600000e+02	9.000000e+01	1.200000e+02	6.537381e-08	1.628582e-08	1.628582e-08
3.300000e+02	3.600000e+02	1.200000e+02	1.500000e+02	2.203014e-07	3.108129e-08	3.108129e-08
3.300000e+02	3.600000e+02	1.500000e+02	1.800000e+02	3.647660e-07	4.026847e-08	4.026847e-08
3.300000e+02	3.600000e+02	1.800000e+02	2.100000e+02	6.367927e-07	5.298129e-08	5.298129e-08
3.300000e+02	3.600000e+02	2.100000e+02	2.400000e+02	1.210634e-06	7.315336e-08	7.315336e-08
3.300000e+02	3.600000e+02	2.400000e+02	2.700000e+02	2.555228e-06	1.066638e-07	1.066638e-07
3.300000e+02	3.600000e+02	2.700000e+02	3.000000e+02	4.133800e-06	1.360641e-07	1.360641e-07
3.300000e+02	3.600000e+02	3.000000e+02	3.300000e+02	6.409761e-06	1.699209e-07	1.699209e-07
3.300000e+02	3.600000e+02	3.300000e+02	3.600000e+02	3.518212e-06	1.261822e-07	1.261822e-07
3.300000e+02	3.600000e+02	3.600000e+02	3.900000e+02	0.000000e+00	0.000000e+00	0.000000e+00
3.300000e+02	3.600000e+02	3.900000e+02	4.200000e+02	0.000000e+00	0.000000e+00	0.000000e+00
3.300000e+02	3.600000e+02	4.200000e+02	4.500000e+02	0.000000e+00	0.000000e+00	0.000000e+00
3.300000e+02	3.600000e+02	4.500000e+02	4.800000e+02	0.000000e+00	0.000000e+00	0.000000e+00
3.300000e+02	3.600000e+02	4.800000e+02	5.100000e+02	0.000000e+00	0.000000e+00	0.000000e+00
3.300000e+02	3.600000e+02	5.100000e+02	5.400000e+02	0.000000e+00	0.000000e+00	0.000000e+00
3.300000e+02	3.600000e+02	5.400000e+02	5.700000e+02	0.000000e+00	0.000000e+00	0.000000e+00
3.300000e+02	3.600000e+02	5.700000e+02	6.000000e+02	0.000000e+00	0.000000e+00	0.000000e+00
3.300000e+02	3.600000e+02	6.000000e+02	6.300000e+02	0.000000e+00	0.000000e+00	0.000000e+00
3.300000e+02	3.600000e+02	6.300000e+02	6.600000e+02	0.000000e+00	0.000000e+00	0.000000e+00
3.300000e+02	3.600000e+02	6.600000e+02	6.900000e+02	0.000000e+00	0.000000e+00	0.000000e+00
3.300000e+02	3.600000e+02	6.900000e+02	7.200000e+02	0.000000e+00	0.000000e+00	0.000000e+00
3.300000e+02	3.600000e+02	7.200000e+02	7.500000e+02	0.000000e+00	0.000000e+00	0.000000e+00
3.300000e+02	3.600000e+02	7.500000e+02	7.800000e+02	0.000000e+00	0.000000e+00	0.000000e+00
3.300000e+02	3.600000e+02	7.800000e+02	8.100000e+02	0.000000e+00	0.000000e+00	0.000000e+00
3.300000e+02	3.600000e+02	8.100000e+02	8.400000e+02	0.000000e+00	0.000000e+00	0.000000e+00
3.300000e+02	3.600000e+02	8.400000e+02	8.700000e+02	0.000000e+00	0.000000e+00	0.000000e+00
3.300000e+02	3.600000e+02	8.700000e+02	9.000000e+02	0.000000e+00	0.000000e+00	0.000000e+00
3.600000e+02	3.900000e+02	0.000000e+00	3.000000e+01	9.350048e-09	6.610966e-09	6.610966e-09
3.600000e+02	3.900000e+02	3.000000e+01	6.000000e+01	1.976287e-08	9.369021e-09	9.369021e-09
3.600000e+02	3.900000e+02	6.000000e+01	9.000000e+01	3.461388e-08	1.237241e-08	1.237241e-08
3.600000e+02	3.900000e+02	9.000000e+01	1.200000e+02	5.536271e-08	1.554116e-08	1.554116e-08
3.600000e+02	3.900000e+02	1.200000e+02	1.500000e+02	9.074916e-08	1.988122e-08	1.988122e-08
3.600000e+02	3.900000e+02	1.500000e+02	1.800000e+02	1.573596e-07	2.610018e-08	2.610018e-08
3.600000e+02	3.900000e+02	1.800000e+02	2.100000e+02	2.743220e-07	3.473570e-08	3.473570e-08
3.600000e+02	3.900000e+02	2.100000e+02	2.400000e+02	4.988341e-07	4.682841e-08	4.682841e-08
3.600000e+02	3.900000e+02	2.400000e+02	2.700000e+02	9.813740e-07	6.574625e-08	6.574625e-08
3.600000e+02	3.900000e+02	2.700000e+02	3.000000e+02	1.621590e-06	8.456215e-08	8.456215e-08
3.600000e+02	3.900000e+02	3.000000e+02	3.300000e+02	2.890589e-06	1.137880e-07	1.137880e-07
3.600000e+02	3.900000e+02	3.300000e+02	3.600000e+02	4.597203e-06	1.438782e-07	1.438782e-07
3.600000e+02	3.900000e+02	3.600000e+02	3.900000e+02	2.424506e-06	1.045465e-07	1.045465e-07
3.600000e+02	3.900000e+02	3.900000e+02	4.200000e+02	0.000000e+00	0.000000e+00	0.000000e+00
3.600000e+02	3.900000e+02	4.200000e+02	4.500000e+02	0.000000e+00	0.000000e+00	0.000000e+00
3.600000e+02	3.900000e+02	4.500000e+02	4.800000e+02	0.000000e+00	0.000000e+00	0.000000e+00
3.600000e+02	3.900000e+02	4.800000e+02	5.100000e+02	0.000000e+00	0.000000e+00	0.000000e+00
3.600000e+02	3.900000e+02	5.100000e+02	5.400000e+02	0.000000e+00	0.000000e+00	0.000000e+00
3.600000e+02	3.900000e+02	5.400000e+02	5.700000e+02	0.000000e+00	0.000000e+00	0.000000e+00
3.600000e+02	3.900000e+02	5.700000e+02	6.000000e+02	0.000000e+00	0.000000e+00	0.000000e+00
3.600000e+02	3.900000e+02	6.000000e+02	6.300000e+02	0.000000e+00	0.000000e+00	0.000000e+00
3.600000e+02	3.900000e+02	6.300000e+02	6.600000e+02	0.000000e+00	0.000000e+00	0.000000e+00
3.600000e+02	3.900000e+02	6.600000e+02	6.900000e+02	0.000000e+00	0.000000e+00	0.000000e+00
3.600000e+02	3.900000e+02	6.900000e+02	7.200000e+02	0.000000e+00	0.000000e+00	0.000000e+00
3.600000e+02	3.900000e+02	7.200000e+02	7.500000e+02	0.000000e+00	0.000000e+00	0.000000e+00
3.600000e+02	3.900000e+02	7.500000e+02	7.800000e+02	0.000000e+00	0.000000e+00	0.000000e+00
3.600000e+02	3.900000e+02	7.800000e+02	8.100000e+02	0.000000e+00	0.000000e+00	0.000000e+00
3.600000e+02	3.900000e+02	8.100000e+02	8.400000e+02	0.000000e+00	0.000000e+00	0.000000e+00
3.600000e+02	3.900000e+02	8.400000e+02	8.700000e+02	0.000000e+00	0.000000e+00	0.000000e+00
3.600000e+02	3.900000e+02	8.700000e+02	9.000000e+02	0.000000e+00	0.000000e+00	0.000000e+00
3.900000e+02	4.200000e+02	0.000000e+00	3.000000e+01	1.478362e-08	8.118435e-09	8.118435e-09
3.900000e+02	4.200000e+02	3.000000e+01	6.000000e+01	1.029374e-08	6.638287e-09	6.638287e-09
3.900000e+02	4.200000e+02	6.000000e+01	9.000000e+01	2.413660e-08	1.045498e-08	1.045498e-08
3.900000e+02	4.200000e+02	9.000000e+01	1.200000e+02	1.620649e-08	8.123488e-09	8.123488e-09
3.900000e+02	4.200000e+02	1.200000e+02	1.500000e+02	4.136067e-08	1.325393e-08	1.325393e-08
3.900000e+02	4.200000e+02	1.500000e+02	1.800000e+02	3.682426e-08	1.240232e-08	1.240232e-08
3.900000e+02	4.200000e+02	1.800000e+02	2.100000e+02	1.156940e-07	2.246362e-08	2.246362e-08
3.900000e+02	4.200000e+02	2.100000e+02	2.400000e+02	2.285391e-07	3.175127e-08	3.175127e-08
3.900000e+02	4.200000e+02	2.400000e+02	2.700000e+02	3.870021e-07	4.134204e-08	4.134204e-08
3.900000e+02	4.200000e+02	2.700000e+02	3.000000e+02	5.922178e-07	5.088450e-08	5.088450e-08
3.900000e+02	4.200000e+02	3.000000e+02	3.300000e+02	1.147930e-06	7.090228e-08	7.090228e-08
3.900000e+02	4.200000e+02	3.300000e+02	3.600000e+02	2.251990e-06	1.002078e-07	1.002078e-07
3.900000e+02	4.200000e+02	3.600000e+02	3.900000e+02	3.109679e-06	1.180556e-07	1.180556e-07
3.900000e+02	4.200000e+02	3.900000e+02	4.200000e+02	1.526471e-06	8.257026e-08	8.257026e-08
3.900000e+02	4.200000e+02	4.200000e+02	4.500000e+02	0.000000e+00	0.000000e+00	0.000000e+00
3.900000e+02	4.200000e+02	4.500000e+02	4.800000e+02	0.000000e+00	0.000000e+00	0.000000e+00
3.900000e+02	4.200000e+02	4.800000e+02	5.100000e+02	0.000000e+00	0.000000e+00	0.000000e+00
3.900000e+02	4.200000e+02	5.100000e+02	5.400000e+02	0.000000e+00	0.000000e+00	0.000000e+00
3.900000e+02	4.200000e+02	5.400000e+02	5.700000e+02	0.000000e+00	0.000000e+00	0.000000e+00
3.900000e+02	4.200000e+02	5.700000e+02	6.000000e+02	0.000000e+00	0.000000e+00	0.000000e+00
3.900000e+02	4.200000e+02	6.000000e+02	6.300000e+02	0.000000e+00	0.000000e+00	0.000000e+00
3.900000e+02	4.200000e+02	6.300000e+02	6.600000e+02	0.000000e+00	0.000000e+00	0.000000e+00
3.900000e+02	4.200000e+02	6.600000e+02	6.900000e+02	0.000000e+00	0.000000e+00	0.000000e+00
3.900000e+02	4.200000e+02	6.900000e+02	7.200000e+02	0.000000e+00	0.000000e+00	0.000000e+00
3.900000e+02	4.200000e+02	7.200000e+02	7.500000e+02	0.000000e+00	0.000000e+00	0.000000e+00
3.900000e+02	4.200000e+02	7.500000e+02	7.800000e+02	0.000000e+00	0.000000e+00	0.000000e+00
3.900000e+02	4.200000e+02	7.800000e+02	8.100000e+02	0.000000e+00	0.000000e+00	0.000000e+00
3.900000e+02	4.200000e+02	8.100000e+02	8.400000e+02	0.000000e+00	0.000000e+00	0.000000e+00
3.900000e+02	4.200000e+02	8.400000e+02	8.700000e+02	0.000000e+00	0.000000e+00	0.000000e+00
3.900000e+02	4.200000e+02	8.700000e+02	9.000000e+02	0.000000e+00	0.000000e+00	0.000000e+00
4.200000e+02	4.500000e+02	0.000000e+00	3.000000e+01	5.916366e-11	5.843780e-11	5.843780e-11
4.200000e+02	4.500000e+02	3.000000e+01	6.000000e+01	5.084422e-09	4.677214e-09	4.677214e-09
4.200000e+02	4.500000e+02	6.000000e+01	9.000000e+01	1.087078e-08	6.663951e-09	6.663951e-09
4.200000e+02	4.500000e+02	9.000000e+01	1.200000e+02	3.408119e-08	1.238358e-08	1.238358e-08
4.200000e+02	4.500000e+02	1.200000e+02	1.500000e+02	2.028311e-08	9.387041e-09	9.387041e-09
4.200000e+02	4.500000e+02	1.500000e+02	1.800000e+02	5.991674e-08	1.623824e-08	1.623824e-08
4.200000e+02	4.500000e+02	1.800000e+02	2.100000e+02	8.445972e-08	1.931341e-08	1.931341e-08
4.200000e+02	4.500000e+02	2.100000e+02	2.400000e+02	9.009691e-08	1.986483e-08	1.986483e-08
4.200000e+02	4.500000e+02	2.400000e+02	2.700000e+02	1.938280e-07	2.924668e-08	2.924668e-08
4.200000e+02	4.500000e+02	2.700000e+02	3.000000e+02	4.137594e-07	4.268849e-08	4.268849e-08
4.200000e+02	4.500000e+02	3.000000e+02	3.300000e+02	4.808448e-07	4.588932e-08	4.588932e-08
4.200000e+02	4.500000e+02	3.300000e+02	3.600000e+02	9.693110e-07	6.570815e-08	6.570815e-08
4.200000e+02	4.500000e+02	3.600000e+02	3.900000e+02	1.483753e-06	8.099047e-08	8.099047e-08
4.200000e+02	4.500000e+02	3.900000e+02	4.200000e+02	2.049832e-06	9.551033e-08	9.551033e-08
4.200000e+02	4.500000e+02	4.200000e+02	4.500000e+02	1.121352e-06	7.084591e-08	7.084591e-08
4.200000e+02	4.500000e+02	4.500000e+02	4.800000e+02	0.000000e+00	0.000000e+00	0.000000e+00
4.200000e+02	4.500000e+02	4.800000e+02	5.100000e+02	0.000000e+00	0.000000e+00	0.000000e+00
4.200000e+02	4.500000e+02	5.100000e+02	5.400000e+02	0.000000e+00	0.000000e+00	0.000000e+00
4.200000e+02	4.500000e+02	5.400000e+02	5.700000e+02	0.000000e+00	0.000000e+00	0.000000e+00
4.200000e+02	4.500000e+02	5.700000e+02	6.000000e+02	0.000000e+00	0.000000e+00	0.000000e+00
4.200000e+02	4.500000e+02	6.000000e+02	6.300000e+02	0.000000e+00	0.000000e+00	0.000000e+00
4.200000e+02	4.500000e+02	6.300000e+02	6.600000e+02	0.000000e+00	0.000000e+00	0.000000e+00
4.200000e+02	4.500000e+02	6.600000e+02	6.900000e+02	0.000000e+00	0.000000e+00	0.000000e+00
4.200000e+02	4.500000e+02	6.900000e+02	7.200000e+02	0.000000e+00	0.000000e+00	0.000000e+00
4.200000e+02	4.500000e+02	7.200000e+02	7.500000e+02	0.000000e+00	0.000000e+00	0.000000e+00
4.200000e+02	4.500000e+02	7.500000e+02	7.800000e+02	0.000000e+00	0.000000e+00	0.000000e+00
4.200000e+02	4.500000e+02	7.800000e+02	8.100000e+02	0.000000e+00	0.000000e+00	0.000000e+00
4.200000e+02	4.500000e+02	8.100000e+02	8.400000e+02	0.000000e+00	0.000000e+00	0.000000e+00
4.200000e+02	4.500000e+02	8.400000e+02	8.700000e+02	0.000000e+00	0.000000e+00	0.000000e+00
4.200000e+02	4.500000e+02	8.700000e+02	9.000000e+02	0.000000e+00	0.000000e+00	0.000000e+00
4.500000e+02	4.800000e+02	0.000000e+00	3.000000e+01	4.733092e-09	4.675024e-09	4.675024e-09
4.500000e+02	4.800000e+02	3.000000e+01	6.000000e+01	1.826039e-10	1.014726e-10	1.014726e-10
4.500000e+02	4.800000e+02	6.000000e+01	9.000000e+01	5.280903e-10	1.753043e-10	1.753043e-10
4.500000e+02	4.800000e+02	9.000000e+01	1.200000e+02	9.709431e-09	6.612519e-09	6.612519e-09
4.500000e+02	4.800000e+02	1.200000e+02	1.500000e+02	2.861642e-08	1.145188e-08	1.145188e-08
4.500000e+02	4.800000e+02	1.500000e+02	1.800000e+02	3.104346e-08	1.151165e-08	1.151165e-08
4.500000e+02	4.800000e+02	1.800000e+02	2.100000e+02	2.964276e-08	1.146796e-08	1.146796e-08
4.500000e+02	4.800000e+02	2.100000e+02	2.400000e+02	4.639238e-08	1.407666e-08	1.407666e-08
4.500000e+02	4.800000e+02	2.400000e+02	2.700000e+02	8.302259e-08	1.877696e-08	1.877696e-08
4.500000e+02	4.800000e+02	2.700000e+02	3.000000e+02	1.207806e-07	2.251806e-08	2.251806e-08
4.500000e+02	4.800000e+02	3.000000e+02	3.300000e+02	2.569516e-07	3.346409e-08	3.346409e-08
4.500000e+02	4.800000e+02	3.300000e+02	3.600000e+02	4.461593e-07	4.420395e-08	4.420395e-08
4.500000e+02	4.800000e+02	3.600000e+02	3.900000e+02	7.137012e-07	5.602584e-08	5.602584e-08
4.500000e+02	4.800000e+02	3.900000e+02	4.200000e+02	1.043952e-06	6.802507e-08	6.802507e-08
4.500000e+02	4.800000e+02	4.200000e+02	4.500000e+02	1.540624e-06	8.259749e-08	8.259749e-08
4.500000e+02	4.800000e+02	4.500000e+02	4.800000e+02	7.490619e-07	5.755581e-08	5.755581e-08
4.500000e+02	4.800000e+02	4.800000e+02	5.100000e+02	0.000000e+00	0.000000e+00	0.000000e+00
4.500000e+02	4.800000e+02	5.100000e+02	5.400000e+02	0.000000e+00	0.000000e+00	0.000000e+00
4.500000e+02	4.800000e+02	5.400000e+02	5.700000e+02	0.000000e+00	0.000000e+00	0.000000e+00
4.500000e+02	4.800000e+02	5.700000e+02	6.000000e+02	0.000000e+00	0.000000e+00	0.000000e+00
4.500000e+02	4.800000e+02	6.000000e+02	6.300000e+02	0.000000e+00	0.000000e+00	0.000000e+00
4.500000e+02	4.800000e+02	6.300000e+02	6.600000e+02	0.000000e+00	0.000000e+00	0.000000e+00
4.500000e+02	4.800000e+02	6.600000e+02	6.900000e+02	0.000000e+00	0.000000e+00	0.000000e+00
4.500000e+02	4.800000e+02	6.900000e+02	7.200000e+02	0.000000e+00	0.000000e+00	0.000000e+00
4.500000e+02	4.800000e+02	7.200000e+02	7.500000e+02	0.000000e+00	0.000000e+00	0.000000e+00
4.500000e+02	4.800000e+02	7.500000e+02	7.800000e+02	0.000000e+00	0.000000e+00	0.000000e+00
4.500000e+02	4.800000e+02	7.800000e+02	8.100000e+02	0.000000e+00	0.000000e+00	0.000000e+00
4.500000e+02	4.800000e+02	8.100000e+02	8.400000e+02	0.000000e+00	0.000000e+00	0.000000e+00
4.500000e+02	4.800000e+02	8.400000e+02	8.700000e+02	0.000000e+00	0.000000e+00	0.000000e+00
4.500000e+02	4.800000e+02	8.700000e+02	9.000000e+02	0.000000e+00	0.000000e+00	0.000000e+00
4.800000e+02	5.100000e+02	0.000000e+00	3.000000e+01	1.175969e-10	8.264030e-11	8.264030e-11
4.800000e+02	5.100000e+02	3.000000e+01	6.000000e+01	0.000000e+00	0.000000e+00	0.000000e+00
4.800000e+02	5.100000e+02	6.000000e+01	9.000000e+01	1.767606e-10	1.012146e-10	1.012146e-10
4.800000e+02	5.100000e+02	9.000000e+01	1.200000e+02	4.971208e-09	4.676484e-09	4.676484e-09
4.800000e+02	5.100000e+02	1.200000e+02	1.500000e+02	1.022655e-08	6.638026e-09	6.638026e-09
4.800000e+02	5.100000e+02	1.500000e+02	1.800000e+02	1.461347e-08	8.098855e-09	8.098855e-09
4.800000e+02	5.100000e+02	1.800000e+02	2.100000e+02	2.543547e-08	1.048792e-08	1.048792e-08
4.800000e+02	5.100000e+02	2.100000e+02	2.400000e+02	1.834292e-09	6.428532e-10	6.428532e-10
4.800000e+02	5.100000e+02	2.400000e+02	2.700000e+02	5.431019e-08	1.552919e-08	1.552919e-08
4.800000e+02	5.100000e+02	2.700000e+02	3.000000e+02	7.563558e-08	1.815601e-08	1.815601e-08
4.800000e+02	5.100000e+02	3.000000e+02	3.300000e+02	1.099863e-07	2.152376e-08	2.152376e-08
4.800000e+02	5.100000e+02	3.300000e+02	3.600000e+02	1.661616e-07	2.690094e-08	2.690094e-08
4.800000e+02	5.100000e+02	3.600000e+02	3.900000e+02	2.527547e-07	3.282788e-08	3.282788e-08
4.800000e+02	5.100000e+02	3.900000e+02	4.200000e+02	5.035377e-07	4.687067e-08	4.687067e-08
4.800000e+02	5.100000e+02	4.200000e+02	4.500000e+02	7.519697e-07	5.754654e-08	5.754654e-08
4.800000e+02	5.100000e+02	4.500000e+02	4.800000e+02	1.124244e-06	7.056139e-08	7.056139e-08
4.800000e+02	5.100000e+02	4.800000e+02	5.100000e+02	4.963388e-07	4.683345e-08	4.683345e-08
4.800000e+02	5.100000e+02	5.100000e+02	5.400000e+02	0.000000e+00	0.000000e+00	0.000000e+00
4.800000e+02	5.100000e+02	5.400000e+02	5.700000e+02	0.000000e+00	0.000000e+00	0.000000e+00
4.800000e+02	5.100000e+02	5.700000e+02	6.000000e+02	0.000000e+00	0.000000e+00	0.000000e+00
4.800000e+02	5.100000e+02	6.000000e+02	6.300000e+02	0.000000e+00	0.000000e+00	0.000000e+00
4.800000e+02	5.100000e+02	6.300000e+02	6.600000e+02	0.000000e+00	0.000000e+00	0.000000e+00
4.800000e+02	5.100000e+02	6.600000e+02	6.900000e+02	0.000000e+00	0.000000e+00	0.000000e+00
4.800000e+02	5.100000e+02	6.900000e+02	7.200000e+02	0.000000e+00	0.000000e+00	0.000000e+00
4.800000e+02	5.100000e+02	7.200000e+02	7.500000e+02	0.000000e+00	0.000000e+00	0.000000e+00
4.800000e+02	5.100000e+02	7.500000e+02	7.800000e+02	0.000000e+00	0.000000e+00	0.000000e+00
4.800000e+02	5.100000e+02	7.800000e+02	8.100000e+02	0.000000e+00	0.000000e+00	0.000000e+00
4.800000e+02	5.100000e+02	8.100000e+02	8.400000e+02	0.000000e+00	0.000000e+00	0.000000e+00
4.800000e+02	5.100000e+02	8.400000e+02	8.700000e+02	0.000000e+00	0.000000e+00	0.000000e+00
4.800000e+02	5.100000e+02	8.700000e+02	9.000000e+02	0.000000e+00	0.000000e+00	0.000000e+00
5.100000e+02	5.400000e+02	0.000000e+00	3.000000e+01	6.427656e-10	5.872468e-10	5.872468e-10
5.100000e+02	5.400000e+02	3.000000e+01	6.000000e+01	9.524618e-09	6.611740e-09	6.611740e-09
5.100000e+02	5.400000e+02	6.000000e+01	9.000000e+01	1.168664e-10	8.263708e-11	8.263708e-11
5.100000e+02	5.400000e+02	9.000000e+01	1.200000e+02	1.432344e-08	8.097804e-09	8.097804e-09
5.100000e+02	5.400000e+02	1.200000e+02	1.500000e+02	5.435122e-09	4.712125e-09	4.712125e-09
5.100000e+02	5.400000e+02	1.500000e+02	1.800000e+02	3.535393e-10	1.431391e-10	1.431391e-10
5.100000e+02	5.400000e+02	1.800000e+02	2.100000e+02	5.031101e-09	4.676850e-09	4.676850e-09
5.100000e+02	5.400000e+02	2.100000e+02	2.400000e+02	2.912104e-08	1.146662e-08	1.146662e-08
5.100000e+02	5.400000e+02	2.400000e+02	2.700000e+02	2.889100e-08	1.145262e-08	1.145262e-08
5.100000e+02	5.400000e+02	2.700000e+02	3.000000e+02	1.988200e-08	9.352907e-09	9.352907e-09
5.100000e+02	5.400000e+02	3.000000e+02	3.300000e+02	2.694143e-08	1.049199e-08	1.049199e-08
5.100000e+02	5.400000e+02	3.300000e+02	3.600000e+02	7.496010e-08	1.812948e-08	1.812948e-08
5.100000e+02	5.400000e+02	3.600000e+02	3.900000e+02	1.362082e-07	2.394400e-08	2.394400e-08
5.100000e+02	5.400000e+02	3.900000e+02	4.200000e+02	2.516267e-07	3.313544e-08	3.313544e-08
5.100000e+02	5.400000e+02	4.200000e+02	4.500000e+02	3.655502e-07	3.977584e-08	3.977584e-08
5.100000e+02	5.400000e+02	4.500000e+02	4.800000e+02	5.857192e-07	5.067735e-08	5.067735e-08
5.100000e+02	5.400000e+02	4.800000e+02	5.100000e+02	7.277561e-07	5.625811e-08	5.625811e-08
5.100000e+02	5.400000e+02	5.100000e+02	5.400000e+02	3.279474e-07	3.778823e-08	3.778823e-08
5.100000e+02	5.400000e+02	5.400000e+02	5.700000e+02	0.000000e+00	0.000000e+00	0.000000e+00
5.100000e+02	5.400000e+02	5.700000e+02	6.000000e+02	0.000000e+00	0.000000e+00	0.000000e+00
5.100000e+02	5.400000e+02	6.000000e+02	6.300000e+02	0.000000e+00	0.000000e+00	0.000000e+00
5.100000e+02	5.400000e+02	6.300000e+02	6.600000e+02	0.000000e+00	0.000000e+00	0.000000e+00
5.100000e+02	5.400000e+02	6.600000e+02	6.900000e+02	0.000000e+00	0.000000e+00	0.000000e+00
5.100000e+02	5.400000e+02	6.900000e+02	7.200000e+02	0.000000e+00	0.000000e+00	0.000000e+00
5.100000e+02	5.400000e+02	7.200000e+02	7.500000e+02	0.000000e+00	0.000000e+00	0.000000e+00
5.100000e+02	5.400000e+02	7.500000e+02	7.800000e+02	0.000000e+00	0.000000e+00	0.000000e+00
5.100000e+02	5.400000e+02	7.800000e+02	8.100000e+02	0.000000e+00	0.000000e+00	0.000000e+00
5.100000e+02	5.400000e+02	8.100000e+02	8.400000e+02	0.000000e+00	0.000000e+00	0.000000e+00
5.100000e+02	5.400000e+02	8.400000e+02	8.700000e+02	0.000000e+00	0.000000e+00	0.000000e+00
5.100000e+02	5.400000e+02	8.700000e+02	9.000000e+02	0.000000e+00	0.000000e+00	0.000000e+00
5.400000e+02	5.700000e+02	0.000000e+00	3.000000e+01	4.674659e-09	4.674659e-09	4.674659e-09
5.400000e+02	5.700000e+02	3.000000e+01	6.000000e+01	0.000000e+00	0.000000e+00	0.000000e+00
5.400000e+02	5.700000e+02	6.000000e+01	9.000000e+01	9.130193e-15	9.130193e-15	9.130193e-15
5.400000e+02	5.700000e+02	9.000000e+01	1.200000e+02	1.168664e-10	8.263708e-11	8.263708e-11
5.400000e+02	5.700000e+02	1.200000e+02	1.500000e+02	9.992823e-09	6.636997e-09	6.636997e-09
5.400000e+02	5.700000e+02	1.500000e+02	1.800000e+02	4.793004e-09	4.675389e-09	4.675389e-09
5.400000e+02	5.700000e+02	1.800000e+02	2.100000e+02	4.735283e-09	4.675024e-09	4.675024e-09
5.400000e+02	5.700000e+02	2.100000e+02	2.400000e+02	1.029304e-08	6.638287e-09	6.638287e-09
5.400000e+02	5.700000e+02	2.400000e+02	2.700000e+02	1.041137e-08	6.638802e-09	6.638802e-09
5.400000e+02	5.700000e+02	2.700000e+02	3.000000e+02	5.731707e-09	4.713937e-09	4.713937e-09
5.400000e+02	5.700000e+02	3.000000e+02	3.300000e+02	2.164976e-08	9.407672e-09	9.407672e-09
5.400000e+02	5.700000e+02	3.300000e+02	3.600000e+02	4.064441e-08	1.326383e-08	1.326383e-08
5.400000e+02	5.700000e+02	3.600000e+02	3.900000e+02	8.553364e-08	1.932300e-08	1.932300e-08
5.400000e+02	5.700000e+02	3.900000e+02	4.200000e+02	1.177887e-07	2.248683e-08	2.248683e-08
5.400000e+02	5.700000e+02	4.200000e+02	4.500000e+02	1.868987e-07	2.851372e-08	2.851372e-08
5.400000e+02	5.700000e+02	4.500000e+02	4.800000e+02	2.008538e-07	2.894095e-08	2.894095e-08
5.400000e+02	5.700000e+02	4.800000e+02	5.100000e+02	3.887990e-07	4.111880e-08	4.111880e-08
5.400000e+02	5.700000e+02	5.100000e+02	5.400000e+02	4.752350e-07	4.521564e-08	4.521564e-08
5.400000e+02	5.700000e+02	5.400000e+02	5.700000e+02	2.377442e-07	3.212640e-08	3.212640e-08
5.400000e+02	5.700000e+02	5.700000e+02	6.000000e+02	0.000000e+00	0.000000e+00	0.000000e+00
5.400000e+02	5.700000e+02	6.000000e+02	6.300000e+02	0.000000e+00	0.000000e+00	0.000000e+00
5.400000e+02	5.700000e+02	6.300000e+02	6.600000e+02	0.000000e+00	0.000000e+00	0.000000e+00
5.400000e+02	5.700000e+02	6.600000e+02	6.900000e+02	0.000000e+00	0.000000e+00	0.000000e+00
5.400000e+02	5.700000e+02	6.900000e+02	7.200000e+02	0.000000e+00	0.000000e+00	0.000000e+00
5.400000e+02	5.700000e+02	7.200000e+02	7.500000e+02	0.000000e+00	0.000000e+00	0.000000e+00
5.400000e+02	5.700000e+02	7.500000e+02	7.800000e+02	0.000000e+00	0.000000e+00	0.000000e+00
5.400000e+02	5.700000e+02	7.800000e+02	8.100000e+02	0.000000e+00	0.000000e+00	0.000000e+00
5.400000e+02	5.700000e+02	8.100000e+02	8.400000e+02	0.000000e+00	0.000000e+00	0.000000e+00
5.400000e+02	5.700000e+02	8.400000e+02	8.700000e+02	0.000000e+00	0.000000e+00	0.000000e+00
5.400000e+02	5.700000e+02	8.700000e+02	9.000000e+02	0.000000e+00	0.000000e+00	0.000000e+00
5.700000e+02	6.000000e+02	0.000000e+00	3.000000e+01	0.000000e+00	0.000000e+00	0.000000e+00
5.700000e+02	6.000000e+02	3.000000e+01	6.000000e+01	0.000000e+00	0.000000e+00	0.000000e+00
5.700000e+02	6.000000e+02	6.000000e+01	9.000000e+01	7.304154e-12	7.304154e-12	7.304154e-12
5.700000e+02	6.000000e+02	9.000000e+01	1.200000e+02	4.674668e-09	4.674659e-09	4.674659e-09
5.700000e+02	6.000000e+02	1.200000e+02	1.500000e+02	1.767606e-10	1.012146e-10	1.012146e-10
5.700000e+02	6.000000e+02	1.500000e+02	1.800000e+02	4.733183e-09	4.675024e-09	4.675024e-09
5.700000e+02	6.000000e+02	1.800000e+02	2.100000e+02	2.425162e-10	1.170990e-10	1.170990e-10
5.700000e+02	6.000000e+02	2.100000e+02	2.400000e+02	1.176060e-10	8.264030e-11	8.264030e-11
5.700000e+02	6.000000e+02	2.400000e+02	2.700000e+02	7.099729e-10	5.901929e-10	5.901929e-10
5.700000e+02	6.000000e+02	2.700000e+02	3.000000e+02	9.702300e-09	6.612515e-09	6.612515e-09
5.700000e+02	6.000000e+02	3.000000e+02	3.300000e+02	1.940736e-08	9.351509e-09	9.351509e-09
5.700000e+02	6.000000e+02	3.300000e+02	3.600000e+02	6.552950e-09	4.751325e-09	4.751325e-09
5.700000e+02	6.000000e+02	3.600000e+02	3.900000e+02	5.885770e-09	4.681976e-09	4.681976e-09
5.700000e+02	6.000000e+02	3.900000e+02	4.200000e+02	4.124993e-08	1.327670e-08	1.327670e-08
5.700000e+02	6.000000e+02	4.200000e+02	4.500000e+02	5.303654e-08	1.484661e-08	1.484661e-08
5.700000e+02	6.000000e+02	4.500000e+02	4.800000e+02	9.589541e-08	1.991942e-08	1.991942e-08
5.700000e+02	6.000000e+02	4.800000e+02	5.100000e+02	2.181173e-07	3.071996e-08	3.071996e-08
5.700000e+02	6.000000e+02	5.100000e+02	5.400000e+02	2.066723e-07	2.930665e-08	2.930665e-08
5.700000e+02	6.000000e+02	5.400000e+02	5.700000e+02	3.844373e-07	4.061022e-08	4.061022e-08
5.700000e+02	6.000000e+02	5.700000e+02	6.000000e+02	1.336241e-07	2.347927e-08	2.347927e-08
5.700000e+02	6.000000e+02	6.000000e+02	6.300000e+02	0.000000e+00	0.000000e+00	0.000000e+00
5.700000e+02	6.000000e+02	6.300000e+02	6.600000e+02	0.000000e+00	0.000000e+00	0.000000e+00
5.700000e+02	6.000000e+02	6.600000e+02	6.900000e+02	0.000000e+00	0.000000e+00	0.000000e+00
5.700000e+02	6.000000e+02	6.900000e+02	7.200000e+02	0.000000e+00	0.000000e+00	0.000000e+00
5.700000e+02	6.000000e+02	7.200000e+02	7.500000e+02	0.000000e+00	0.000000e+00	0.000000e+00
5.700000e+02	6.000000e+02	7.500000e+02	7.800000e+02	0.000000e+00	0.000000e+00	0.000000e+00
5.700000e+02	6.000000e+02	7.800000e+02	8.100000e+02	0.000000e+00	0.000000e+00	0.000000e+00
5.700000e+02	6.000000e+02	8.100000e+02	8.400000e+02	0.000000e+00	0.000000e+00	0.000000e+00
5.700000e+02	6.000000e+02	8.400000e+02	8.700000e+02	0.000000e+00	0.000000e+00	0.000000e+00
5.700000e+02	6.000000e+02	8.700000e+02	9.000000e+02	0.000000e+00	0.000000e+00	0.000000e+00
6.000000e+02	6.300000e+02	0.000000e+00	3.000000e+01	0.000000e+00	0.000000e+00	0.000000e+00
6.000000e+02	6.300000e+02	3.000000e+01	6.000000e+01	5.843323e-11	5.843324e-11	5.843324e-11
6.000000e+02	6.300000e+02	6.000000e+01	9.000000e+01	4.674659e-09	4.674659e-09	4.674659e-09
6.000000e+02	6.300000e+02	9.000000e+01	1.200000e+02	0.000000e+00	0.000000e+00	0.000000e+00
6.000000e+02	6.300000e+02	1.200000e+02	1.500000e+02	9.130193e-15	9.130193e-15	9.130193e-15
6.000000e+02	6.300000e+02	1.500000e+02	1.800000e+02	8.034570e-12	7.340584e-12	7.340584e-12
6.000000e+02	6.300000e+02	1.800000e+02	2.100000e+02	9.130193e-15	9.130193e-15	9.130193e-15
6.000000e+02	6.300000e+02	2.100000e+02	2.400000e+02	1.168664e-10	8.263708e-11	8.263708e-11
6.000000e+02	6.300000e+02	2.400000e+02	2.700000e+02	4.792987e-09	4.675389e-09	4.675389e-09
6.000000e+02	6.300000e+02	2.700000e+02	3.000000e+02	7.619329e-10	5.930339e-10	5.930339e-10
6.000000e+02	6.300000e+02	3.000000e+02	3.300000e+02	4.978530e-09	4.676491e-09	4.676491e-09
6.000000e+02	6.300000e+02	3.300000e+02	3.600000e+02	1.245377e-09	6.171924e-10	6.171924e-10
6.000000e+02	6.300000e+02	3.600000e+02	3.900000e+02	9.987792e-09	6.613710e-09	6.613710e-09
6.000000e+02	6.300000e+02	3.900000e+02	4.200000e+02	1.675326e-08	8.163115e-09	8.163115e-09
6.000000e+02	6.300000e+02	4.200000e+02	4.500000e+02	1.088573e-08	6.617445e-09	6.617445e-09
6.000000e+02	6.300000e+02	4.500000e+02	4.800000e+02	6.010299e-08	1.621943e-08	1.621943e-08
6.000000e+02	6.300000e+02	4.800000e+02	5.100000e+02	5.059326e-08	1.411786e-08	1.411786e-08
6.000000e+02	6.300000e+02	5.100000e+02	5.400000e+02	1.369799e-07	2.393844e-08	2.393844e-08
6.000000e+02	6.300000e+02	5.400000e+02	5.700000e+02	1.658814e-07	2.651962e-08	2.651962e-08
6.000000e+02	6.300000e+02	5.700000e+02	6.000000e+02	2.213276e-07	3.074294e-08	3.074294e-08
6.000000e+02	6.300000e+02	6.000000e+02	6.300000e+02	8.071978e-08	1.818102e-08	1.818102e-08
6.000000e+02	6.300000e+02	6.300000e+02	6.600000e+02	0.000000e+00	0.000000e+00	0.000000e+00
6.000000e+02	6.300000e+02	6.600000e+02	6.900000e+02	0.000000e+00	0.000000e+00	0.000000e+00
6.000000e+02	6.300000e+02	6.900000e+02	7.200000e+02	0.000000e+00	0.000000e+00	0.000000e+00
6.000000e+02	6.300000e+02	7.200000e+02	7.500000e+02	0.000000e+00	0.000000e+00	0.000000e+00
6.000000e+02	6.300000e+02	7.500000e+02	7.800000e+02	0.000000e+00	0.000000e+00	0.000000e+00
6.000000e+02	6.300000e+02	7.800000e+02	8.100000e+02	0.000000e+00	0.000000e+00	0.000000e+00
6.000000e+02	6.300000e+02	8.100000e+02	8.400000e+02	0.000000e+00	0.000000e+00	0.000000e+00
6.000000e+02	6.300000e+02	8.400000e+02	8.700000e+02	0.000000e+00	0.000000e+00	0.000000e+00
6.000000e+02	6.300000e+02	8.700000e+02	9.000000e+02	0.000000e+00	0.000000e+00	0.000000e+00
6.300000e+02	6.600000e+02	0.000000e+00	3.000000e+01	0.000000e+00	0.000000e+00	0.000000e+00
6.300000e+02	6.600000e+02	3.000000e+01	6.000000e+01	0.000000e+00	0.000000e+00	0.000000e+00
6.300000e+02	6.600000e+02	6.000000e+01	9.000000e+01	4.674659e-09	4.674659e-09	4.674659e-09
6.300000e+02	6.600000e+02	9.000000e+01	1.200000e+02	0.000000e+00	0.000000e+00	0.000000e+00
6.300000e+02	6.600000e+02	1.200000e+02	1.500000e+02	5.843323e-11	5.843324e-11	5.843324e-11
6.300000e+02	6.600000e+02	1.500000e+02	1.800000e+02	7.304154e-13	7.304154e-13	7.304154e-13
6.300000e+02	6.600000e+02	1.800000e+02	2.100000e+02	1.249010e-10	8.296246e-11	8.296246e-11
6.300000e+02	6.600000e+02	2.100000e+02	2.400000e+02	1.169578e-10	8.263712e-11	8.263712e-11
6.300000e+02	6.600000e+02	2.400000e+02	2.700000e+02	5.916366e-11	5.843780e-11	5.843780e-11
6.300000e+02	6.600000e+02	2.700000e+02	3.000000e+02	9.350779e-09	6.610966e-09	6.610966e-09
6.300000e+02	6.600000e+02	3.000000e+02	3.300000e+02	4.741218e-09	4.675030e-09	4.675030e-09
6.300000e+02	6.600000e+02	3.300000e+02	3.600000e+02	8.947863e-10	6.003663e-10	6.003663e-10
6.300000e+02	6.600000e+02	3.600000e+02	3.900000e+02	8.319718e-10	5.959532e-10	5.959532e-10
6.300000e+02	6.600000e+02	3.900000e+02	4.200000e+02	1.047796e-08	6.639060e-09	6.639060e-09
6.300000e+02	6.600000e+02	4.200000e+02	4.500000e+02	1.528614e-08	8.120128e-09	8.120128e-09
6.300000e+02	6.600000e+02	4.500000e+02	4.800000e+02	1.763686e-08	8.184970e-09	8.184970e-09
6.300000e+02	6.600000e+02	4.800000e+02	5.100000e+02	2.783736e-08	1.050901e-08	1.050901e-08
6.300000e+02	6.600000e+02	5.100000e+02	5.400000e+02	5.699127e-08	1.554404e-08	1.554404e-08
6.300000e+02	6.600000e+02	5.400000e+02	5.700000e+02	7.517549e-08	1.756815e-08	1.756815e-08
6.300000e+02	6.600000e+02	5.700000e+02	6.000000e+02	1.114211e-07	2.150414e-08	2.150414e-08
6.300000e+02	6.600000e+02	6.000000e+02	6.300000e+02	1.795418e-07	2.772772e-08	2.772772e-08
6.300000e+02	6.600000e+02	6.300000e+02	6.600000e+02	7.293374e-08	1.754717e-08	1.754717e-08
6.300000e+02	6.600000e+02	6.600000e+02	6.900000e+02	0.000000e+00	0.000000e+00	0.000000e+00
6.300000e+02	6.600000e+02	6.900000e+02	7.200000e+02	0.000000e+00	0.000000e+00	0.000000e+00
6.300000e+02	6.600000e+02	7.200000e+02	7.500000e+02	0.000000e+00	0.000000e+00	0.000000e+00
6.300000e+02	6.600000e+02	7.500000e+02	7.800000e+02	0.000000e+00	0.000000e+00	0.000000e+00
6.300000e+02	6.600000e+02	7.800000e+02	8.100000e+02	0.000000e+00	0.000000e+00	0.000000e+00
6.300000e+02	6.600000e+02	8.100000e+02	8.400000e+02	0.000000e+00	0.000000e+00	0.000000e+00
6.300000e+02	6.600000e+02	8.400000e+02	8.700000e+02	0.000000e+00	0.000000e+00	0.000000e+00
6.300000e+02	6.600000e+02	8.700000e+02	9.000000e+02	0.000000e+00	0.000000e+00	0.000000e+00
6.600000e+02	6.900000e+02	0.000000e+00	3.000000e+01	0.000000e+00	0.000000e+00	0.000000e+00
6.600000e+02	6.900000e+02	3.000000e+01	6.000000e+01	7.304154e-13	7.304154e-13	7.304154e-13
6.600000e+02	6.900000e+02	6.000000e+01	9.000000e+01	0.000000e+00	0.000000e+00	0.000000e+00
6.600000e+02	6.900000e+02	9.000000e+01	1.200000e+02	5.843323e-11	5.843324e-11	5.843324e-11
6.600000e+02	6.900000e+02	1.200000e+02	1.500000e+02	0.000000e+00	0.000000e+00	0.000000e+00
6.600000e+02	6.900000e+02	1.500000e+02	1.800000e+02	4.733092e-09	4.675024e-09	4.675024e-09
6.600000e+02	6.900000e+02	1.800000e+02	2.100000e+02	7.304154e-13	7.304154e-13	7.304154e-13
6.600000e+02	6.900000e+02	2.100000e+02	2.400000e+02	0.000000e+00	0.000000e+00	0.000000e+00
6.600000e+02	6.900000e+02	2.400000e+02	2.700000e+02	0.000000e+00	0.000000e+00	0.000000e+00
6.600000e+02	6.900000e+02	2.700000e+02	3.000000e+02	5.916366e-11	5.843780e-11	5.843780e-11
6.600000e+02	6.900000e+02	3.000000e+02	3.300000e+02	4.734562e-09	4.675024e-09	4.675024e-09
6.600000e+02	6.900000e+02	3.300000e+02	3.600000e+02	2.227767e-12	1.265248e-12	1.265248e-12
6.600000e+02	6.900000e+02	3.600000e+02	3.900000e+02	7.085943e-11	5.891968e-11	5.891968e-11
6.600000e+02	6.900000e+02	3.900000e+02	4.200000e+02	1.959613e-10	1.017575e-10	1.017575e-10
6.600000e+02	6.900000e+02	4.200000e+02	4.500000e+02	1.082781e-08	6.663699e-09	6.663699e-09
6.600000e+02	6.900000e+02	4.500000e+02	4.800000e+02	1.568507e-08	8.140493e-09	8.140493e-09
6.600000e+02	6.900000e+02	4.800000e+02	5.100000e+02	2.204556e-08	9.424996e-09	9.424996e-09
6.600000e+02	6.900000e+02	5.100000e+02	5.400000e+02	1.375908e-08	6.699245e-09	6.699245e-09
6.600000e+02	6.900000e+02	5.400000e+02	5.700000e+02	3.458681e-08	1.154706e-08	1.154706e-08
6.600000e+02	6.900000e+02	5.700000e+02	6.000000e+02	7.839603e-08	1.816893e-08	1.816893e-08
6.600000e+02	6.900000e+02	6.000000e+02	6.300000e+02	6.188778e-08	1.559273e-08	1.559273e-08
6.600000e+02	6.900000e+02	6.300000e+02	6.600000e+02	1.204177e-07	2.205400e-08	2.205400e-08
6.600000e+02	6.900000e+02	6.600000e+02	6.900000e+02	5.539562e-08	1.488227e-08	1.488227e-08
6.600000e+02	6.900000e+02	6.900000e+02	7.200000e+02	0.000000e+00	0.000000e+00	0.000000e+00
6.600000e+02	6.900000e+02	7.200000e+02	7.500000e+02	0.000000e+00	0.000000e+00	0.000000e+00
6.600000e+02	6.900000e+02	7.500000e+02	7.800000e+02	0.000000e+00	0.000000e+00	0.000000e+00
6.600000e+02	6.900000e+02	7.800000e+02	8.100000e+02	0.000000e+00	0.000000e+00	0.000000e+00
6.600000e+02	6.900000e+02	8.100000e+02	8.400000e+02	0.000000e+00	0.000000e+00	0.000000e+00
6.600000e+02	6.900000e+02	8.400000e+02	8.700000e+02	0.000000e+00	0.000000e+00	0.000000e+00
6.600000e+02	6.900000e+02	8.700000e+02	9.000000e+02	0.000000e+00	0.000000e+00	0.000000e+00
6.900000e+02	7.200000e+02	0.000000e+00	3.000000e+01	0.000000e+00	0.000000e+00	0.000000e+00
6.900000e+02	7.200000e+02	3.000000e+01	6.000000e+01	0.000000e+00	0.000000e+00	0.000000e+00
6.900000e+02	7.200000e+02	6.000000e+01	9.000000e+01	5.843323e-11	5.843324e-11	5.843324e-11
6.900000e+02	7.200000e+02	9.000000e+01	1.200000e+02	0.000000e+00	0.000000e+00	0.000000e+00
6.900000e+02	7.200000e+02	1.200000e+02	1.500000e+02	5.843323e-10	5.843324e-10	5.843324e-10
6.900000e+02	7.200000e+02	1.500000e+02	1.800000e+02	0.000000e+00	0.000000e+00	0.000000e+00
6.900000e+02	7.200000e+02	1.800000e+02	2.100000e+02	0.000000e+00	0.000000e+00	0.000000e+00
6.900000e+02	7.200000e+02	2.100000e+02	2.400000e+02	5.843323e-11	5.843324e-11	5.843324e-11
6.900000e+02	7.200000e+02	2.400000e+02	2.700000e+02	5.843323e-11	5.843324e-11	5.843324e-11
6.900000e+02	7.200000e+02	2.700000e+02	3.000000e+02	5.916366e-11	5.843780e-11	5.843780e-11
6.900000e+02	7.200000e+02	3.000000e+02	3.300000e+02	4.733831e-09	4.675024e-09	4.675024e-09
6.900000e+02	7.200000e+02	3.300000e+02	3.600000e+02	6.442356e-10	5.872476e-10	5.872476e-10
6.900000e+02	7.200000e+02	3.600000e+02	3.900000e+02	6.065188e-11	5.844693e-11	5.844693e-11
6.900000e+02	7.200000e+02	3.900000e+02	4.200000e+02	6.866818e-11	5.890610e-11	5.890610e-11
6.900000e+02	7.200000e+02	4.200000e+02	4.500000e+02	5.458413e-09	4.712142e-09	4.712142e-09
6.900000e+02	7.200000e+02	4.500000e+02	4.800000e+02	9.694110e-09	6.612419e-09	6.612419e-09
6.900000e+02	7.200000e+02	4.800000e+02	5.100000e+02	1.309041e-09	6.184519e-10	6.184519e-10
6.900000e+02	7.200000e+02	5.100000e+02	5.400000e+02	3.447612e-08	1.239688e-08	1.239688e-08
6.900000e+02	7.200000e+02	5.400000e+02	5.700000e+02	7.304254e-09	4.755781e-09	4.755781e-09
6.900000e+02	7.200000e+02	5.700000e+02	6.000000e+02	2.986856e-08	1.057290e-08	1.057290e-08
6.900000e+02	7.200000e+02	6.000000e+02	6.300000e+02	4.109089e-08	1.249859e-08	1.249859e-08
6.900000e+02	7.200000e+02	6.300000e+02	6.600000e+02	3.253310e-08	1.056563e-08	1.056563e-08
6.900000e+02	7.200000e+02	6.600000e+02	6.900000e+02	4.894846e-08	1.335105e-08	1.335105e-08
6.900000e+02	7.200000e+02	6.900000e+02	7.200000e+02	1.036960e-08	4.870013e-09	4.870013e-09
6.900000e+02	7.200000e+02	7.200000e+02	7.500000e+02	0.000000e+00	0.000000e+00	0.000000e+00
6.900000e+02	7.200000e+02	7.500000e+02	7.800000e+02	0.000000e+00	0.000000e+00	0.000000e+00
6.900000e+02	7.200000e+02	7.800000e+02	8.100000e+02	0.000000e+00	0.000000e+00	0.000000e+00
6.900000e+02	7.200000e+02	8.100000e+02	8.400000e+02	0.000000e+00	0.000000e+00	0.000000e+00
6.900000e+02	7.200000e+02	8.400000e+02	8.700000e+02	0.000000e+00	0.000000e+00	0.000000e+00
6.900000e+02	7.200000e+02	8.700000e+02	9.000000e+02	0.000000e+00	0.000000e+00	0.000000e+00
7.200000e+02	7.500000e+02	0.000000e+00	3.000000e+01	0.000000e+00	0.000000e+00	0.000000e+00
7.200000e+02	7.500000e+02	3.000000e+01	6.000000e+01	0.000000e+00	0.000000e+00	0.000000e+00
7.200000e+02	7.500000e+02	6.000000e+01	9.000000e+01	0.000000e+00	0.000000e+00	0.000000e+00
7.200000e+02	7.500000e+02	9.000000e+01	1.200000e+02	0.000000e+00	0.000000e+00	0.000000e+00
7.200000e+02	7.500000e+02	1.200000e+02	1.500000e+02	0.000000e+00	0.000000e+00	0.000000e+00
7.200000e+02	7.500000e+02	1.500000e+02	1.800000e+02	0.000000e+00	0.000000e+00	0.000000e+00
7.200000e+02	7.500000e+02	1.800000e+02	2.100000e+02	0.000000e+00	0.000000e+00	0.000000e+00
7.200000e+02	7.500000e+02	2.100000e+02	2.400000e+02	7.304154e-13	7.304154e-13	7.304154e-13
7.200000e+02	7.500000e+02	2.400000e+02	2.700000e+02	7.304154e-13	7.304154e-13	7.304154e-13
7.200000e+02	7.500000e+02	2.700000e+02	3.000000e+02	9.130193e-15	9.130193e-15	9.130193e-15
7.200000e+02	7.500000e+02	3.000000e+02	3.300000e+02	5.916366e-11	5.843780e-11	5.843780e-11
7.200000e+02	7.500000e+02	3.300000e+02	3.600000e+02	6.655911e-11	5.889258e-11	5.889258e-11
7.200000e+02	7.500000e+02	3.600000e+02	3.900000e+02	1.249010e-10	8.296246e-11	8.296246e-11
7.200000e+02	7.500000e+02	3.900000e+02	4.200000e+02	7.523279e-11	5.935271e-11	5.935271e-11
7.200000e+02	7.500000e+02	4.200000e+02	4.500000e+02	7.232026e-11	5.892873e-11	5.892873e-11
7.200000e+02	7.500000e+02	4.500000e+02	4.800000e+02	7.426681e-10	5.919100e-10	5.919100e-10
7.200000e+02	7.500000e+02	4.800000e+02	5.100000e+02	7.764408e-10	5.931239e-10	5.931239e-10
7.200000e+02	7.500000e+02	5.100000e+02	5.400000e+02	1.084977e-09	6.073947e-10	6.073947e-10
7.200000e+02	7.500000e+02	5.400000e+02	5.700000e+02	6.297824e-10	1.853903e-10	1.853903e-10
7.200000e+02	7.500000e+02	5.700000e+02	6.000000e+02	2.163880e-08	9.391059e-09	9.391059e-09
7.200000e+02	7.500000e+02	6.000000e+02	6.300000e+02	3.122443e-09	6.978985e-10	6.978985e-10
7.200000e+02	7.500000e+02	6.300000e+02	6.600000e+02	3.755323e-08	1.242880e-08	1.242880e-08
7.200000e+02	7.500000e+02	6.600000e+02	6.900000e+02	3.354242e-08	1.150440e-08	1.150440e-08
7.200000e+02	7.500000e+02	6.900000e+02	7.200000e+02	2.884237e-08	9.526995e-09	9.526995e-09
7.200000e+02	7.500000e+02	7.200000e+02	7.500000e+02	1.440537e-08	6.747969e-09	6.747969e-09
7.200000e+02	7.500000e+02	7.500000e+02	7.800000e+02	0.000000e+00	0.000000e+00	0.000000e+00
7.200000e+02	7.500000e+02	7.800000e+02	8.100000e+02	0.000000e+00	0.000000e+00	0.000000e+00
7.200000e+02	7.500000e+02	8.100000e+02	8.400000e+02	0.000000e+00	0.000000e+00	0.000000e+00
7.200000e+02	7.500000e+02	8.400000e+02	8.700000e+02	0.000000e+00	0.000000e+00	0.000000e+00
7.200000e+02	7.500000e+02	8.700000e+02	9.000000e+02	0.000000e+00	0.000000e+00	0.000000e+00
7.500000e+02	7.800000e+02	0.000000e+00	3.000000e+01	0.000000e+00	0.000000e+00	0.000000e+00
7.500000e+02	7.800000e+02	3.000000e+01	6.000000e+01	0.000000e+00	0.000000e+00	0.000000e+00
7.500000e+02	7.800000e+02	6.000000e+01	9.000000e+01	0.000000e+00	0.000000e+00	0.000000e+00
7.500000e+02	7.800000e+02	9.000000e+01	1.200000e+02	0.000000e+00	0.000000e+00	0.000000e+00
7.500000e+02	7.800000e+02	1.200000e+02	1.500000e+02	0.000000e+00	0.000000e+00	0.000000e+00
7.500000e+02	7.800000e+02	1.500000e+02	1.800000e+02	0.000000e+00	0.000000e+00	0.000000e+00
7.500000e+02	7.800000e+02	1.800000e+02	2.100000e+02	0.000000e+00	0.000000e+00	0.000000e+00
7.500000e+02	7.800000e+02	2.100000e+02	2.400000e+02	0.000000e+00	0.000000e+00	0.000000e+00
7.500000e+02	7.800000e+02	2.400000e+02	2.700000e+02	0.000000e+00	0.000000e+00	0.000000e+00
7.500000e+02	7.800000e+02	2.700000e+02	3.000000e+02	0.000000e+00	0.000000e+00	0.000000e+00
7.500000e+02	7.800000e+02	3.000000e+02	3.300000e+02	0.000000e+00	0.000000e+00	0.000000e+00
7.500000e+02	7.800000e+02	3.300000e+02	3.600000e+02	9.495401e-12	7.412907e-12	7.412907e-12
7.500000e+02	7.800000e+02	3.600000e+02	3.900000e+02	1.176060e-10	8.264030e-11	8.264030e-11
7.500000e+02	7.800000e+02	3.900000e+02	4.200000e+02	2.191247e-12	1.265116e-12	1.265116e-12
7.500000e+02	7.800000e+02	4.200000e+02	4.500000e+02	7.524192e-11	5.935271e-11	5.935271e-11
7.500000e+02	7.800000e+02	4.500000e+02	4.800000e+02	1.848042e-10	1.014804e-10	1.014804e-10
7.500000e+02	7.800000e+02	4.800000e+02	5.100000e+02	4.803970e-09	4.675395e-09	4.675395e-09
7.500000e+02	7.800000e+02	5.100000e+02	5.400000e+02	2.381428e-10	1.168802e-10	1.168802e-10
7.500000e+02	7.800000e+02	5.400000e+02	5.700000e+02	5.360738e-09	4.678893e-09	4.678893e-09
7.500000e+02	7.800000e+02	5.700000e+02	6.000000e+02	6.478273e-09	4.750762e-09	4.750762e-09
7.500000e+02	7.800000e+02	6.000000e+02	6.300000e+02	5.660391e-09	4.680528e-09	4.680528e-09
7.500000e+02	7.800000e+02	6.300000e+02	6.600000e+02	3.289856e-09	8.959831e-10	8.959831e-10
7.500000e+02	7.800000e+02	6.600000e+02	6.900000e+02	1.776188e-08	8.166481e-09	8.166481e-09
7.500000e+02	7.800000e+02	6.900000e+02	7.200000e+02	1.546550e-08	6.729547e-09	6.729547e-09
7.500000e+02	7.800000e+02	7.200000e+02	7.500000e+02	1.614610e-08	6.755090e-09	6.755090e-09
7.500000e+02	7.800000e+02	7.500000e+02	7.800000e+02	1.437250e-08	6.747728e-09	6.747728e-09
7.500000e+02	7.800000e+02	7.800000e+02	8.100000e+02	0.000000e+00	0.000000e+00	0.000000e+00
7.500000e+02	7.800000e+02	8.100000e+02	8.400000e+02	0.000000e+00	0.000000e+00	0.000000e+00
7.500000e+02	7.800000e+02	8.400000e+02	8.700000e+02	0.000000e+00	0.000000e+00	0.000000e+00
7.500000e+02	7.800000e+02	8.700000e+02	9.000000e+02	0.000000e+00	0.000000e+00	0.000000e+00
7.800000e+02	8.100000e+02	0.000000e+00	3.000000e+01	0.000000e+00	0.000000e+00	0.000000e+00
7.800000e+02	8.100000e+02	3.000000e+01	6.000000e+01	0.000000e+00	0.000000e+00	0.000000e+00
7.800000e+02	8.100000e+02	6.000000e+01	9.000000e+01	0.000000e+00	0.000000e+00	0.000000e+00
7.800000e+02	8.100000e+02	9.000000e+01	1.200000e+02	0.000000e+00	0.000000e+00	0.000000e+00
7.800000e+02	8.100000e+02	1.200000e+02	1.500000e+02	5.843323e-11	5.843324e-11	5.843324e-11
7.800000e+02	8.100000e+02	1.500000e+02	1.800000e+02	0.000000e+00	0.000000e+00	0.000000e+00
7.800000e+02	8.100000e+02	1.800000e+02	2.100000e+02	7.304154e-13	7.304154e-13	7.304154e-13
7.800000e+02	8.100000e+02	2.100000e+02	2.400000e+02	0.000000e+00	0.000000e+00	0.000000e+00
7.800000e+02	8.100000e+02	2.400000e+02	2.700000e+02	9.130193e-15	9.130193e-15	9.130193e-15
7.800000e+02	8.100000e+02	2.700000e+02	3.000000e+02	9.130193e-15	9.130193e-15	9.130193e-15
7.800000e+02	8.100000e+02	3.000000e+02	3.300000e+02	7.304154e-13	7.304154e-13	7.304154e-13
7.800000e+02	8.100000e+02	3.300000e+02	3.600000e+02	0.000000e+00	0.000000e+00	0.000000e+00
7.800000e+02	8.100000e+02	3.600000e+02	3.900000e+02	0.000000e+00	0.000000e+00	0.000000e+00
7.800000e+02	8.100000e+02	3.900000e+02	4.200000e+02	6.435051e-10	5.872472e-10	5.872472e-10
7.800000e+02	8.100000e+02	4.200000e+02	4.500000e+02	8.125872e-12	7.341152e-12	7.341152e-12
7.800000e+02	8.100000e+02	4.500000e+02	4.800000e+02	9.504531e-12	7.412912e-12	7.412912e-12
7.800000e+02	8.100000e+02	4.800000e+02	5.100000e+02	1.183273e-10	8.264353e-11	8.264353e-11
7.800000e+02	8.100000e+02	5.100000e+02	5.400000e+02	1.278410e-10	8.297533e-11	8.297533e-11
7.800000e+02	8.100000e+02	5.400000e+02	5.700000e+02	3.827468e-10	1.438826e-10	1.438826e-10
7.800000e+02	8.100000e+02	5.700000e+02	6.000000e+02	1.202291e-09	6.130296e-10	6.130296e-10
7.800000e+02	8.100000e+02	6.000000e+02	6.300000e+02	4.434718e-10	1.551458e-10	1.551458e-10
7.800000e+02	8.100000e+02	6.300000e+02	6.600000e+02	1.627484e-09	6.322327e-10	6.322327e-10
7.800000e+02	8.100000e+02	6.600000e+02	6.900000e+02	1.348676e-09	2.745105e-10	2.745105e-10
7.800000e+02	8.100000e+02	6.900000e+02	7.200000e+02	1.893036e-08	8.189561e-09	8.189561e-09
7.800000e+02	8.100000e+02	7.200000e+02	7.500000e+02	2.170386e-08	8.273869e-09	8.273869e-09
7.800000e+02	8.100000e+02	7.500000e+02	7.800000e+02	2.617846e-08	9.470370e-09	9.470370e-09
7.800000e+02	8.100000e+02	7.800000e+02	8.100000e+02	1.322496e-08	6.719852e-09	6.719852e-09
7.800000e+02	8.100000e+02	8.100000e+02	8.400000e+02	0.000000e+00	0.000000e+00	0.000000e+00
7.800000e+02	8.100000e+02	8.400000e+02	8.700000e+02	0.000000e+00	0.000000e+00	0.000000e+00
7.800000e+02	8.100000e+02	8.700000e+02	9.000000e+02	0.000000e+00	0.000000e+00	0.000000e+00
8.100000e+02	8.400000e+02	0.000000e+00	3.000000e+01	0.000000e+00	0.000000e+00	0.000000e+00
8.100000e+02	8.400000e+02	3.000000e+01	6.000000e+01	0.000000e+00	0.000000e+00	0.000000e+00
8.100000e+02	8.400000e+02	6.000000e+01	9.000000e+01	0.000000e+00	0.000000e+00	0.000000e+00
8.100000e+02	8.400000e+02	9.000000e+01	1.200000e+02	0.000000e+00	0.000000e+00	0.000000e+00
8.100000e+02	8.400000e+02	1.200000e+02	1.500000e+02	0.000000e+00	0.000000e+00	0.000000e+00
8.100000e+02	8.400000e+02	1.500000e+02	1.800000e+02	0.000000e+00	0.000000e+00	0.000000e+00
8.100000e+02	8.400000e+02	1.800000e+02	2.100000e+02	9.130193e-14	9.130193e-14	9.130193e-14
8.100000e+02	8.400000e+02	2.100000e+02	2.400000e+02	0.000000e+00	0.000000e+00	0.000000e+00
8.100000e+02	8.400000e+02	2.400000e+02	2.700000e+02	0.000000e+00	0.000000e+00	0.000000e+00
8.100000e+02	8.400000e+02	2.700000e+02	3.000000e+02	0.000000e+00	0.000000e+00	0.000000e+00
8.100000e+02	8.400000e+02	3.000000e+02	3.300000e+02	7.304154e-13	7.304154e-13	7.304154e-13
8.100000e+02	8.400000e+02	3.300000e+02	3.600000e+02	0.000000e+00	0.000000e+00	0.000000e+00
8.100000e+02	8.400000e+02	3.600000e+02	3.900000e+02	7.304154e-13	7.304154e-13	7.304154e-13
8.100000e+02	8.400000e+02	3.900000e+02	4.200000e+02	9.130193e-15	9.130193e-15	9.130193e-15
8.100000e+02	8.400000e+02	4.200000e+02	4.500000e+02	8.034684e-12	7.340585e-12	7.340585e-12
8.100000e+02	8.400000e+02	4.500000e+02	4.800000e+02	5.845150e-11	5.843324e-11	5.843324e-11
8.100000e+02	8.400000e+02	4.800000e+02	5.100000e+02	1.191581e-10	8.264681e-11	8.264681e-11
8.100000e+02	8.400000e+02	5.100000e+02	5.400000e+02	1.228011e-10	8.266295e-11	8.266295e-11
8.100000e+02	8.400000e+02	5.400000e+02	5.700000e+02	4.794466e-09	4.675390e-09	4.675390e-09
8.100000e+02	8.400000e+02	5.700000e+02	6.000000e+02	4.863216e-09	4.675761e-09	4.675761e-09
8.100000e+02	8.400000e+02	6.000000e+02	6.300000e+02	1.181301e-09	6.128995e-10	6.128995e-10
8.100000e+02	8.400000e+02	6.300000e+02	6.600000e+02	5.619196e-09	4.713212e-09	4.713212e-09
8.100000e+02	8.400000e+02	6.600000e+02	6.900000e+02	2.197318e-09	8.608739e-10	8.608739e-10
8.100000e+02	8.400000e+02	6.900000e+02	7.200000e+02	6.611858e-09	4.719232e-09	4.719232e-09
8.100000e+02	8.400000e+02	7.200000e+02	7.500000e+02	1.098895e-08	6.617954e-09	6.617954e-09
8.100000e+02	8.400000e+02	7.500000e+02	7.800000e+02	1.017791e-08	4.868839e-09	4.868839e-09
8.100000e+02	8.400000e+02	7.800000e+02	8.100000e+02	8.465826e-09	1.804017e-09	1.804017e-09
8.100000e+02	8.400000e+02	8.100000e+02	8.400000e+02	1.765347e-08	8.166262e-09	8.166262e-09
8.100000e+02	8.400000e+02	8.400000e+02	8.700000e+02	0.000000e+00	0.000000e+00	0.000000e+00
8.100000e+02	8.400000e+02	8.700000e+02	9.000000e+02	0.000000e+00	0.000000e+00	0.000000e+00
8.400000e+02	8.700000e+02	0.000000e+00	3.000000e+01	0.000000e+00	0.000000e+00	0.000000e+00
8.400000e+02	8.700000e+02	3.000000e+01	6.000000e+01	0.000000e+00	0.000000e+00	0.000000e+00
8.400000e+02	8.700000e+02	6.000000e+01	9.000000e+01	0.000000e+00	0.000000e+00	0.000000e+00
8.400000e+02	8.700000e+02	9.000000e+01	1.200000e+02	0.000000e+00	0.000000e+00	0.000000e+00
8.400000e+02	8.700000e+02	1.200000e+02	1.500000e+02	0.000000e+00	0.000000e+00	0.000000e+00
8.400000e+02	8.700000e+02	1.500000e+02	1.800000e+02	0.000000e+00	0.000000e+00	0.000000e+00
8.400000e+02	8.700000e+02	1.800000e+02	2.100000e+02	0.000000e+00	0.000000e+00	0.000000e+00
8.400000e+02	8.700000e+02	2.100000e+02	2.400000e+02	0.000000e+00	0.000000e+00	0.000000e+00
8.400000e+02	8.700000e+02	2.400000e+02	2.700000e+02	0.000000e+00	0.000000e+00	0.000000e+00
8.400000e+02	8.700000e+02	2.700000e+02	3.000000e+02	0.000000e+00	0.000000e+00	0.000000e+00
8.400000e+02	8.700000e+02	3.000000e+02	3.300000e+02	0.000000e+00	0.000000e+00	0.000000e+00
8.400000e+02	8.700000e+02	3.300000e+02	3.600000e+02	0.000000e+00	0.000000e+00	0.000000e+00
8.400000e+02	8.700000e+02	3.600000e+02	3.900000e+02	0.000000e+00	0.000000e+00	0.000000e+00
8.400000e+02	8.700000e+02	3.900000e+02	4.200000e+02	7.304154e-13	7.304154e-13	7.304154e-13
8.400000e+02	8.700000e+02	4.200000e+02	4.500000e+02	9.130193e-15	9.130193e-15	9.130193e-15
8.400000e+02	8.700000e+02	4.500000e+02	4.800000e+02	2.191247e-12	1.265116e-12	1.265116e-12
8.400000e+02	8.700000e+02	4.800000e+02	5.100000e+02	5.990320e-11	5.844236e-11	5.844236e-11
8.400000e+02	8.700000e+02	5.100000e+02	5.400000e+02	7.764408e-10	5.946511e-10	5.946511e-10
8.400000e+02	8.700000e+02	5.400000e+02	5.700000e+02	6.665041e-11	5.889265e-11	5.889265e-11
8.400000e+02	8.700000e+02	5.700000e+02	6.000000e+02	1.285622e-10	8.297854e-11	8.297854e-11
8.400000e+02	8.700000e+02	6.000000e+02	6.300000e+02	1.841651e-10	1.014779e-10	1.014779e-10
8.400000e+02	8.700000e+02	6.300000e+02	6.600000e+02	7.641059e-10	5.930353e-10	5.930353e-10
8.400000e+02	8.700000e+02	6.600000e+02	6.900000e+02	1.072277e-09	6.073474e-10	6.073474e-10
8.400000e+02	8.700000e+02	6.900000e+02	7.200000e+02	1.158476e-09	6.102472e-10	6.102472e-10
8.400000e+02	8.700000e+02	7.200000e+02	7.500000e+02	6.598080e-09	4.751482e-09	4.751482e-09
8.400000e+02	8.700000e+02	7.500000e+02	7.800000e+02	1.219509e-08	6.669367e-09	6.669367e-09
8.400000e+02	8.700000e+02	7.800000e+02	8.100000e+02	8.613908e-09	4.827767e-09	4.827767e-09
8.400000e+02	8.700000e+02	8.100000e+02	8.400000e+02	1.961244e-08	8.210790e-09	8.210790e-09
8.400000e+02	8.700000e+02	8.400000e+02	8.700000e+02	6.474430e-09	4.718304e-09	4.718304e-09
8.400000e+02	8.700000e+02	8.700000e+02	9.000000e+02	0.000000e+00	0.000000e+00	0.000000e+00
8.700000e+02	9.000000e+02	0.000000e+00	3.000000e+01	0.000000e+00	0.000000e+00	0.000000e+00
8.700000e+02	9.000000e+02	3.000000e+01	6.000000e+01	0.000000e+00	0.000000e+00	0.000000e+00
8.700000e+02	9.000000e+02	6.000000e+01	9.000000e+01	0.000000e+00	0.000000e+00	0.000000e+00
8.700000e+02	9.000000e+02	9.000000e+01	1.200000e+02	0.000000e+00	0.000000e+00	0.000000e+00
8.700000e+02	9.000000e+02	1.200000e+02	1.500000e+02	1.141274e-16	1.141274e-16	1.141274e-16
8.700000e+02	9.000000e+02	1.500000e+02	1.800000e+02	0.000000e+00	0.000000e+00	0.000000e+00
8.700000e+02	9.000000e+02	1.800000e+02	2.100000e+02	0.000000e+00	0.000000e+00	0.000000e+00
8.700000e+02	9.000000e+02	2.100000e+02	2.400000e+02	0.000000e+00	0.000000e+00	0.000000e+00
8.700000e+02	9.000000e+02	2.400000e+02	2.700000e+02	0.000000e+00	0.000000e+00	0.000000e+00
8.700000e+02	9.000000e+02	2.700000e+02	3.000000e+02	0.000000e+00	0.000000e+00	0.000000e+00
8.700000e+02	9.000000e+02	3.000000e+02	3.300000e+02	0.000000e+00	0.000000e+00	0.000000e+00
8.700000e+02	9.000000e+02	3.300000e+02	3.600000e+02	0.000000e+00	0.000000e+00	0.000000e+00
8.700000e+02	9.000000e+02	3.600000e+02	3.900000e+02	0.000000e+00	0.000000e+00	0.000000e+00
8.700000e+02	9.000000e+02	3.900000e+02	4.200000e+02	7.304154e-13	7.304154e-13	7.304154e-13
8.700000e+02	9.000000e+02	4.200000e+02	4.500000e+02	0.000000e+00	0.000000e+00	0.000000e+00
8.700000e+02	9.000000e+02	4.500000e+02	4.800000e+02	7.304154e-13	7.304154e-13	7.304154e-13
8.700000e+02	9.000000e+02	4.800000e+02	5.100000e+02	1.479091e-12	1.033044e-12	1.033044e-12
8.700000e+02	9.000000e+02	5.100000e+02	5.400000e+02	1.460831e-12	1.032963e-12	1.032963e-12
8.700000e+02	9.000000e+02	5.400000e+02	5.700000e+02	3.752509e-12	1.635834e-12	1.635834e-12
8.700000e+02	9.000000e+02	5.700000e+02	6.000000e+02	1.460831e-12	1.032963e-12	1.032963e-12
8.700000e+02	9.000000e+02	6.000000e+02	6.300000e+02	7.618598e-10	5.930339e-10	5.930339e-10
8.700000e+02	9.000000e+02	6.300000e+02	6.600000e+02	2.951061e-10	1.306688e-10	1.306688e-10
8.700000e+02	9.000000e+02	6.600000e+02	6.900000e+02	7.122463e-11	5.891996e-11	5.891996e-11
8.700000e+02	9.000000e+02	6.900000e+02	7.200000e+02	1.987734e-10	1.017666e-10	1.017666e-10
8.700000e+02	9.000000e+02	7.200000e+02	7.500000e+02	3.874307e-10	1.438948e-10	1.438948e-10
8.700000e+02	9.000000e+02	7.500000e+02	7.800000e+02	1.409099e-09	6.243745e-10	6.243745e-10
8.700000e+02	9.000000e+02	7.800000e+02	8.100000e+02	1.131730e-08	6.642712e-09	6.642712e-09
8.700000e+02	9.000000e+02	8.100000e+02	8.400000e+02	1.102329e-08	6.641286e-09	6.641286e-09
8.700000e+02	9.000000e+02	8.400000e+02	8.700000e+02	9.008990e-09	4.830237e-09	4.830237e-09
8.700000e+02	9.000000e+02	8.700000e+02	9.000000e+02	1.222077e-09	2.652957e-10	2.652957e-10
# END HISTO2D

