# BEGIN HISTOGRAM /res/oxford_combined_rw2/SHERPA_QCD2b2j/histo_eta_H1_res_C2
Path=/res/oxford_combined_rw2/SHERPA_QCD2b2j/histo_eta_H1_res_C2
Title=eta_H1_res_C2
# xlow	 xhigh	 val	 errminus	 errplus
-6.000000e+00	-5.600000e+00	9.162236e-02	4.064679e-02	4.064679e-02
-5.600000e+00	-5.200000e+00	1.645968e+00	1.455346e+00	1.455346e+00
-5.200000e+00	-4.800000e+00	1.935433e+00	1.467266e+00	1.467266e+00
-4.800000e+00	-4.400000e+00	4.097800e+00	2.090305e+00	2.090305e+00
-4.400000e+00	-4.000000e+00	1.232768e+02	1.163645e+02	1.163645e+02
-4.000000e+00	-3.600000e+00	1.284372e+02	1.163755e+02	1.163755e+02
-3.600000e+00	-3.200000e+00	1.552083e+02	1.173232e+02	1.173232e+02
-3.200000e+00	-2.800000e+00	2.908360e+02	1.647173e+02	1.647173e+02
-2.800000e+00	-2.400000e+00	4.470950e+02	2.022384e+02	2.022384e+02
-2.400000e+00	-2.000000e+00	3.557111e+02	1.654777e+02	1.654777e+02
-2.000000e+00	-1.600000e+00	3.759738e+02	1.661104e+02	1.661104e+02
-1.600000e+00	-1.200000e+00	5.989957e+02	2.338182e+02	2.338182e+02
-1.200000e+00	-8.000000e-01	4.888278e+02	2.028523e+02	2.028523e+02
-8.000000e-01	-4.000000e-01	5.054369e+02	2.042720e+02	2.042720e+02
-4.000000e-01	7.771561e-16	3.033599e+02	1.649022e+02	1.649022e+02
7.771561e-16	4.000000e-01	2.354800e+02	1.193688e+02	1.193688e+02
4.000000e-01	8.000000e-01	2.202759e+02	1.176580e+02	1.176580e+02
8.000000e-01	1.200000e+00	1.995724e+02	1.166952e+02	1.166952e+02
1.200000e+00	1.600000e+00	6.998641e+02	2.611136e+02	2.611136e+02
1.600000e+00	2.000000e+00	7.755674e+02	2.700091e+02	2.700091e+02
2.000000e+00	2.400000e+00	4.818052e+02	2.032920e+02	2.032920e+02
2.400000e+00	2.800000e+00	4.244429e+02	2.016893e+02	2.016893e+02
2.800000e+00	3.200000e+00	2.006546e+02	1.175861e+02	1.175861e+02
3.200000e+00	3.600000e+00	2.000913e+01	4.111548e+00	4.111548e+00
3.600000e+00	4.000000e+00	2.551549e+02	1.645937e+02	1.645937e+02
4.000000e+00	4.400000e+00	8.898380e+00	3.151838e+00	3.151838e+00
4.400000e+00	4.800000e+00	4.031418e+00	2.082894e+00	2.082894e+00
4.800000e+00	5.200000e+00	1.523692e+01	1.454390e+01	1.454390e+01
5.200000e+00	5.600000e+00	2.982129e+00	2.056790e+00	2.056790e+00
5.600000e+00	6.000000e+00	2.919703e-01	1.871421e-01	1.871421e-01
# END HISTOGRAM

