# BEGIN HISTOGRAM /res/oxford_combined_rw2/SHERPA_QCD2b2j/histo_eta_H0_res_C2
Path=/res/oxford_combined_rw2/SHERPA_QCD2b2j/histo_eta_H0_res_C2
Title=eta_H0_res_C2
# xlow	 xhigh	 val	 errminus	 errplus
-6.000000e+00	-5.600000e+00	0.000000e+00	0.000000e+00	0.000000e+00
-5.600000e+00	-5.200000e+00	0.000000e+00	0.000000e+00	0.000000e+00
-5.200000e+00	-4.800000e+00	2.272098e-04	2.272098e-04	2.272098e-04
-4.800000e+00	-4.400000e+00	1.817679e-01	1.817679e-01	1.817679e-01
-4.400000e+00	-4.000000e+00	1.490525e-01	5.146490e-02	5.146490e-02
-4.000000e+00	-3.600000e+00	2.610871e+00	1.491499e+00	1.491499e+00
-3.600000e+00	-3.200000e+00	8.128155e+00	2.204389e+00	2.204389e+00
-3.200000e+00	-2.800000e+00	2.680588e+02	1.646452e+02	1.646452e+02
-2.800000e+00	-2.400000e+00	5.102185e+01	7.218977e+00	7.218977e+00
-2.400000e+00	-2.000000e+00	3.403812e+02	1.654690e+02	1.654690e+02
-2.000000e+00	-1.600000e+00	5.406252e+02	2.136300e+02	2.136300e+02
-1.600000e+00	-1.200000e+00	7.341826e+02	2.611887e+02	2.611887e+02
-1.200000e+00	-8.000000e-01	2.651727e+02	1.193965e+02	1.193965e+02
-8.000000e-01	-4.000000e-01	5.931714e+02	2.341959e+02	2.341959e+02
-4.000000e-01	7.771561e-16	4.193197e+02	1.679600e+02	1.679600e+02
7.771561e-16	4.000000e-01	5.794930e+02	2.333423e+02	2.333423e+02
4.000000e-01	8.000000e-01	5.337595e+02	2.039404e+02	2.039404e+02
8.000000e-01	1.200000e+00	5.239519e+02	2.034321e+02	2.034321e+02
1.200000e+00	1.600000e+00	3.792513e+02	1.661817e+02	1.661817e+02
1.600000e+00	2.000000e+00	1.190695e+03	3.495788e+02	3.495788e+02
2.000000e+00	2.400000e+00	3.365086e+02	1.654504e+02	1.654504e+02
2.400000e+00	2.800000e+00	4.064098e+02	2.016494e+02	2.016494e+02
2.800000e+00	3.200000e+00	1.395125e+02	1.164405e+02	1.164405e+02
3.200000e+00	3.600000e+00	6.338832e+00	2.142097e+00	2.142097e+00
3.600000e+00	4.000000e+00	2.781278e+00	1.502489e+00	1.502489e+00
4.000000e+00	4.400000e+00	3.455407e+00	2.073269e+00	2.073269e+00
4.400000e+00	4.800000e+00	5.680245e-02	3.156500e-02	3.156500e-02
4.800000e+00	5.200000e+00	1.840400e-02	1.817821e-02	1.817821e-02
5.200000e+00	5.600000e+00	1.817679e-02	1.817679e-02	1.817679e-02
5.600000e+00	6.000000e+00	0.000000e+00	0.000000e+00	0.000000e+00
# END HISTOGRAM

