# BEGIN HISTOGRAM /res/oxford_combined_rw2/SHERPA_QCD2b2j/histo_dPhi_HH_res_C1e
Path=/res/oxford_combined_rw2/SHERPA_QCD2b2j/histo_dPhi_HH_res_C1e
Title=dPhi_HH_res_C1e
# xlow	 xhigh	 val	 errminus	 errplus
-3.200000e+00	-2.986667e+00	1.863854e+06	3.163685e+04	3.163685e+04
-2.986667e+00	-2.773333e+00	1.854876e+06	3.142970e+04	3.142970e+04
-2.773333e+00	-2.560000e+00	1.091213e+06	2.413338e+04	2.413338e+04
-2.560000e+00	-2.346667e+00	7.160390e+05	1.953350e+04	1.953350e+04
-2.346667e+00	-2.133333e+00	4.820013e+05	1.602241e+04	1.602241e+04
-2.133333e+00	-1.920000e+00	3.361164e+05	1.338092e+04	1.338092e+04
-1.920000e+00	-1.706667e+00	2.445157e+05	1.149754e+04	1.149754e+04
-1.706667e+00	-1.493333e+00	1.837204e+05	9.891176e+03	9.891176e+03
-1.493333e+00	-1.280000e+00	1.663352e+05	9.445672e+03	9.445672e+03
-1.280000e+00	-1.066667e+00	1.234941e+05	8.139501e+03	8.139501e+03
-1.066667e+00	-8.533333e-01	1.057625e+05	7.583426e+03	7.583426e+03
-8.533333e-01	-6.400000e-01	1.018976e+05	7.375376e+03	7.375376e+03
-6.400000e-01	-4.266667e-01	8.680125e+04	6.798799e+03	6.798799e+03
-4.266667e-01	-2.133333e-01	8.254107e+04	6.629858e+03	6.629858e+03
-2.133333e-01	3.885781e-16	8.094350e+04	6.565385e+03	6.565385e+03
3.885781e-16	2.133333e-01	8.415165e+04	6.785581e+03	6.785581e+03
2.133333e-01	4.266667e-01	8.680125e+04	6.798799e+03	6.798799e+03
4.266667e-01	6.400000e-01	7.920004e+04	6.596225e+03	6.596225e+03
6.400000e-01	8.533333e-01	9.200070e+04	7.129246e+03	7.129246e+03
8.533333e-01	1.066667e+00	1.187526e+05	7.952264e+03	7.952264e+03
1.066667e+00	1.280000e+00	1.176876e+05	7.916524e+03	7.916524e+03
1.280000e+00	1.493333e+00	1.501715e+05	8.942582e+03	8.942582e+03
1.493333e+00	1.706667e+00	1.847855e+05	9.919804e+03	9.919804e+03
1.706667e+00	1.920000e+00	2.573674e+05	1.173311e+04	1.173311e+04
1.920000e+00	2.133333e+00	3.424123e+05	1.350342e+04	1.350342e+04
2.133333e+00	2.346667e+00	4.782057e+05	1.595793e+04	1.595793e+04
2.346667e+00	2.560000e+00	7.104766e+05	1.947810e+04	1.947810e+04
2.560000e+00	2.773333e+00	1.074462e+06	2.396838e+04	2.396838e+04
2.773333e+00	2.986667e+00	1.747075e+06	3.059234e+04	3.059234e+04
2.986667e+00	3.200000e+00	1.894058e+06	3.186215e+04	3.186215e+04
# END HISTOGRAM

