# BEGIN HISTO1D /res/oxford_combined_rw2/histo_m_largeR_boost_C2
Path=/res/oxford_combined_rw2/histo_m_largeR_boost_C2
Title=m_largeR_boost_C2
# xlow	 xhigh	 val	 errminus	 errplus
0.000000e+00	6.000000e+00	0.000000e+00	0.000000e+00	0.000000e+00
6.000000e+00	1.200000e+01	0.000000e+00	0.000000e+00	0.000000e+00
1.200000e+01	1.800000e+01	1.375807e-04	1.256829e-04	1.256829e-04
1.800000e+01	2.400000e+01	1.565584e-06	1.269983e-06	1.269983e-06
2.400000e+01	3.000000e+01	1.019719e-03	1.000555e-03	1.000555e-03
3.000000e+01	3.600000e+01	4.603935e-06	2.376154e-06	2.376154e-06
3.600000e+01	4.200000e+01	1.313453e-04	1.250916e-04	1.250916e-04
4.200000e+01	4.800000e+01	3.225548e-05	1.790986e-05	1.790986e-05
4.800000e+01	5.400000e+01	2.124700e-05	1.298343e-05	1.298343e-05
5.400000e+01	6.000000e+01	1.669735e-05	1.269412e-05	1.269412e-05
6.000000e+01	6.600000e+01	5.504752e-06	2.515893e-06	2.515893e-06
6.600000e+01	7.200000e+01	1.800505e-04	1.275614e-04	1.275614e-04
7.200000e+01	7.800000e+01	2.858050e-05	1.777843e-05	1.777843e-05
7.800000e+01	8.400000e+01	2.961577e-04	1.782109e-04	1.782109e-04
8.400000e+01	9.000000e+01	8.558947e-03	1.221242e-03	1.221242e-03
9.000000e+01	9.600000e+01	1.236985e-02	1.656696e-03	1.656696e-03
9.600000e+01	1.020000e+02	1.714213e-02	2.417048e-03	2.417048e-03
1.020000e+02	1.080000e+02	1.925975e-02	2.267949e-03	2.267949e-03
1.080000e+02	1.140000e+02	2.076642e-02	2.298892e-03	2.298892e-03
1.140000e+02	1.200000e+02	1.764245e-02	1.999240e-03	1.999240e-03
1.200000e+02	1.260000e+02	2.035342e-02	2.078386e-03	2.078386e-03
1.260000e+02	1.320000e+02	1.911885e-02	2.255755e-03	2.255755e-03
1.320000e+02	1.380000e+02	1.707863e-02	1.763776e-03	1.763776e-03
1.380000e+02	1.440000e+02	1.998545e-02	2.669097e-03	2.669097e-03
1.440000e+02	1.500000e+02	1.885615e-02	2.467657e-03	2.467657e-03
1.500000e+02	1.560000e+02	1.500836e-02	2.195158e-03	2.195158e-03
1.560000e+02	1.620000e+02	1.068220e-02	9.063417e-04	9.063417e-04
1.620000e+02	1.680000e+02	1.023612e-02	2.323350e-03	2.323350e-03
1.680000e+02	1.740000e+02	1.563239e-07	1.563239e-07	1.563239e-07
1.740000e+02	1.800000e+02	1.954048e-08	1.954049e-08	1.954049e-08
# END HISTO1D

