# BEGIN HISTO2D /res/oxford/histo_mHmH_res_C1e
Path=/res/oxford/histo_mHmH_res_C1e
Title=mHmH_res_C1e
# xlow	 xhigh	 ylow	 yhigh	 val	 errminus	 errplus
0.000000e+00	6.000000e+00	0.000000e+00	6.000000e+00	0.000000e+00	0.000000e+00	0.000000e+00
0.000000e+00	6.000000e+00	6.000000e+00	1.200000e+01	0.000000e+00	0.000000e+00	0.000000e+00
0.000000e+00	6.000000e+00	1.200000e+01	1.800000e+01	0.000000e+00	0.000000e+00	0.000000e+00
0.000000e+00	6.000000e+00	1.800000e+01	2.400000e+01	0.000000e+00	0.000000e+00	0.000000e+00
0.000000e+00	6.000000e+00	2.400000e+01	3.000000e+01	0.000000e+00	0.000000e+00	0.000000e+00
0.000000e+00	6.000000e+00	3.000000e+01	3.600000e+01	0.000000e+00	0.000000e+00	0.000000e+00
0.000000e+00	6.000000e+00	3.600000e+01	4.200000e+01	0.000000e+00	0.000000e+00	0.000000e+00
0.000000e+00	6.000000e+00	4.200000e+01	4.800000e+01	0.000000e+00	0.000000e+00	0.000000e+00
0.000000e+00	6.000000e+00	4.800000e+01	5.400000e+01	0.000000e+00	0.000000e+00	0.000000e+00
0.000000e+00	6.000000e+00	5.400000e+01	6.000000e+01	0.000000e+00	0.000000e+00	0.000000e+00
0.000000e+00	6.000000e+00	6.000000e+01	6.600000e+01	0.000000e+00	0.000000e+00	0.000000e+00
0.000000e+00	6.000000e+00	6.600000e+01	7.200000e+01	0.000000e+00	0.000000e+00	0.000000e+00
0.000000e+00	6.000000e+00	7.200000e+01	7.800000e+01	0.000000e+00	0.000000e+00	0.000000e+00
0.000000e+00	6.000000e+00	7.800000e+01	8.400000e+01	0.000000e+00	0.000000e+00	0.000000e+00
0.000000e+00	6.000000e+00	8.400000e+01	9.000000e+01	0.000000e+00	0.000000e+00	0.000000e+00
0.000000e+00	6.000000e+00	9.000000e+01	9.600000e+01	0.000000e+00	0.000000e+00	0.000000e+00
0.000000e+00	6.000000e+00	9.600000e+01	1.020000e+02	0.000000e+00	0.000000e+00	0.000000e+00
0.000000e+00	6.000000e+00	1.020000e+02	1.080000e+02	0.000000e+00	0.000000e+00	0.000000e+00
0.000000e+00	6.000000e+00	1.080000e+02	1.140000e+02	0.000000e+00	0.000000e+00	0.000000e+00
0.000000e+00	6.000000e+00	1.140000e+02	1.200000e+02	0.000000e+00	0.000000e+00	0.000000e+00
0.000000e+00	6.000000e+00	1.200000e+02	1.260000e+02	0.000000e+00	0.000000e+00	0.000000e+00
0.000000e+00	6.000000e+00	1.260000e+02	1.320000e+02	0.000000e+00	0.000000e+00	0.000000e+00
0.000000e+00	6.000000e+00	1.320000e+02	1.380000e+02	0.000000e+00	0.000000e+00	0.000000e+00
0.000000e+00	6.000000e+00	1.380000e+02	1.440000e+02	0.000000e+00	0.000000e+00	0.000000e+00
0.000000e+00	6.000000e+00	1.440000e+02	1.500000e+02	0.000000e+00	0.000000e+00	0.000000e+00
0.000000e+00	6.000000e+00	1.500000e+02	1.560000e+02	0.000000e+00	0.000000e+00	0.000000e+00
0.000000e+00	6.000000e+00	1.560000e+02	1.620000e+02	0.000000e+00	0.000000e+00	0.000000e+00
0.000000e+00	6.000000e+00	1.620000e+02	1.680000e+02	0.000000e+00	0.000000e+00	0.000000e+00
0.000000e+00	6.000000e+00	1.680000e+02	1.740000e+02	0.000000e+00	0.000000e+00	0.000000e+00
0.000000e+00	6.000000e+00	1.740000e+02	1.800000e+02	0.000000e+00	0.000000e+00	0.000000e+00
6.000000e+00	1.200000e+01	0.000000e+00	6.000000e+00	0.000000e+00	0.000000e+00	0.000000e+00
6.000000e+00	1.200000e+01	6.000000e+00	1.200000e+01	0.000000e+00	0.000000e+00	0.000000e+00
6.000000e+00	1.200000e+01	1.200000e+01	1.800000e+01	0.000000e+00	0.000000e+00	0.000000e+00
6.000000e+00	1.200000e+01	1.800000e+01	2.400000e+01	0.000000e+00	0.000000e+00	0.000000e+00
6.000000e+00	1.200000e+01	2.400000e+01	3.000000e+01	0.000000e+00	0.000000e+00	0.000000e+00
6.000000e+00	1.200000e+01	3.000000e+01	3.600000e+01	0.000000e+00	0.000000e+00	0.000000e+00
6.000000e+00	1.200000e+01	3.600000e+01	4.200000e+01	0.000000e+00	0.000000e+00	0.000000e+00
6.000000e+00	1.200000e+01	4.200000e+01	4.800000e+01	0.000000e+00	0.000000e+00	0.000000e+00
6.000000e+00	1.200000e+01	4.800000e+01	5.400000e+01	0.000000e+00	0.000000e+00	0.000000e+00
6.000000e+00	1.200000e+01	5.400000e+01	6.000000e+01	0.000000e+00	0.000000e+00	0.000000e+00
6.000000e+00	1.200000e+01	6.000000e+01	6.600000e+01	0.000000e+00	0.000000e+00	0.000000e+00
6.000000e+00	1.200000e+01	6.600000e+01	7.200000e+01	0.000000e+00	0.000000e+00	0.000000e+00
6.000000e+00	1.200000e+01	7.200000e+01	7.800000e+01	0.000000e+00	0.000000e+00	0.000000e+00
6.000000e+00	1.200000e+01	7.800000e+01	8.400000e+01	0.000000e+00	0.000000e+00	0.000000e+00
6.000000e+00	1.200000e+01	8.400000e+01	9.000000e+01	0.000000e+00	0.000000e+00	0.000000e+00
6.000000e+00	1.200000e+01	9.000000e+01	9.600000e+01	0.000000e+00	0.000000e+00	0.000000e+00
6.000000e+00	1.200000e+01	9.600000e+01	1.020000e+02	0.000000e+00	0.000000e+00	0.000000e+00
6.000000e+00	1.200000e+01	1.020000e+02	1.080000e+02	0.000000e+00	0.000000e+00	0.000000e+00
6.000000e+00	1.200000e+01	1.080000e+02	1.140000e+02	0.000000e+00	0.000000e+00	0.000000e+00
6.000000e+00	1.200000e+01	1.140000e+02	1.200000e+02	0.000000e+00	0.000000e+00	0.000000e+00
6.000000e+00	1.200000e+01	1.200000e+02	1.260000e+02	0.000000e+00	0.000000e+00	0.000000e+00
6.000000e+00	1.200000e+01	1.260000e+02	1.320000e+02	0.000000e+00	0.000000e+00	0.000000e+00
6.000000e+00	1.200000e+01	1.320000e+02	1.380000e+02	0.000000e+00	0.000000e+00	0.000000e+00
6.000000e+00	1.200000e+01	1.380000e+02	1.440000e+02	0.000000e+00	0.000000e+00	0.000000e+00
6.000000e+00	1.200000e+01	1.440000e+02	1.500000e+02	0.000000e+00	0.000000e+00	0.000000e+00
6.000000e+00	1.200000e+01	1.500000e+02	1.560000e+02	0.000000e+00	0.000000e+00	0.000000e+00
6.000000e+00	1.200000e+01	1.560000e+02	1.620000e+02	0.000000e+00	0.000000e+00	0.000000e+00
6.000000e+00	1.200000e+01	1.620000e+02	1.680000e+02	0.000000e+00	0.000000e+00	0.000000e+00
6.000000e+00	1.200000e+01	1.680000e+02	1.740000e+02	0.000000e+00	0.000000e+00	0.000000e+00
6.000000e+00	1.200000e+01	1.740000e+02	1.800000e+02	0.000000e+00	0.000000e+00	0.000000e+00
1.200000e+01	1.800000e+01	0.000000e+00	6.000000e+00	0.000000e+00	0.000000e+00	0.000000e+00
1.200000e+01	1.800000e+01	6.000000e+00	1.200000e+01	0.000000e+00	0.000000e+00	0.000000e+00
1.200000e+01	1.800000e+01	1.200000e+01	1.800000e+01	0.000000e+00	0.000000e+00	0.000000e+00
1.200000e+01	1.800000e+01	1.800000e+01	2.400000e+01	0.000000e+00	0.000000e+00	0.000000e+00
1.200000e+01	1.800000e+01	2.400000e+01	3.000000e+01	0.000000e+00	0.000000e+00	0.000000e+00
1.200000e+01	1.800000e+01	3.000000e+01	3.600000e+01	0.000000e+00	0.000000e+00	0.000000e+00
1.200000e+01	1.800000e+01	3.600000e+01	4.200000e+01	0.000000e+00	0.000000e+00	0.000000e+00
1.200000e+01	1.800000e+01	4.200000e+01	4.800000e+01	0.000000e+00	0.000000e+00	0.000000e+00
1.200000e+01	1.800000e+01	4.800000e+01	5.400000e+01	0.000000e+00	0.000000e+00	0.000000e+00
1.200000e+01	1.800000e+01	5.400000e+01	6.000000e+01	0.000000e+00	0.000000e+00	0.000000e+00
1.200000e+01	1.800000e+01	6.000000e+01	6.600000e+01	0.000000e+00	0.000000e+00	0.000000e+00
1.200000e+01	1.800000e+01	6.600000e+01	7.200000e+01	0.000000e+00	0.000000e+00	0.000000e+00
1.200000e+01	1.800000e+01	7.200000e+01	7.800000e+01	0.000000e+00	0.000000e+00	0.000000e+00
1.200000e+01	1.800000e+01	7.800000e+01	8.400000e+01	0.000000e+00	0.000000e+00	0.000000e+00
1.200000e+01	1.800000e+01	8.400000e+01	9.000000e+01	0.000000e+00	0.000000e+00	0.000000e+00
1.200000e+01	1.800000e+01	9.000000e+01	9.600000e+01	0.000000e+00	0.000000e+00	0.000000e+00
1.200000e+01	1.800000e+01	9.600000e+01	1.020000e+02	0.000000e+00	0.000000e+00	0.000000e+00
1.200000e+01	1.800000e+01	1.020000e+02	1.080000e+02	0.000000e+00	0.000000e+00	0.000000e+00
1.200000e+01	1.800000e+01	1.080000e+02	1.140000e+02	0.000000e+00	0.000000e+00	0.000000e+00
1.200000e+01	1.800000e+01	1.140000e+02	1.200000e+02	0.000000e+00	0.000000e+00	0.000000e+00
1.200000e+01	1.800000e+01	1.200000e+02	1.260000e+02	0.000000e+00	0.000000e+00	0.000000e+00
1.200000e+01	1.800000e+01	1.260000e+02	1.320000e+02	0.000000e+00	0.000000e+00	0.000000e+00
1.200000e+01	1.800000e+01	1.320000e+02	1.380000e+02	0.000000e+00	0.000000e+00	0.000000e+00
1.200000e+01	1.800000e+01	1.380000e+02	1.440000e+02	0.000000e+00	0.000000e+00	0.000000e+00
1.200000e+01	1.800000e+01	1.440000e+02	1.500000e+02	0.000000e+00	0.000000e+00	0.000000e+00
1.200000e+01	1.800000e+01	1.500000e+02	1.560000e+02	0.000000e+00	0.000000e+00	0.000000e+00
1.200000e+01	1.800000e+01	1.560000e+02	1.620000e+02	0.000000e+00	0.000000e+00	0.000000e+00
1.200000e+01	1.800000e+01	1.620000e+02	1.680000e+02	0.000000e+00	0.000000e+00	0.000000e+00
1.200000e+01	1.800000e+01	1.680000e+02	1.740000e+02	0.000000e+00	0.000000e+00	0.000000e+00
1.200000e+01	1.800000e+01	1.740000e+02	1.800000e+02	0.000000e+00	0.000000e+00	0.000000e+00
1.800000e+01	2.400000e+01	0.000000e+00	6.000000e+00	0.000000e+00	0.000000e+00	0.000000e+00
1.800000e+01	2.400000e+01	6.000000e+00	1.200000e+01	0.000000e+00	0.000000e+00	0.000000e+00
1.800000e+01	2.400000e+01	1.200000e+01	1.800000e+01	0.000000e+00	0.000000e+00	0.000000e+00
1.800000e+01	2.400000e+01	1.800000e+01	2.400000e+01	0.000000e+00	0.000000e+00	0.000000e+00
1.800000e+01	2.400000e+01	2.400000e+01	3.000000e+01	0.000000e+00	0.000000e+00	0.000000e+00
1.800000e+01	2.400000e+01	3.000000e+01	3.600000e+01	0.000000e+00	0.000000e+00	0.000000e+00
1.800000e+01	2.400000e+01	3.600000e+01	4.200000e+01	0.000000e+00	0.000000e+00	0.000000e+00
1.800000e+01	2.400000e+01	4.200000e+01	4.800000e+01	0.000000e+00	0.000000e+00	0.000000e+00
1.800000e+01	2.400000e+01	4.800000e+01	5.400000e+01	0.000000e+00	0.000000e+00	0.000000e+00
1.800000e+01	2.400000e+01	5.400000e+01	6.000000e+01	0.000000e+00	0.000000e+00	0.000000e+00
1.800000e+01	2.400000e+01	6.000000e+01	6.600000e+01	0.000000e+00	0.000000e+00	0.000000e+00
1.800000e+01	2.400000e+01	6.600000e+01	7.200000e+01	0.000000e+00	0.000000e+00	0.000000e+00
1.800000e+01	2.400000e+01	7.200000e+01	7.800000e+01	0.000000e+00	0.000000e+00	0.000000e+00
1.800000e+01	2.400000e+01	7.800000e+01	8.400000e+01	0.000000e+00	0.000000e+00	0.000000e+00
1.800000e+01	2.400000e+01	8.400000e+01	9.000000e+01	0.000000e+00	0.000000e+00	0.000000e+00
1.800000e+01	2.400000e+01	9.000000e+01	9.600000e+01	0.000000e+00	0.000000e+00	0.000000e+00
1.800000e+01	2.400000e+01	9.600000e+01	1.020000e+02	0.000000e+00	0.000000e+00	0.000000e+00
1.800000e+01	2.400000e+01	1.020000e+02	1.080000e+02	0.000000e+00	0.000000e+00	0.000000e+00
1.800000e+01	2.400000e+01	1.080000e+02	1.140000e+02	0.000000e+00	0.000000e+00	0.000000e+00
1.800000e+01	2.400000e+01	1.140000e+02	1.200000e+02	0.000000e+00	0.000000e+00	0.000000e+00
1.800000e+01	2.400000e+01	1.200000e+02	1.260000e+02	0.000000e+00	0.000000e+00	0.000000e+00
1.800000e+01	2.400000e+01	1.260000e+02	1.320000e+02	0.000000e+00	0.000000e+00	0.000000e+00
1.800000e+01	2.400000e+01	1.320000e+02	1.380000e+02	0.000000e+00	0.000000e+00	0.000000e+00
1.800000e+01	2.400000e+01	1.380000e+02	1.440000e+02	0.000000e+00	0.000000e+00	0.000000e+00
1.800000e+01	2.400000e+01	1.440000e+02	1.500000e+02	0.000000e+00	0.000000e+00	0.000000e+00
1.800000e+01	2.400000e+01	1.500000e+02	1.560000e+02	0.000000e+00	0.000000e+00	0.000000e+00
1.800000e+01	2.400000e+01	1.560000e+02	1.620000e+02	0.000000e+00	0.000000e+00	0.000000e+00
1.800000e+01	2.400000e+01	1.620000e+02	1.680000e+02	0.000000e+00	0.000000e+00	0.000000e+00
1.800000e+01	2.400000e+01	1.680000e+02	1.740000e+02	0.000000e+00	0.000000e+00	0.000000e+00
1.800000e+01	2.400000e+01	1.740000e+02	1.800000e+02	0.000000e+00	0.000000e+00	0.000000e+00
2.400000e+01	3.000000e+01	0.000000e+00	6.000000e+00	0.000000e+00	0.000000e+00	0.000000e+00
2.400000e+01	3.000000e+01	6.000000e+00	1.200000e+01	0.000000e+00	0.000000e+00	0.000000e+00
2.400000e+01	3.000000e+01	1.200000e+01	1.800000e+01	0.000000e+00	0.000000e+00	0.000000e+00
2.400000e+01	3.000000e+01	1.800000e+01	2.400000e+01	0.000000e+00	0.000000e+00	0.000000e+00
2.400000e+01	3.000000e+01	2.400000e+01	3.000000e+01	0.000000e+00	0.000000e+00	0.000000e+00
2.400000e+01	3.000000e+01	3.000000e+01	3.600000e+01	0.000000e+00	0.000000e+00	0.000000e+00
2.400000e+01	3.000000e+01	3.600000e+01	4.200000e+01	0.000000e+00	0.000000e+00	0.000000e+00
2.400000e+01	3.000000e+01	4.200000e+01	4.800000e+01	0.000000e+00	0.000000e+00	0.000000e+00
2.400000e+01	3.000000e+01	4.800000e+01	5.400000e+01	0.000000e+00	0.000000e+00	0.000000e+00
2.400000e+01	3.000000e+01	5.400000e+01	6.000000e+01	0.000000e+00	0.000000e+00	0.000000e+00
2.400000e+01	3.000000e+01	6.000000e+01	6.600000e+01	0.000000e+00	0.000000e+00	0.000000e+00
2.400000e+01	3.000000e+01	6.600000e+01	7.200000e+01	0.000000e+00	0.000000e+00	0.000000e+00
2.400000e+01	3.000000e+01	7.200000e+01	7.800000e+01	0.000000e+00	0.000000e+00	0.000000e+00
2.400000e+01	3.000000e+01	7.800000e+01	8.400000e+01	0.000000e+00	0.000000e+00	0.000000e+00
2.400000e+01	3.000000e+01	8.400000e+01	9.000000e+01	0.000000e+00	0.000000e+00	0.000000e+00
2.400000e+01	3.000000e+01	9.000000e+01	9.600000e+01	0.000000e+00	0.000000e+00	0.000000e+00
2.400000e+01	3.000000e+01	9.600000e+01	1.020000e+02	0.000000e+00	0.000000e+00	0.000000e+00
2.400000e+01	3.000000e+01	1.020000e+02	1.080000e+02	0.000000e+00	0.000000e+00	0.000000e+00
2.400000e+01	3.000000e+01	1.080000e+02	1.140000e+02	0.000000e+00	0.000000e+00	0.000000e+00
2.400000e+01	3.000000e+01	1.140000e+02	1.200000e+02	0.000000e+00	0.000000e+00	0.000000e+00
2.400000e+01	3.000000e+01	1.200000e+02	1.260000e+02	0.000000e+00	0.000000e+00	0.000000e+00
2.400000e+01	3.000000e+01	1.260000e+02	1.320000e+02	0.000000e+00	0.000000e+00	0.000000e+00
2.400000e+01	3.000000e+01	1.320000e+02	1.380000e+02	0.000000e+00	0.000000e+00	0.000000e+00
2.400000e+01	3.000000e+01	1.380000e+02	1.440000e+02	0.000000e+00	0.000000e+00	0.000000e+00
2.400000e+01	3.000000e+01	1.440000e+02	1.500000e+02	0.000000e+00	0.000000e+00	0.000000e+00
2.400000e+01	3.000000e+01	1.500000e+02	1.560000e+02	0.000000e+00	0.000000e+00	0.000000e+00
2.400000e+01	3.000000e+01	1.560000e+02	1.620000e+02	0.000000e+00	0.000000e+00	0.000000e+00
2.400000e+01	3.000000e+01	1.620000e+02	1.680000e+02	0.000000e+00	0.000000e+00	0.000000e+00
2.400000e+01	3.000000e+01	1.680000e+02	1.740000e+02	0.000000e+00	0.000000e+00	0.000000e+00
2.400000e+01	3.000000e+01	1.740000e+02	1.800000e+02	0.000000e+00	0.000000e+00	0.000000e+00
3.000000e+01	3.600000e+01	0.000000e+00	6.000000e+00	0.000000e+00	0.000000e+00	0.000000e+00
3.000000e+01	3.600000e+01	6.000000e+00	1.200000e+01	0.000000e+00	0.000000e+00	0.000000e+00
3.000000e+01	3.600000e+01	1.200000e+01	1.800000e+01	0.000000e+00	0.000000e+00	0.000000e+00
3.000000e+01	3.600000e+01	1.800000e+01	2.400000e+01	0.000000e+00	0.000000e+00	0.000000e+00
3.000000e+01	3.600000e+01	2.400000e+01	3.000000e+01	0.000000e+00	0.000000e+00	0.000000e+00
3.000000e+01	3.600000e+01	3.000000e+01	3.600000e+01	0.000000e+00	0.000000e+00	0.000000e+00
3.000000e+01	3.600000e+01	3.600000e+01	4.200000e+01	0.000000e+00	0.000000e+00	0.000000e+00
3.000000e+01	3.600000e+01	4.200000e+01	4.800000e+01	0.000000e+00	0.000000e+00	0.000000e+00
3.000000e+01	3.600000e+01	4.800000e+01	5.400000e+01	0.000000e+00	0.000000e+00	0.000000e+00
3.000000e+01	3.600000e+01	5.400000e+01	6.000000e+01	0.000000e+00	0.000000e+00	0.000000e+00
3.000000e+01	3.600000e+01	6.000000e+01	6.600000e+01	0.000000e+00	0.000000e+00	0.000000e+00
3.000000e+01	3.600000e+01	6.600000e+01	7.200000e+01	0.000000e+00	0.000000e+00	0.000000e+00
3.000000e+01	3.600000e+01	7.200000e+01	7.800000e+01	0.000000e+00	0.000000e+00	0.000000e+00
3.000000e+01	3.600000e+01	7.800000e+01	8.400000e+01	0.000000e+00	0.000000e+00	0.000000e+00
3.000000e+01	3.600000e+01	8.400000e+01	9.000000e+01	0.000000e+00	0.000000e+00	0.000000e+00
3.000000e+01	3.600000e+01	9.000000e+01	9.600000e+01	0.000000e+00	0.000000e+00	0.000000e+00
3.000000e+01	3.600000e+01	9.600000e+01	1.020000e+02	0.000000e+00	0.000000e+00	0.000000e+00
3.000000e+01	3.600000e+01	1.020000e+02	1.080000e+02	0.000000e+00	0.000000e+00	0.000000e+00
3.000000e+01	3.600000e+01	1.080000e+02	1.140000e+02	0.000000e+00	0.000000e+00	0.000000e+00
3.000000e+01	3.600000e+01	1.140000e+02	1.200000e+02	0.000000e+00	0.000000e+00	0.000000e+00
3.000000e+01	3.600000e+01	1.200000e+02	1.260000e+02	0.000000e+00	0.000000e+00	0.000000e+00
3.000000e+01	3.600000e+01	1.260000e+02	1.320000e+02	0.000000e+00	0.000000e+00	0.000000e+00
3.000000e+01	3.600000e+01	1.320000e+02	1.380000e+02	0.000000e+00	0.000000e+00	0.000000e+00
3.000000e+01	3.600000e+01	1.380000e+02	1.440000e+02	0.000000e+00	0.000000e+00	0.000000e+00
3.000000e+01	3.600000e+01	1.440000e+02	1.500000e+02	0.000000e+00	0.000000e+00	0.000000e+00
3.000000e+01	3.600000e+01	1.500000e+02	1.560000e+02	0.000000e+00	0.000000e+00	0.000000e+00
3.000000e+01	3.600000e+01	1.560000e+02	1.620000e+02	0.000000e+00	0.000000e+00	0.000000e+00
3.000000e+01	3.600000e+01	1.620000e+02	1.680000e+02	0.000000e+00	0.000000e+00	0.000000e+00
3.000000e+01	3.600000e+01	1.680000e+02	1.740000e+02	0.000000e+00	0.000000e+00	0.000000e+00
3.000000e+01	3.600000e+01	1.740000e+02	1.800000e+02	0.000000e+00	0.000000e+00	0.000000e+00
3.600000e+01	4.200000e+01	0.000000e+00	6.000000e+00	0.000000e+00	0.000000e+00	0.000000e+00
3.600000e+01	4.200000e+01	6.000000e+00	1.200000e+01	0.000000e+00	0.000000e+00	0.000000e+00
3.600000e+01	4.200000e+01	1.200000e+01	1.800000e+01	0.000000e+00	0.000000e+00	0.000000e+00
3.600000e+01	4.200000e+01	1.800000e+01	2.400000e+01	0.000000e+00	0.000000e+00	0.000000e+00
3.600000e+01	4.200000e+01	2.400000e+01	3.000000e+01	0.000000e+00	0.000000e+00	0.000000e+00
3.600000e+01	4.200000e+01	3.000000e+01	3.600000e+01	0.000000e+00	0.000000e+00	0.000000e+00
3.600000e+01	4.200000e+01	3.600000e+01	4.200000e+01	0.000000e+00	0.000000e+00	0.000000e+00
3.600000e+01	4.200000e+01	4.200000e+01	4.800000e+01	0.000000e+00	0.000000e+00	0.000000e+00
3.600000e+01	4.200000e+01	4.800000e+01	5.400000e+01	0.000000e+00	0.000000e+00	0.000000e+00
3.600000e+01	4.200000e+01	5.400000e+01	6.000000e+01	0.000000e+00	0.000000e+00	0.000000e+00
3.600000e+01	4.200000e+01	6.000000e+01	6.600000e+01	0.000000e+00	0.000000e+00	0.000000e+00
3.600000e+01	4.200000e+01	6.600000e+01	7.200000e+01	0.000000e+00	0.000000e+00	0.000000e+00
3.600000e+01	4.200000e+01	7.200000e+01	7.800000e+01	0.000000e+00	0.000000e+00	0.000000e+00
3.600000e+01	4.200000e+01	7.800000e+01	8.400000e+01	0.000000e+00	0.000000e+00	0.000000e+00
3.600000e+01	4.200000e+01	8.400000e+01	9.000000e+01	0.000000e+00	0.000000e+00	0.000000e+00
3.600000e+01	4.200000e+01	9.000000e+01	9.600000e+01	0.000000e+00	0.000000e+00	0.000000e+00
3.600000e+01	4.200000e+01	9.600000e+01	1.020000e+02	0.000000e+00	0.000000e+00	0.000000e+00
3.600000e+01	4.200000e+01	1.020000e+02	1.080000e+02	0.000000e+00	0.000000e+00	0.000000e+00
3.600000e+01	4.200000e+01	1.080000e+02	1.140000e+02	0.000000e+00	0.000000e+00	0.000000e+00
3.600000e+01	4.200000e+01	1.140000e+02	1.200000e+02	0.000000e+00	0.000000e+00	0.000000e+00
3.600000e+01	4.200000e+01	1.200000e+02	1.260000e+02	0.000000e+00	0.000000e+00	0.000000e+00
3.600000e+01	4.200000e+01	1.260000e+02	1.320000e+02	0.000000e+00	0.000000e+00	0.000000e+00
3.600000e+01	4.200000e+01	1.320000e+02	1.380000e+02	0.000000e+00	0.000000e+00	0.000000e+00
3.600000e+01	4.200000e+01	1.380000e+02	1.440000e+02	0.000000e+00	0.000000e+00	0.000000e+00
3.600000e+01	4.200000e+01	1.440000e+02	1.500000e+02	0.000000e+00	0.000000e+00	0.000000e+00
3.600000e+01	4.200000e+01	1.500000e+02	1.560000e+02	0.000000e+00	0.000000e+00	0.000000e+00
3.600000e+01	4.200000e+01	1.560000e+02	1.620000e+02	0.000000e+00	0.000000e+00	0.000000e+00
3.600000e+01	4.200000e+01	1.620000e+02	1.680000e+02	0.000000e+00	0.000000e+00	0.000000e+00
3.600000e+01	4.200000e+01	1.680000e+02	1.740000e+02	0.000000e+00	0.000000e+00	0.000000e+00
3.600000e+01	4.200000e+01	1.740000e+02	1.800000e+02	0.000000e+00	0.000000e+00	0.000000e+00
4.200000e+01	4.800000e+01	0.000000e+00	6.000000e+00	0.000000e+00	0.000000e+00	0.000000e+00
4.200000e+01	4.800000e+01	6.000000e+00	1.200000e+01	0.000000e+00	0.000000e+00	0.000000e+00
4.200000e+01	4.800000e+01	1.200000e+01	1.800000e+01	0.000000e+00	0.000000e+00	0.000000e+00
4.200000e+01	4.800000e+01	1.800000e+01	2.400000e+01	0.000000e+00	0.000000e+00	0.000000e+00
4.200000e+01	4.800000e+01	2.400000e+01	3.000000e+01	0.000000e+00	0.000000e+00	0.000000e+00
4.200000e+01	4.800000e+01	3.000000e+01	3.600000e+01	0.000000e+00	0.000000e+00	0.000000e+00
4.200000e+01	4.800000e+01	3.600000e+01	4.200000e+01	0.000000e+00	0.000000e+00	0.000000e+00
4.200000e+01	4.800000e+01	4.200000e+01	4.800000e+01	0.000000e+00	0.000000e+00	0.000000e+00
4.200000e+01	4.800000e+01	4.800000e+01	5.400000e+01	0.000000e+00	0.000000e+00	0.000000e+00
4.200000e+01	4.800000e+01	5.400000e+01	6.000000e+01	0.000000e+00	0.000000e+00	0.000000e+00
4.200000e+01	4.800000e+01	6.000000e+01	6.600000e+01	0.000000e+00	0.000000e+00	0.000000e+00
4.200000e+01	4.800000e+01	6.600000e+01	7.200000e+01	0.000000e+00	0.000000e+00	0.000000e+00
4.200000e+01	4.800000e+01	7.200000e+01	7.800000e+01	0.000000e+00	0.000000e+00	0.000000e+00
4.200000e+01	4.800000e+01	7.800000e+01	8.400000e+01	0.000000e+00	0.000000e+00	0.000000e+00
4.200000e+01	4.800000e+01	8.400000e+01	9.000000e+01	0.000000e+00	0.000000e+00	0.000000e+00
4.200000e+01	4.800000e+01	9.000000e+01	9.600000e+01	0.000000e+00	0.000000e+00	0.000000e+00
4.200000e+01	4.800000e+01	9.600000e+01	1.020000e+02	0.000000e+00	0.000000e+00	0.000000e+00
4.200000e+01	4.800000e+01	1.020000e+02	1.080000e+02	0.000000e+00	0.000000e+00	0.000000e+00
4.200000e+01	4.800000e+01	1.080000e+02	1.140000e+02	0.000000e+00	0.000000e+00	0.000000e+00
4.200000e+01	4.800000e+01	1.140000e+02	1.200000e+02	0.000000e+00	0.000000e+00	0.000000e+00
4.200000e+01	4.800000e+01	1.200000e+02	1.260000e+02	0.000000e+00	0.000000e+00	0.000000e+00
4.200000e+01	4.800000e+01	1.260000e+02	1.320000e+02	0.000000e+00	0.000000e+00	0.000000e+00
4.200000e+01	4.800000e+01	1.320000e+02	1.380000e+02	0.000000e+00	0.000000e+00	0.000000e+00
4.200000e+01	4.800000e+01	1.380000e+02	1.440000e+02	0.000000e+00	0.000000e+00	0.000000e+00
4.200000e+01	4.800000e+01	1.440000e+02	1.500000e+02	0.000000e+00	0.000000e+00	0.000000e+00
4.200000e+01	4.800000e+01	1.500000e+02	1.560000e+02	0.000000e+00	0.000000e+00	0.000000e+00
4.200000e+01	4.800000e+01	1.560000e+02	1.620000e+02	0.000000e+00	0.000000e+00	0.000000e+00
4.200000e+01	4.800000e+01	1.620000e+02	1.680000e+02	0.000000e+00	0.000000e+00	0.000000e+00
4.200000e+01	4.800000e+01	1.680000e+02	1.740000e+02	0.000000e+00	0.000000e+00	0.000000e+00
4.200000e+01	4.800000e+01	1.740000e+02	1.800000e+02	0.000000e+00	0.000000e+00	0.000000e+00
4.800000e+01	5.400000e+01	0.000000e+00	6.000000e+00	0.000000e+00	0.000000e+00	0.000000e+00
4.800000e+01	5.400000e+01	6.000000e+00	1.200000e+01	0.000000e+00	0.000000e+00	0.000000e+00
4.800000e+01	5.400000e+01	1.200000e+01	1.800000e+01	0.000000e+00	0.000000e+00	0.000000e+00
4.800000e+01	5.400000e+01	1.800000e+01	2.400000e+01	0.000000e+00	0.000000e+00	0.000000e+00
4.800000e+01	5.400000e+01	2.400000e+01	3.000000e+01	0.000000e+00	0.000000e+00	0.000000e+00
4.800000e+01	5.400000e+01	3.000000e+01	3.600000e+01	0.000000e+00	0.000000e+00	0.000000e+00
4.800000e+01	5.400000e+01	3.600000e+01	4.200000e+01	0.000000e+00	0.000000e+00	0.000000e+00
4.800000e+01	5.400000e+01	4.200000e+01	4.800000e+01	0.000000e+00	0.000000e+00	0.000000e+00
4.800000e+01	5.400000e+01	4.800000e+01	5.400000e+01	0.000000e+00	0.000000e+00	0.000000e+00
4.800000e+01	5.400000e+01	5.400000e+01	6.000000e+01	0.000000e+00	0.000000e+00	0.000000e+00
4.800000e+01	5.400000e+01	6.000000e+01	6.600000e+01	0.000000e+00	0.000000e+00	0.000000e+00
4.800000e+01	5.400000e+01	6.600000e+01	7.200000e+01	0.000000e+00	0.000000e+00	0.000000e+00
4.800000e+01	5.400000e+01	7.200000e+01	7.800000e+01	0.000000e+00	0.000000e+00	0.000000e+00
4.800000e+01	5.400000e+01	7.800000e+01	8.400000e+01	0.000000e+00	0.000000e+00	0.000000e+00
4.800000e+01	5.400000e+01	8.400000e+01	9.000000e+01	0.000000e+00	0.000000e+00	0.000000e+00
4.800000e+01	5.400000e+01	9.000000e+01	9.600000e+01	0.000000e+00	0.000000e+00	0.000000e+00
4.800000e+01	5.400000e+01	9.600000e+01	1.020000e+02	0.000000e+00	0.000000e+00	0.000000e+00
4.800000e+01	5.400000e+01	1.020000e+02	1.080000e+02	0.000000e+00	0.000000e+00	0.000000e+00
4.800000e+01	5.400000e+01	1.080000e+02	1.140000e+02	0.000000e+00	0.000000e+00	0.000000e+00
4.800000e+01	5.400000e+01	1.140000e+02	1.200000e+02	0.000000e+00	0.000000e+00	0.000000e+00
4.800000e+01	5.400000e+01	1.200000e+02	1.260000e+02	0.000000e+00	0.000000e+00	0.000000e+00
4.800000e+01	5.400000e+01	1.260000e+02	1.320000e+02	0.000000e+00	0.000000e+00	0.000000e+00
4.800000e+01	5.400000e+01	1.320000e+02	1.380000e+02	0.000000e+00	0.000000e+00	0.000000e+00
4.800000e+01	5.400000e+01	1.380000e+02	1.440000e+02	0.000000e+00	0.000000e+00	0.000000e+00
4.800000e+01	5.400000e+01	1.440000e+02	1.500000e+02	0.000000e+00	0.000000e+00	0.000000e+00
4.800000e+01	5.400000e+01	1.500000e+02	1.560000e+02	0.000000e+00	0.000000e+00	0.000000e+00
4.800000e+01	5.400000e+01	1.560000e+02	1.620000e+02	0.000000e+00	0.000000e+00	0.000000e+00
4.800000e+01	5.400000e+01	1.620000e+02	1.680000e+02	0.000000e+00	0.000000e+00	0.000000e+00
4.800000e+01	5.400000e+01	1.680000e+02	1.740000e+02	0.000000e+00	0.000000e+00	0.000000e+00
4.800000e+01	5.400000e+01	1.740000e+02	1.800000e+02	0.000000e+00	0.000000e+00	0.000000e+00
5.400000e+01	6.000000e+01	0.000000e+00	6.000000e+00	0.000000e+00	0.000000e+00	0.000000e+00
5.400000e+01	6.000000e+01	6.000000e+00	1.200000e+01	0.000000e+00	0.000000e+00	0.000000e+00
5.400000e+01	6.000000e+01	1.200000e+01	1.800000e+01	0.000000e+00	0.000000e+00	0.000000e+00
5.400000e+01	6.000000e+01	1.800000e+01	2.400000e+01	0.000000e+00	0.000000e+00	0.000000e+00
5.400000e+01	6.000000e+01	2.400000e+01	3.000000e+01	0.000000e+00	0.000000e+00	0.000000e+00
5.400000e+01	6.000000e+01	3.000000e+01	3.600000e+01	0.000000e+00	0.000000e+00	0.000000e+00
5.400000e+01	6.000000e+01	3.600000e+01	4.200000e+01	0.000000e+00	0.000000e+00	0.000000e+00
5.400000e+01	6.000000e+01	4.200000e+01	4.800000e+01	0.000000e+00	0.000000e+00	0.000000e+00
5.400000e+01	6.000000e+01	4.800000e+01	5.400000e+01	0.000000e+00	0.000000e+00	0.000000e+00
5.400000e+01	6.000000e+01	5.400000e+01	6.000000e+01	0.000000e+00	0.000000e+00	0.000000e+00
5.400000e+01	6.000000e+01	6.000000e+01	6.600000e+01	0.000000e+00	0.000000e+00	0.000000e+00
5.400000e+01	6.000000e+01	6.600000e+01	7.200000e+01	0.000000e+00	0.000000e+00	0.000000e+00
5.400000e+01	6.000000e+01	7.200000e+01	7.800000e+01	0.000000e+00	0.000000e+00	0.000000e+00
5.400000e+01	6.000000e+01	7.800000e+01	8.400000e+01	0.000000e+00	0.000000e+00	0.000000e+00
5.400000e+01	6.000000e+01	8.400000e+01	9.000000e+01	0.000000e+00	0.000000e+00	0.000000e+00
5.400000e+01	6.000000e+01	9.000000e+01	9.600000e+01	0.000000e+00	0.000000e+00	0.000000e+00
5.400000e+01	6.000000e+01	9.600000e+01	1.020000e+02	0.000000e+00	0.000000e+00	0.000000e+00
5.400000e+01	6.000000e+01	1.020000e+02	1.080000e+02	0.000000e+00	0.000000e+00	0.000000e+00
5.400000e+01	6.000000e+01	1.080000e+02	1.140000e+02	0.000000e+00	0.000000e+00	0.000000e+00
5.400000e+01	6.000000e+01	1.140000e+02	1.200000e+02	0.000000e+00	0.000000e+00	0.000000e+00
5.400000e+01	6.000000e+01	1.200000e+02	1.260000e+02	0.000000e+00	0.000000e+00	0.000000e+00
5.400000e+01	6.000000e+01	1.260000e+02	1.320000e+02	0.000000e+00	0.000000e+00	0.000000e+00
5.400000e+01	6.000000e+01	1.320000e+02	1.380000e+02	0.000000e+00	0.000000e+00	0.000000e+00
5.400000e+01	6.000000e+01	1.380000e+02	1.440000e+02	0.000000e+00	0.000000e+00	0.000000e+00
5.400000e+01	6.000000e+01	1.440000e+02	1.500000e+02	0.000000e+00	0.000000e+00	0.000000e+00
5.400000e+01	6.000000e+01	1.500000e+02	1.560000e+02	0.000000e+00	0.000000e+00	0.000000e+00
5.400000e+01	6.000000e+01	1.560000e+02	1.620000e+02	0.000000e+00	0.000000e+00	0.000000e+00
5.400000e+01	6.000000e+01	1.620000e+02	1.680000e+02	0.000000e+00	0.000000e+00	0.000000e+00
5.400000e+01	6.000000e+01	1.680000e+02	1.740000e+02	0.000000e+00	0.000000e+00	0.000000e+00
5.400000e+01	6.000000e+01	1.740000e+02	1.800000e+02	0.000000e+00	0.000000e+00	0.000000e+00
6.000000e+01	6.600000e+01	0.000000e+00	6.000000e+00	0.000000e+00	0.000000e+00	0.000000e+00
6.000000e+01	6.600000e+01	6.000000e+00	1.200000e+01	0.000000e+00	0.000000e+00	0.000000e+00
6.000000e+01	6.600000e+01	1.200000e+01	1.800000e+01	0.000000e+00	0.000000e+00	0.000000e+00
6.000000e+01	6.600000e+01	1.800000e+01	2.400000e+01	0.000000e+00	0.000000e+00	0.000000e+00
6.000000e+01	6.600000e+01	2.400000e+01	3.000000e+01	0.000000e+00	0.000000e+00	0.000000e+00
6.000000e+01	6.600000e+01	3.000000e+01	3.600000e+01	0.000000e+00	0.000000e+00	0.000000e+00
6.000000e+01	6.600000e+01	3.600000e+01	4.200000e+01	0.000000e+00	0.000000e+00	0.000000e+00
6.000000e+01	6.600000e+01	4.200000e+01	4.800000e+01	0.000000e+00	0.000000e+00	0.000000e+00
6.000000e+01	6.600000e+01	4.800000e+01	5.400000e+01	0.000000e+00	0.000000e+00	0.000000e+00
6.000000e+01	6.600000e+01	5.400000e+01	6.000000e+01	0.000000e+00	0.000000e+00	0.000000e+00
6.000000e+01	6.600000e+01	6.000000e+01	6.600000e+01	0.000000e+00	0.000000e+00	0.000000e+00
6.000000e+01	6.600000e+01	6.600000e+01	7.200000e+01	0.000000e+00	0.000000e+00	0.000000e+00
6.000000e+01	6.600000e+01	7.200000e+01	7.800000e+01	0.000000e+00	0.000000e+00	0.000000e+00
6.000000e+01	6.600000e+01	7.800000e+01	8.400000e+01	0.000000e+00	0.000000e+00	0.000000e+00
6.000000e+01	6.600000e+01	8.400000e+01	9.000000e+01	0.000000e+00	0.000000e+00	0.000000e+00
6.000000e+01	6.600000e+01	9.000000e+01	9.600000e+01	0.000000e+00	0.000000e+00	0.000000e+00
6.000000e+01	6.600000e+01	9.600000e+01	1.020000e+02	0.000000e+00	0.000000e+00	0.000000e+00
6.000000e+01	6.600000e+01	1.020000e+02	1.080000e+02	0.000000e+00	0.000000e+00	0.000000e+00
6.000000e+01	6.600000e+01	1.080000e+02	1.140000e+02	0.000000e+00	0.000000e+00	0.000000e+00
6.000000e+01	6.600000e+01	1.140000e+02	1.200000e+02	0.000000e+00	0.000000e+00	0.000000e+00
6.000000e+01	6.600000e+01	1.200000e+02	1.260000e+02	0.000000e+00	0.000000e+00	0.000000e+00
6.000000e+01	6.600000e+01	1.260000e+02	1.320000e+02	0.000000e+00	0.000000e+00	0.000000e+00
6.000000e+01	6.600000e+01	1.320000e+02	1.380000e+02	0.000000e+00	0.000000e+00	0.000000e+00
6.000000e+01	6.600000e+01	1.380000e+02	1.440000e+02	0.000000e+00	0.000000e+00	0.000000e+00
6.000000e+01	6.600000e+01	1.440000e+02	1.500000e+02	0.000000e+00	0.000000e+00	0.000000e+00
6.000000e+01	6.600000e+01	1.500000e+02	1.560000e+02	0.000000e+00	0.000000e+00	0.000000e+00
6.000000e+01	6.600000e+01	1.560000e+02	1.620000e+02	0.000000e+00	0.000000e+00	0.000000e+00
6.000000e+01	6.600000e+01	1.620000e+02	1.680000e+02	0.000000e+00	0.000000e+00	0.000000e+00
6.000000e+01	6.600000e+01	1.680000e+02	1.740000e+02	0.000000e+00	0.000000e+00	0.000000e+00
6.000000e+01	6.600000e+01	1.740000e+02	1.800000e+02	0.000000e+00	0.000000e+00	0.000000e+00
6.600000e+01	7.200000e+01	0.000000e+00	6.000000e+00	0.000000e+00	0.000000e+00	0.000000e+00
6.600000e+01	7.200000e+01	6.000000e+00	1.200000e+01	0.000000e+00	0.000000e+00	0.000000e+00
6.600000e+01	7.200000e+01	1.200000e+01	1.800000e+01	0.000000e+00	0.000000e+00	0.000000e+00
6.600000e+01	7.200000e+01	1.800000e+01	2.400000e+01	0.000000e+00	0.000000e+00	0.000000e+00
6.600000e+01	7.200000e+01	2.400000e+01	3.000000e+01	0.000000e+00	0.000000e+00	0.000000e+00
6.600000e+01	7.200000e+01	3.000000e+01	3.600000e+01	0.000000e+00	0.000000e+00	0.000000e+00
6.600000e+01	7.200000e+01	3.600000e+01	4.200000e+01	0.000000e+00	0.000000e+00	0.000000e+00
6.600000e+01	7.200000e+01	4.200000e+01	4.800000e+01	0.000000e+00	0.000000e+00	0.000000e+00
6.600000e+01	7.200000e+01	4.800000e+01	5.400000e+01	0.000000e+00	0.000000e+00	0.000000e+00
6.600000e+01	7.200000e+01	5.400000e+01	6.000000e+01	0.000000e+00	0.000000e+00	0.000000e+00
6.600000e+01	7.200000e+01	6.000000e+01	6.600000e+01	0.000000e+00	0.000000e+00	0.000000e+00
6.600000e+01	7.200000e+01	6.600000e+01	7.200000e+01	0.000000e+00	0.000000e+00	0.000000e+00
6.600000e+01	7.200000e+01	7.200000e+01	7.800000e+01	0.000000e+00	0.000000e+00	0.000000e+00
6.600000e+01	7.200000e+01	7.800000e+01	8.400000e+01	0.000000e+00	0.000000e+00	0.000000e+00
6.600000e+01	7.200000e+01	8.400000e+01	9.000000e+01	0.000000e+00	0.000000e+00	0.000000e+00
6.600000e+01	7.200000e+01	9.000000e+01	9.600000e+01	0.000000e+00	0.000000e+00	0.000000e+00
6.600000e+01	7.200000e+01	9.600000e+01	1.020000e+02	0.000000e+00	0.000000e+00	0.000000e+00
6.600000e+01	7.200000e+01	1.020000e+02	1.080000e+02	0.000000e+00	0.000000e+00	0.000000e+00
6.600000e+01	7.200000e+01	1.080000e+02	1.140000e+02	0.000000e+00	0.000000e+00	0.000000e+00
6.600000e+01	7.200000e+01	1.140000e+02	1.200000e+02	0.000000e+00	0.000000e+00	0.000000e+00
6.600000e+01	7.200000e+01	1.200000e+02	1.260000e+02	0.000000e+00	0.000000e+00	0.000000e+00
6.600000e+01	7.200000e+01	1.260000e+02	1.320000e+02	0.000000e+00	0.000000e+00	0.000000e+00
6.600000e+01	7.200000e+01	1.320000e+02	1.380000e+02	0.000000e+00	0.000000e+00	0.000000e+00
6.600000e+01	7.200000e+01	1.380000e+02	1.440000e+02	0.000000e+00	0.000000e+00	0.000000e+00
6.600000e+01	7.200000e+01	1.440000e+02	1.500000e+02	0.000000e+00	0.000000e+00	0.000000e+00
6.600000e+01	7.200000e+01	1.500000e+02	1.560000e+02	0.000000e+00	0.000000e+00	0.000000e+00
6.600000e+01	7.200000e+01	1.560000e+02	1.620000e+02	0.000000e+00	0.000000e+00	0.000000e+00
6.600000e+01	7.200000e+01	1.620000e+02	1.680000e+02	0.000000e+00	0.000000e+00	0.000000e+00
6.600000e+01	7.200000e+01	1.680000e+02	1.740000e+02	0.000000e+00	0.000000e+00	0.000000e+00
6.600000e+01	7.200000e+01	1.740000e+02	1.800000e+02	0.000000e+00	0.000000e+00	0.000000e+00
7.200000e+01	7.800000e+01	0.000000e+00	6.000000e+00	0.000000e+00	0.000000e+00	0.000000e+00
7.200000e+01	7.800000e+01	6.000000e+00	1.200000e+01	0.000000e+00	0.000000e+00	0.000000e+00
7.200000e+01	7.800000e+01	1.200000e+01	1.800000e+01	0.000000e+00	0.000000e+00	0.000000e+00
7.200000e+01	7.800000e+01	1.800000e+01	2.400000e+01	0.000000e+00	0.000000e+00	0.000000e+00
7.200000e+01	7.800000e+01	2.400000e+01	3.000000e+01	0.000000e+00	0.000000e+00	0.000000e+00
7.200000e+01	7.800000e+01	3.000000e+01	3.600000e+01	0.000000e+00	0.000000e+00	0.000000e+00
7.200000e+01	7.800000e+01	3.600000e+01	4.200000e+01	0.000000e+00	0.000000e+00	0.000000e+00
7.200000e+01	7.800000e+01	4.200000e+01	4.800000e+01	0.000000e+00	0.000000e+00	0.000000e+00
7.200000e+01	7.800000e+01	4.800000e+01	5.400000e+01	0.000000e+00	0.000000e+00	0.000000e+00
7.200000e+01	7.800000e+01	5.400000e+01	6.000000e+01	0.000000e+00	0.000000e+00	0.000000e+00
7.200000e+01	7.800000e+01	6.000000e+01	6.600000e+01	0.000000e+00	0.000000e+00	0.000000e+00
7.200000e+01	7.800000e+01	6.600000e+01	7.200000e+01	0.000000e+00	0.000000e+00	0.000000e+00
7.200000e+01	7.800000e+01	7.200000e+01	7.800000e+01	0.000000e+00	0.000000e+00	0.000000e+00
7.200000e+01	7.800000e+01	7.800000e+01	8.400000e+01	0.000000e+00	0.000000e+00	0.000000e+00
7.200000e+01	7.800000e+01	8.400000e+01	9.000000e+01	0.000000e+00	0.000000e+00	0.000000e+00
7.200000e+01	7.800000e+01	9.000000e+01	9.600000e+01	0.000000e+00	0.000000e+00	0.000000e+00
7.200000e+01	7.800000e+01	9.600000e+01	1.020000e+02	0.000000e+00	0.000000e+00	0.000000e+00
7.200000e+01	7.800000e+01	1.020000e+02	1.080000e+02	0.000000e+00	0.000000e+00	0.000000e+00
7.200000e+01	7.800000e+01	1.080000e+02	1.140000e+02	0.000000e+00	0.000000e+00	0.000000e+00
7.200000e+01	7.800000e+01	1.140000e+02	1.200000e+02	0.000000e+00	0.000000e+00	0.000000e+00
7.200000e+01	7.800000e+01	1.200000e+02	1.260000e+02	0.000000e+00	0.000000e+00	0.000000e+00
7.200000e+01	7.800000e+01	1.260000e+02	1.320000e+02	0.000000e+00	0.000000e+00	0.000000e+00
7.200000e+01	7.800000e+01	1.320000e+02	1.380000e+02	0.000000e+00	0.000000e+00	0.000000e+00
7.200000e+01	7.800000e+01	1.380000e+02	1.440000e+02	0.000000e+00	0.000000e+00	0.000000e+00
7.200000e+01	7.800000e+01	1.440000e+02	1.500000e+02	0.000000e+00	0.000000e+00	0.000000e+00
7.200000e+01	7.800000e+01	1.500000e+02	1.560000e+02	0.000000e+00	0.000000e+00	0.000000e+00
7.200000e+01	7.800000e+01	1.560000e+02	1.620000e+02	0.000000e+00	0.000000e+00	0.000000e+00
7.200000e+01	7.800000e+01	1.620000e+02	1.680000e+02	0.000000e+00	0.000000e+00	0.000000e+00
7.200000e+01	7.800000e+01	1.680000e+02	1.740000e+02	0.000000e+00	0.000000e+00	0.000000e+00
7.200000e+01	7.800000e+01	1.740000e+02	1.800000e+02	0.000000e+00	0.000000e+00	0.000000e+00
7.800000e+01	8.400000e+01	0.000000e+00	6.000000e+00	0.000000e+00	0.000000e+00	0.000000e+00
7.800000e+01	8.400000e+01	6.000000e+00	1.200000e+01	0.000000e+00	0.000000e+00	0.000000e+00
7.800000e+01	8.400000e+01	1.200000e+01	1.800000e+01	0.000000e+00	0.000000e+00	0.000000e+00
7.800000e+01	8.400000e+01	1.800000e+01	2.400000e+01	0.000000e+00	0.000000e+00	0.000000e+00
7.800000e+01	8.400000e+01	2.400000e+01	3.000000e+01	0.000000e+00	0.000000e+00	0.000000e+00
7.800000e+01	8.400000e+01	3.000000e+01	3.600000e+01	0.000000e+00	0.000000e+00	0.000000e+00
7.800000e+01	8.400000e+01	3.600000e+01	4.200000e+01	0.000000e+00	0.000000e+00	0.000000e+00
7.800000e+01	8.400000e+01	4.200000e+01	4.800000e+01	0.000000e+00	0.000000e+00	0.000000e+00
7.800000e+01	8.400000e+01	4.800000e+01	5.400000e+01	0.000000e+00	0.000000e+00	0.000000e+00
7.800000e+01	8.400000e+01	5.400000e+01	6.000000e+01	0.000000e+00	0.000000e+00	0.000000e+00
7.800000e+01	8.400000e+01	6.000000e+01	6.600000e+01	0.000000e+00	0.000000e+00	0.000000e+00
7.800000e+01	8.400000e+01	6.600000e+01	7.200000e+01	0.000000e+00	0.000000e+00	0.000000e+00
7.800000e+01	8.400000e+01	7.200000e+01	7.800000e+01	0.000000e+00	0.000000e+00	0.000000e+00
7.800000e+01	8.400000e+01	7.800000e+01	8.400000e+01	0.000000e+00	0.000000e+00	0.000000e+00
7.800000e+01	8.400000e+01	8.400000e+01	9.000000e+01	0.000000e+00	0.000000e+00	0.000000e+00
7.800000e+01	8.400000e+01	9.000000e+01	9.600000e+01	0.000000e+00	0.000000e+00	0.000000e+00
7.800000e+01	8.400000e+01	9.600000e+01	1.020000e+02	0.000000e+00	0.000000e+00	0.000000e+00
7.800000e+01	8.400000e+01	1.020000e+02	1.080000e+02	0.000000e+00	0.000000e+00	0.000000e+00
7.800000e+01	8.400000e+01	1.080000e+02	1.140000e+02	0.000000e+00	0.000000e+00	0.000000e+00
7.800000e+01	8.400000e+01	1.140000e+02	1.200000e+02	0.000000e+00	0.000000e+00	0.000000e+00
7.800000e+01	8.400000e+01	1.200000e+02	1.260000e+02	0.000000e+00	0.000000e+00	0.000000e+00
7.800000e+01	8.400000e+01	1.260000e+02	1.320000e+02	0.000000e+00	0.000000e+00	0.000000e+00
7.800000e+01	8.400000e+01	1.320000e+02	1.380000e+02	0.000000e+00	0.000000e+00	0.000000e+00
7.800000e+01	8.400000e+01	1.380000e+02	1.440000e+02	0.000000e+00	0.000000e+00	0.000000e+00
7.800000e+01	8.400000e+01	1.440000e+02	1.500000e+02	0.000000e+00	0.000000e+00	0.000000e+00
7.800000e+01	8.400000e+01	1.500000e+02	1.560000e+02	0.000000e+00	0.000000e+00	0.000000e+00
7.800000e+01	8.400000e+01	1.560000e+02	1.620000e+02	0.000000e+00	0.000000e+00	0.000000e+00
7.800000e+01	8.400000e+01	1.620000e+02	1.680000e+02	0.000000e+00	0.000000e+00	0.000000e+00
7.800000e+01	8.400000e+01	1.680000e+02	1.740000e+02	0.000000e+00	0.000000e+00	0.000000e+00
7.800000e+01	8.400000e+01	1.740000e+02	1.800000e+02	0.000000e+00	0.000000e+00	0.000000e+00
8.400000e+01	9.000000e+01	0.000000e+00	6.000000e+00	0.000000e+00	0.000000e+00	0.000000e+00
8.400000e+01	9.000000e+01	6.000000e+00	1.200000e+01	0.000000e+00	0.000000e+00	0.000000e+00
8.400000e+01	9.000000e+01	1.200000e+01	1.800000e+01	0.000000e+00	0.000000e+00	0.000000e+00
8.400000e+01	9.000000e+01	1.800000e+01	2.400000e+01	0.000000e+00	0.000000e+00	0.000000e+00
8.400000e+01	9.000000e+01	2.400000e+01	3.000000e+01	0.000000e+00	0.000000e+00	0.000000e+00
8.400000e+01	9.000000e+01	3.000000e+01	3.600000e+01	0.000000e+00	0.000000e+00	0.000000e+00
8.400000e+01	9.000000e+01	3.600000e+01	4.200000e+01	0.000000e+00	0.000000e+00	0.000000e+00
8.400000e+01	9.000000e+01	4.200000e+01	4.800000e+01	0.000000e+00	0.000000e+00	0.000000e+00
8.400000e+01	9.000000e+01	4.800000e+01	5.400000e+01	0.000000e+00	0.000000e+00	0.000000e+00
8.400000e+01	9.000000e+01	5.400000e+01	6.000000e+01	0.000000e+00	0.000000e+00	0.000000e+00
8.400000e+01	9.000000e+01	6.000000e+01	6.600000e+01	0.000000e+00	0.000000e+00	0.000000e+00
8.400000e+01	9.000000e+01	6.600000e+01	7.200000e+01	0.000000e+00	0.000000e+00	0.000000e+00
8.400000e+01	9.000000e+01	7.200000e+01	7.800000e+01	0.000000e+00	0.000000e+00	0.000000e+00
8.400000e+01	9.000000e+01	7.800000e+01	8.400000e+01	0.000000e+00	0.000000e+00	0.000000e+00
8.400000e+01	9.000000e+01	8.400000e+01	9.000000e+01	3.487622e-04	2.251251e-05	2.251251e-05
8.400000e+01	9.000000e+01	9.000000e+01	9.600000e+01	3.850917e-04	2.365600e-05	2.365600e-05
8.400000e+01	9.000000e+01	9.600000e+01	1.020000e+02	4.199681e-04	2.470400e-05	2.470400e-05
8.400000e+01	9.000000e+01	1.020000e+02	1.080000e+02	4.272339e-04	2.491679e-05	2.491679e-05
8.400000e+01	9.000000e+01	1.080000e+02	1.140000e+02	5.231436e-04	2.757209e-05	2.757209e-05
8.400000e+01	9.000000e+01	1.140000e+02	1.200000e+02	6.393978e-04	3.048208e-05	3.048208e-05
8.400000e+01	9.000000e+01	1.200000e+02	1.260000e+02	5.667389e-04	2.869794e-05	2.869794e-05
8.400000e+01	9.000000e+01	1.260000e+02	1.320000e+02	3.618408e-04	2.293074e-05	2.293074e-05
8.400000e+01	9.000000e+01	1.320000e+02	1.380000e+02	2.252424e-04	1.809190e-05	1.809190e-05
8.400000e+01	9.000000e+01	1.380000e+02	1.440000e+02	1.976320e-04	1.694681e-05	1.694681e-05
8.400000e+01	9.000000e+01	1.440000e+02	1.500000e+02	1.511304e-04	1.481955e-05	1.481955e-05
8.400000e+01	9.000000e+01	1.500000e+02	1.560000e+02	1.540367e-04	1.496137e-05	1.496137e-05
8.400000e+01	9.000000e+01	1.560000e+02	1.620000e+02	1.496772e-04	1.474813e-05	1.474813e-05
8.400000e+01	9.000000e+01	1.620000e+02	1.680000e+02	6.393978e-05	9.639281e-06	9.639281e-06
8.400000e+01	9.000000e+01	1.680000e+02	1.740000e+02	0.000000e+00	0.000000e+00	0.000000e+00
8.400000e+01	9.000000e+01	1.740000e+02	1.800000e+02	0.000000e+00	0.000000e+00	0.000000e+00
9.000000e+01	9.600000e+01	0.000000e+00	6.000000e+00	0.000000e+00	0.000000e+00	0.000000e+00
9.000000e+01	9.600000e+01	6.000000e+00	1.200000e+01	0.000000e+00	0.000000e+00	0.000000e+00
9.000000e+01	9.600000e+01	1.200000e+01	1.800000e+01	0.000000e+00	0.000000e+00	0.000000e+00
9.000000e+01	9.600000e+01	1.800000e+01	2.400000e+01	0.000000e+00	0.000000e+00	0.000000e+00
9.000000e+01	9.600000e+01	2.400000e+01	3.000000e+01	0.000000e+00	0.000000e+00	0.000000e+00
9.000000e+01	9.600000e+01	3.000000e+01	3.600000e+01	0.000000e+00	0.000000e+00	0.000000e+00
9.000000e+01	9.600000e+01	3.600000e+01	4.200000e+01	0.000000e+00	0.000000e+00	0.000000e+00
9.000000e+01	9.600000e+01	4.200000e+01	4.800000e+01	0.000000e+00	0.000000e+00	0.000000e+00
9.000000e+01	9.600000e+01	4.800000e+01	5.400000e+01	0.000000e+00	0.000000e+00	0.000000e+00
9.000000e+01	9.600000e+01	5.400000e+01	6.000000e+01	0.000000e+00	0.000000e+00	0.000000e+00
9.000000e+01	9.600000e+01	6.000000e+01	6.600000e+01	0.000000e+00	0.000000e+00	0.000000e+00
9.000000e+01	9.600000e+01	6.600000e+01	7.200000e+01	0.000000e+00	0.000000e+00	0.000000e+00
9.000000e+01	9.600000e+01	7.200000e+01	7.800000e+01	0.000000e+00	0.000000e+00	0.000000e+00
9.000000e+01	9.600000e+01	7.800000e+01	8.400000e+01	0.000000e+00	0.000000e+00	0.000000e+00
9.000000e+01	9.600000e+01	8.400000e+01	9.000000e+01	3.850917e-04	2.365600e-05	2.365600e-05
9.000000e+01	9.600000e+01	9.000000e+01	9.600000e+01	6.176000e-04	2.995800e-05	2.995800e-05
9.000000e+01	9.600000e+01	9.600000e+01	1.020000e+02	6.888056e-04	3.163789e-05	3.163789e-05
9.000000e+01	9.600000e+01	1.020000e+02	1.080000e+02	6.582889e-04	3.092912e-05	3.092912e-05
9.000000e+01	9.600000e+01	1.080000e+02	1.140000e+02	8.239511e-04	3.460269e-05	3.460269e-05
9.000000e+01	9.600000e+01	1.140000e+02	1.200000e+02	1.031755e-03	3.872109e-05	3.872109e-05
9.000000e+01	9.600000e+01	1.200000e+02	1.260000e+02	9.314861e-04	3.679149e-05	3.679149e-05
9.000000e+01	9.600000e+01	1.260000e+02	1.320000e+02	5.405817e-04	2.802785e-05	2.802785e-05
9.000000e+01	9.600000e+01	1.320000e+02	1.380000e+02	3.051669e-04	2.105853e-05	2.105853e-05
9.000000e+01	9.600000e+01	1.380000e+02	1.440000e+02	2.731972e-04	1.992495e-05	1.992495e-05
9.000000e+01	9.600000e+01	1.440000e+02	1.500000e+02	2.252424e-04	1.809190e-05	1.809190e-05
9.000000e+01	9.600000e+01	1.500000e+02	1.560000e+02	2.136169e-04	1.761883e-05	1.761883e-05
9.000000e+01	9.600000e+01	1.560000e+02	1.620000e+02	2.426805e-04	1.877918e-05	1.877918e-05
9.000000e+01	9.600000e+01	1.620000e+02	1.680000e+02	1.075351e-04	1.250070e-05	1.250070e-05
9.000000e+01	9.600000e+01	1.680000e+02	1.740000e+02	0.000000e+00	0.000000e+00	0.000000e+00
9.000000e+01	9.600000e+01	1.740000e+02	1.800000e+02	0.000000e+00	0.000000e+00	0.000000e+00
9.600000e+01	1.020000e+02	0.000000e+00	6.000000e+00	0.000000e+00	0.000000e+00	0.000000e+00
9.600000e+01	1.020000e+02	6.000000e+00	1.200000e+01	0.000000e+00	0.000000e+00	0.000000e+00
9.600000e+01	1.020000e+02	1.200000e+01	1.800000e+01	0.000000e+00	0.000000e+00	0.000000e+00
9.600000e+01	1.020000e+02	1.800000e+01	2.400000e+01	0.000000e+00	0.000000e+00	0.000000e+00
9.600000e+01	1.020000e+02	2.400000e+01	3.000000e+01	0.000000e+00	0.000000e+00	0.000000e+00
9.600000e+01	1.020000e+02	3.000000e+01	3.600000e+01	0.000000e+00	0.000000e+00	0.000000e+00
9.600000e+01	1.020000e+02	3.600000e+01	4.200000e+01	0.000000e+00	0.000000e+00	0.000000e+00
9.600000e+01	1.020000e+02	4.200000e+01	4.800000e+01	0.000000e+00	0.000000e+00	0.000000e+00
9.600000e+01	1.020000e+02	4.800000e+01	5.400000e+01	0.000000e+00	0.000000e+00	0.000000e+00
9.600000e+01	1.020000e+02	5.400000e+01	6.000000e+01	0.000000e+00	0.000000e+00	0.000000e+00
9.600000e+01	1.020000e+02	6.000000e+01	6.600000e+01	0.000000e+00	0.000000e+00	0.000000e+00
9.600000e+01	1.020000e+02	6.600000e+01	7.200000e+01	0.000000e+00	0.000000e+00	0.000000e+00
9.600000e+01	1.020000e+02	7.200000e+01	7.800000e+01	0.000000e+00	0.000000e+00	0.000000e+00
9.600000e+01	1.020000e+02	7.800000e+01	8.400000e+01	0.000000e+00	0.000000e+00	0.000000e+00
9.600000e+01	1.020000e+02	8.400000e+01	9.000000e+01	4.403125e-04	2.529529e-05	2.529529e-05
9.600000e+01	1.020000e+02	9.000000e+01	9.600000e+01	7.454794e-04	3.291372e-05	3.291372e-05
9.600000e+01	1.020000e+02	9.600000e+01	1.020000e+02	9.285797e-04	3.673405e-05	3.673405e-05
9.600000e+01	1.020000e+02	1.020000e+02	1.080000e+02	9.896131e-04	3.792206e-05	3.792206e-05
9.600000e+01	1.020000e+02	1.080000e+02	1.140000e+02	1.243919e-03	4.251628e-05	4.251628e-05
9.600000e+01	1.020000e+02	1.140000e+02	1.200000e+02	1.392143e-03	4.497810e-05	4.497810e-05
9.600000e+01	1.020000e+02	1.200000e+02	1.260000e+02	1.287514e-03	4.325489e-05	4.325489e-05
9.600000e+01	1.020000e+02	1.260000e+02	1.320000e+02	7.004311e-04	3.190377e-05	3.190377e-05
9.600000e+01	1.020000e+02	1.320000e+02	1.380000e+02	4.257808e-04	2.487437e-05	2.487437e-05
9.600000e+01	1.020000e+02	1.380000e+02	1.440000e+02	3.879981e-04	2.374510e-05	2.374510e-05
9.600000e+01	1.020000e+02	1.440000e+02	1.500000e+02	3.167925e-04	2.145589e-05	2.145589e-05
9.600000e+01	1.020000e+02	1.500000e+02	1.560000e+02	2.731972e-04	1.992495e-05	1.992495e-05
9.600000e+01	1.020000e+02	1.560000e+02	1.620000e+02	2.441336e-04	1.883532e-05	1.883532e-05
9.600000e+01	1.020000e+02	1.620000e+02	1.680000e+02	1.206136e-04	1.323907e-05	1.323907e-05
9.600000e+01	1.020000e+02	1.680000e+02	1.740000e+02	0.000000e+00	0.000000e+00	0.000000e+00
9.600000e+01	1.020000e+02	1.740000e+02	1.800000e+02	0.000000e+00	0.000000e+00	0.000000e+00
1.020000e+02	1.080000e+02	0.000000e+00	6.000000e+00	0.000000e+00	0.000000e+00	0.000000e+00
1.020000e+02	1.080000e+02	6.000000e+00	1.200000e+01	0.000000e+00	0.000000e+00	0.000000e+00
1.020000e+02	1.080000e+02	1.200000e+01	1.800000e+01	0.000000e+00	0.000000e+00	0.000000e+00
1.020000e+02	1.080000e+02	1.800000e+01	2.400000e+01	0.000000e+00	0.000000e+00	0.000000e+00
1.020000e+02	1.080000e+02	2.400000e+01	3.000000e+01	0.000000e+00	0.000000e+00	0.000000e+00
1.020000e+02	1.080000e+02	3.000000e+01	3.600000e+01	0.000000e+00	0.000000e+00	0.000000e+00
1.020000e+02	1.080000e+02	3.600000e+01	4.200000e+01	0.000000e+00	0.000000e+00	0.000000e+00
1.020000e+02	1.080000e+02	4.200000e+01	4.800000e+01	0.000000e+00	0.000000e+00	0.000000e+00
1.020000e+02	1.080000e+02	4.800000e+01	5.400000e+01	0.000000e+00	0.000000e+00	0.000000e+00
1.020000e+02	1.080000e+02	5.400000e+01	6.000000e+01	0.000000e+00	0.000000e+00	0.000000e+00
1.020000e+02	1.080000e+02	6.000000e+01	6.600000e+01	0.000000e+00	0.000000e+00	0.000000e+00
1.020000e+02	1.080000e+02	6.600000e+01	7.200000e+01	0.000000e+00	0.000000e+00	0.000000e+00
1.020000e+02	1.080000e+02	7.200000e+01	7.800000e+01	0.000000e+00	0.000000e+00	0.000000e+00
1.020000e+02	1.080000e+02	7.800000e+01	8.400000e+01	0.000000e+00	0.000000e+00	0.000000e+00
1.020000e+02	1.080000e+02	8.400000e+01	9.000000e+01	4.592039e-04	2.583223e-05	2.583223e-05
1.020000e+02	1.080000e+02	9.000000e+01	9.600000e+01	7.382136e-04	3.275293e-05	3.275293e-05
1.020000e+02	1.080000e+02	9.600000e+01	1.020000e+02	1.126212e-03	4.045473e-05	4.045473e-05
1.020000e+02	1.080000e+02	1.020000e+02	1.080000e+02	1.700216e-03	4.970628e-05	4.970628e-05
1.020000e+02	1.080000e+02	1.080000e+02	1.140000e+02	1.886223e-03	5.235471e-05	5.235471e-05
1.020000e+02	1.080000e+02	1.140000e+02	1.200000e+02	2.280034e-03	5.756120e-05	5.756120e-05
1.020000e+02	1.080000e+02	1.200000e+02	1.260000e+02	1.983586e-03	5.368893e-05	5.368893e-05
1.020000e+02	1.080000e+02	1.260000e+02	1.320000e+02	1.139290e-03	4.068895e-05	4.068895e-05
1.020000e+02	1.080000e+02	1.320000e+02	1.380000e+02	6.321317e-04	3.030839e-05	3.030839e-05
1.020000e+02	1.080000e+02	1.380000e+02	1.440000e+02	4.170617e-04	2.461837e-05	2.461837e-05
1.020000e+02	1.080000e+02	1.440000e+02	1.500000e+02	4.025300e-04	2.418568e-05	2.418568e-05
1.020000e+02	1.080000e+02	1.500000e+02	1.560000e+02	3.240583e-04	2.170055e-05	2.170055e-05
1.020000e+02	1.080000e+02	1.560000e+02	1.620000e+02	3.138861e-04	2.135725e-05	2.135725e-05
1.020000e+02	1.080000e+02	1.620000e+02	1.680000e+02	1.714748e-04	1.578554e-05	1.578554e-05
1.020000e+02	1.080000e+02	1.680000e+02	1.740000e+02	0.000000e+00	0.000000e+00	0.000000e+00
1.020000e+02	1.080000e+02	1.740000e+02	1.800000e+02	0.000000e+00	0.000000e+00	0.000000e+00
1.080000e+02	1.140000e+02	0.000000e+00	6.000000e+00	0.000000e+00	0.000000e+00	0.000000e+00
1.080000e+02	1.140000e+02	6.000000e+00	1.200000e+01	0.000000e+00	0.000000e+00	0.000000e+00
1.080000e+02	1.140000e+02	1.200000e+01	1.800000e+01	0.000000e+00	0.000000e+00	0.000000e+00
1.080000e+02	1.140000e+02	1.800000e+01	2.400000e+01	0.000000e+00	0.000000e+00	0.000000e+00
1.080000e+02	1.140000e+02	2.400000e+01	3.000000e+01	0.000000e+00	0.000000e+00	0.000000e+00
1.080000e+02	1.140000e+02	3.000000e+01	3.600000e+01	0.000000e+00	0.000000e+00	0.000000e+00
1.080000e+02	1.140000e+02	3.600000e+01	4.200000e+01	0.000000e+00	0.000000e+00	0.000000e+00
1.080000e+02	1.140000e+02	4.200000e+01	4.800000e+01	0.000000e+00	0.000000e+00	0.000000e+00
1.080000e+02	1.140000e+02	4.800000e+01	5.400000e+01	0.000000e+00	0.000000e+00	0.000000e+00
1.080000e+02	1.140000e+02	5.400000e+01	6.000000e+01	0.000000e+00	0.000000e+00	0.000000e+00
1.080000e+02	1.140000e+02	6.000000e+01	6.600000e+01	0.000000e+00	0.000000e+00	0.000000e+00
1.080000e+02	1.140000e+02	6.600000e+01	7.200000e+01	0.000000e+00	0.000000e+00	0.000000e+00
1.080000e+02	1.140000e+02	7.200000e+01	7.800000e+01	0.000000e+00	0.000000e+00	0.000000e+00
1.080000e+02	1.140000e+02	7.800000e+01	8.400000e+01	0.000000e+00	0.000000e+00	0.000000e+00
1.080000e+02	1.140000e+02	8.400000e+01	9.000000e+01	5.580197e-04	2.847633e-05	2.847633e-05
1.080000e+02	1.140000e+02	9.000000e+01	9.600000e+01	9.983322e-04	3.808875e-05	3.808875e-05
1.080000e+02	1.140000e+02	9.600000e+01	1.020000e+02	1.425566e-03	4.551483e-05	4.551483e-05
1.080000e+02	1.140000e+02	1.020000e+02	1.080000e+02	2.200109e-03	5.654332e-05	5.654332e-05
1.080000e+02	1.140000e+02	1.080000e+02	1.140000e+02	3.419325e-03	7.049030e-05	7.049030e-05
1.080000e+02	1.140000e+02	1.140000e+02	1.200000e+02	4.254900e-03	7.863283e-05	7.863283e-05
1.080000e+02	1.140000e+02	1.200000e+02	1.260000e+02	3.765181e-03	7.396940e-05	7.396940e-05
1.080000e+02	1.140000e+02	1.260000e+02	1.320000e+02	2.008290e-03	5.402221e-05	5.402221e-05
1.080000e+02	1.140000e+02	1.320000e+02	1.380000e+02	9.387519e-04	3.693470e-05	3.693470e-05
1.080000e+02	1.140000e+02	1.380000e+02	1.440000e+02	6.771803e-04	3.136977e-05	3.136977e-05
1.080000e+02	1.140000e+02	1.440000e+02	1.500000e+02	6.452103e-04	3.062032e-05	3.062032e-05
1.080000e+02	1.140000e+02	1.500000e+02	1.560000e+02	5.042522e-04	2.706968e-05	2.706968e-05
1.080000e+02	1.140000e+02	1.560000e+02	1.620000e+02	4.141553e-04	2.453244e-05	2.453244e-05
1.080000e+02	1.140000e+02	1.620000e+02	1.680000e+02	2.194296e-04	1.785693e-05	1.785693e-05
1.080000e+02	1.140000e+02	1.680000e+02	1.740000e+02	0.000000e+00	0.000000e+00	0.000000e+00
1.080000e+02	1.140000e+02	1.740000e+02	1.800000e+02	0.000000e+00	0.000000e+00	0.000000e+00
1.140000e+02	1.200000e+02	0.000000e+00	6.000000e+00	0.000000e+00	0.000000e+00	0.000000e+00
1.140000e+02	1.200000e+02	6.000000e+00	1.200000e+01	0.000000e+00	0.000000e+00	0.000000e+00
1.140000e+02	1.200000e+02	1.200000e+01	1.800000e+01	0.000000e+00	0.000000e+00	0.000000e+00
1.140000e+02	1.200000e+02	1.800000e+01	2.400000e+01	0.000000e+00	0.000000e+00	0.000000e+00
1.140000e+02	1.200000e+02	2.400000e+01	3.000000e+01	0.000000e+00	0.000000e+00	0.000000e+00
1.140000e+02	1.200000e+02	3.000000e+01	3.600000e+01	0.000000e+00	0.000000e+00	0.000000e+00
1.140000e+02	1.200000e+02	3.600000e+01	4.200000e+01	0.000000e+00	0.000000e+00	0.000000e+00
1.140000e+02	1.200000e+02	4.200000e+01	4.800000e+01	0.000000e+00	0.000000e+00	0.000000e+00
1.140000e+02	1.200000e+02	4.800000e+01	5.400000e+01	0.000000e+00	0.000000e+00	0.000000e+00
1.140000e+02	1.200000e+02	5.400000e+01	6.000000e+01	0.000000e+00	0.000000e+00	0.000000e+00
1.140000e+02	1.200000e+02	6.000000e+01	6.600000e+01	0.000000e+00	0.000000e+00	0.000000e+00
1.140000e+02	1.200000e+02	6.600000e+01	7.200000e+01	0.000000e+00	0.000000e+00	0.000000e+00
1.140000e+02	1.200000e+02	7.200000e+01	7.800000e+01	0.000000e+00	0.000000e+00	0.000000e+00
1.140000e+02	1.200000e+02	7.800000e+01	8.400000e+01	0.000000e+00	0.000000e+00	0.000000e+00
1.140000e+02	1.200000e+02	8.400000e+01	9.000000e+01	8.094194e-04	3.429620e-05	3.429620e-05
1.140000e+02	1.200000e+02	9.000000e+01	9.600000e+01	1.355814e-03	4.438735e-05	4.438735e-05
1.140000e+02	1.200000e+02	9.600000e+01	1.020000e+02	1.937084e-03	5.305587e-05	5.305587e-05
1.140000e+02	1.200000e+02	1.020000e+02	1.080000e+02	3.288539e-03	6.912906e-05	6.912906e-05
1.140000e+02	1.200000e+02	1.080000e+02	1.140000e+02	5.238700e-03	8.725112e-05	8.725112e-05
1.140000e+02	1.200000e+02	1.140000e+02	1.200000e+02	8.047692e-03	1.081421e-04	1.081421e-04
1.140000e+02	1.200000e+02	1.200000e+02	1.260000e+02	7.611739e-03	1.051722e-04	1.051722e-04
1.140000e+02	1.200000e+02	1.260000e+02	1.320000e+02	3.884342e-03	7.513077e-05	7.513077e-05
1.140000e+02	1.200000e+02	1.320000e+02	1.380000e+02	1.794673e-03	5.106835e-05	5.106835e-05
1.140000e+02	1.200000e+02	1.380000e+02	1.440000e+02	1.227934e-03	4.224222e-05	4.224222e-05
1.140000e+02	1.200000e+02	1.440000e+02	1.500000e+02	1.017224e-03	3.844743e-05	3.844743e-05
1.140000e+02	1.200000e+02	1.500000e+02	1.560000e+02	9.358456e-04	3.687749e-05	3.687749e-05
1.140000e+02	1.200000e+02	1.560000e+02	1.620000e+02	7.716367e-04	3.348618e-05	3.348618e-05
1.140000e+02	1.200000e+02	1.620000e+02	1.680000e+02	3.734664e-04	2.329619e-05	2.329619e-05
1.140000e+02	1.200000e+02	1.680000e+02	1.740000e+02	0.000000e+00	0.000000e+00	0.000000e+00
1.140000e+02	1.200000e+02	1.740000e+02	1.800000e+02	0.000000e+00	0.000000e+00	0.000000e+00
1.200000e+02	1.260000e+02	0.000000e+00	6.000000e+00	0.000000e+00	0.000000e+00	0.000000e+00
1.200000e+02	1.260000e+02	6.000000e+00	1.200000e+01	0.000000e+00	0.000000e+00	0.000000e+00
1.200000e+02	1.260000e+02	1.200000e+01	1.800000e+01	0.000000e+00	0.000000e+00	0.000000e+00
1.200000e+02	1.260000e+02	1.800000e+01	2.400000e+01	0.000000e+00	0.000000e+00	0.000000e+00
1.200000e+02	1.260000e+02	2.400000e+01	3.000000e+01	0.000000e+00	0.000000e+00	0.000000e+00
1.200000e+02	1.260000e+02	3.000000e+01	3.600000e+01	0.000000e+00	0.000000e+00	0.000000e+00
1.200000e+02	1.260000e+02	3.600000e+01	4.200000e+01	0.000000e+00	0.000000e+00	0.000000e+00
1.200000e+02	1.260000e+02	4.200000e+01	4.800000e+01	0.000000e+00	0.000000e+00	0.000000e+00
1.200000e+02	1.260000e+02	4.800000e+01	5.400000e+01	0.000000e+00	0.000000e+00	0.000000e+00
1.200000e+02	1.260000e+02	5.400000e+01	6.000000e+01	0.000000e+00	0.000000e+00	0.000000e+00
1.200000e+02	1.260000e+02	6.000000e+01	6.600000e+01	0.000000e+00	0.000000e+00	0.000000e+00
1.200000e+02	1.260000e+02	6.600000e+01	7.200000e+01	0.000000e+00	0.000000e+00	0.000000e+00
1.200000e+02	1.260000e+02	7.200000e+01	7.800000e+01	0.000000e+00	0.000000e+00	0.000000e+00
1.200000e+02	1.260000e+02	7.800000e+01	8.400000e+01	0.000000e+00	0.000000e+00	0.000000e+00
1.200000e+02	1.260000e+02	8.400000e+01	9.000000e+01	9.227669e-04	3.661890e-05	3.661890e-05
1.200000e+02	1.260000e+02	9.000000e+01	9.600000e+01	1.476427e-03	4.631964e-05	4.631964e-05
1.200000e+02	1.260000e+02	9.600000e+01	1.020000e+02	2.192843e-03	5.644988e-05	5.644988e-05
1.200000e+02	1.260000e+02	1.020000e+02	1.080000e+02	3.319056e-03	6.944907e-05	6.944907e-05
1.200000e+02	1.260000e+02	1.080000e+02	1.140000e+02	5.498819e-03	8.939103e-05	8.939103e-05
1.200000e+02	1.260000e+02	1.140000e+02	1.200000e+02	8.881814e-03	1.136083e-04	1.136083e-04
1.200000e+02	1.260000e+02	1.200000e+02	1.260000e+02	9.426756e-03	1.170416e-04	1.170416e-04
1.200000e+02	1.260000e+02	1.260000e+02	1.320000e+02	5.019272e-03	8.540426e-05	8.540426e-05
1.200000e+02	1.260000e+02	1.320000e+02	1.380000e+02	2.365771e-03	5.863347e-05	5.863347e-05
1.200000e+02	1.260000e+02	1.380000e+02	1.440000e+02	1.515663e-03	4.693108e-05	4.693108e-05
1.200000e+02	1.260000e+02	1.440000e+02	1.500000e+02	1.249732e-03	4.261550e-05	4.261550e-05
1.200000e+02	1.260000e+02	1.500000e+02	1.560000e+02	1.133478e-03	4.058501e-05	4.058501e-05
1.200000e+02	1.260000e+02	1.560000e+02	1.620000e+02	9.838006e-04	3.781053e-05	3.781053e-05
1.200000e+02	1.260000e+02	1.620000e+02	1.680000e+02	4.693761e-04	2.611678e-05	2.611678e-05
1.200000e+02	1.260000e+02	1.680000e+02	1.740000e+02	0.000000e+00	0.000000e+00	0.000000e+00
1.200000e+02	1.260000e+02	1.740000e+02	1.800000e+02	0.000000e+00	0.000000e+00	0.000000e+00
1.260000e+02	1.320000e+02	0.000000e+00	6.000000e+00	0.000000e+00	0.000000e+00	0.000000e+00
1.260000e+02	1.320000e+02	6.000000e+00	1.200000e+01	0.000000e+00	0.000000e+00	0.000000e+00
1.260000e+02	1.320000e+02	1.200000e+01	1.800000e+01	0.000000e+00	0.000000e+00	0.000000e+00
1.260000e+02	1.320000e+02	1.800000e+01	2.400000e+01	0.000000e+00	0.000000e+00	0.000000e+00
1.260000e+02	1.320000e+02	2.400000e+01	3.000000e+01	0.000000e+00	0.000000e+00	0.000000e+00
1.260000e+02	1.320000e+02	3.000000e+01	3.600000e+01	0.000000e+00	0.000000e+00	0.000000e+00
1.260000e+02	1.320000e+02	3.600000e+01	4.200000e+01	0.000000e+00	0.000000e+00	0.000000e+00
1.260000e+02	1.320000e+02	4.200000e+01	4.800000e+01	0.000000e+00	0.000000e+00	0.000000e+00
1.260000e+02	1.320000e+02	4.800000e+01	5.400000e+01	0.000000e+00	0.000000e+00	0.000000e+00
1.260000e+02	1.320000e+02	5.400000e+01	6.000000e+01	0.000000e+00	0.000000e+00	0.000000e+00
1.260000e+02	1.320000e+02	6.000000e+01	6.600000e+01	0.000000e+00	0.000000e+00	0.000000e+00
1.260000e+02	1.320000e+02	6.600000e+01	7.200000e+01	0.000000e+00	0.000000e+00	0.000000e+00
1.260000e+02	1.320000e+02	7.200000e+01	7.800000e+01	0.000000e+00	0.000000e+00	0.000000e+00
1.260000e+02	1.320000e+02	7.800000e+01	8.400000e+01	0.000000e+00	0.000000e+00	0.000000e+00
1.260000e+02	1.320000e+02	8.400000e+01	9.000000e+01	5.202372e-04	2.749539e-05	2.749539e-05
1.260000e+02	1.320000e+02	9.000000e+01	9.600000e+01	8.791717e-04	3.574342e-05	3.574342e-05
1.260000e+02	1.320000e+02	9.600000e+01	1.020000e+02	1.193058e-03	4.163801e-05	4.163801e-05
1.260000e+02	1.320000e+02	1.020000e+02	1.080000e+02	1.883317e-03	5.231435e-05	5.231435e-05
1.260000e+02	1.320000e+02	1.080000e+02	1.140000e+02	2.961575e-03	6.560251e-05	6.560251e-05
1.260000e+02	1.320000e+02	1.140000e+02	1.200000e+02	4.706839e-03	8.270349e-05	8.270349e-05
1.260000e+02	1.320000e+02	1.200000e+02	1.260000e+02	5.376753e-03	8.839328e-05	8.839328e-05
1.260000e+02	1.320000e+02	1.260000e+02	1.320000e+02	3.599519e-03	7.232382e-05	7.232382e-05
1.260000e+02	1.320000e+02	1.320000e+02	1.380000e+02	1.861519e-03	5.201073e-05	5.201073e-05
1.260000e+02	1.320000e+02	1.380000e+02	1.440000e+02	1.288967e-03	4.327929e-05	4.327929e-05
1.260000e+02	1.320000e+02	1.440000e+02	1.500000e+02	1.145103e-03	4.079261e-05	4.079261e-05
1.260000e+02	1.320000e+02	1.500000e+02	1.560000e+02	9.474711e-04	3.710583e-05	3.710583e-05
1.260000e+02	1.320000e+02	1.560000e+02	1.620000e+02	8.254042e-04	3.463320e-05	3.463320e-05
1.260000e+02	1.320000e+02	1.620000e+02	1.680000e+02	3.749194e-04	2.334147e-05	2.334147e-05
1.260000e+02	1.320000e+02	1.680000e+02	1.740000e+02	0.000000e+00	0.000000e+00	0.000000e+00
1.260000e+02	1.320000e+02	1.740000e+02	1.800000e+02	0.000000e+00	0.000000e+00	0.000000e+00
1.320000e+02	1.380000e+02	0.000000e+00	6.000000e+00	0.000000e+00	0.000000e+00	0.000000e+00
1.320000e+02	1.380000e+02	6.000000e+00	1.200000e+01	0.000000e+00	0.000000e+00	0.000000e+00
1.320000e+02	1.380000e+02	1.200000e+01	1.800000e+01	0.000000e+00	0.000000e+00	0.000000e+00
1.320000e+02	1.380000e+02	1.800000e+01	2.400000e+01	0.000000e+00	0.000000e+00	0.000000e+00
1.320000e+02	1.380000e+02	2.400000e+01	3.000000e+01	0.000000e+00	0.000000e+00	0.000000e+00
1.320000e+02	1.380000e+02	3.000000e+01	3.600000e+01	0.000000e+00	0.000000e+00	0.000000e+00
1.320000e+02	1.380000e+02	3.600000e+01	4.200000e+01	0.000000e+00	0.000000e+00	0.000000e+00
1.320000e+02	1.380000e+02	4.200000e+01	4.800000e+01	0.000000e+00	0.000000e+00	0.000000e+00
1.320000e+02	1.380000e+02	4.800000e+01	5.400000e+01	0.000000e+00	0.000000e+00	0.000000e+00
1.320000e+02	1.380000e+02	5.400000e+01	6.000000e+01	0.000000e+00	0.000000e+00	0.000000e+00
1.320000e+02	1.380000e+02	6.000000e+01	6.600000e+01	0.000000e+00	0.000000e+00	0.000000e+00
1.320000e+02	1.380000e+02	6.600000e+01	7.200000e+01	0.000000e+00	0.000000e+00	0.000000e+00
1.320000e+02	1.380000e+02	7.200000e+01	7.800000e+01	0.000000e+00	0.000000e+00	0.000000e+00
1.320000e+02	1.380000e+02	7.800000e+01	8.400000e+01	0.000000e+00	0.000000e+00	0.000000e+00
1.320000e+02	1.380000e+02	8.400000e+01	9.000000e+01	2.310551e-04	1.832386e-05	1.832386e-05
1.320000e+02	1.380000e+02	9.000000e+01	9.600000e+01	3.981703e-04	2.405435e-05	2.405435e-05
1.320000e+02	1.380000e+02	9.600000e+01	1.020000e+02	5.027992e-04	2.703065e-05	2.703065e-05
1.320000e+02	1.380000e+02	1.020000e+02	1.080000e+02	7.701836e-04	3.345464e-05	3.345464e-05
1.320000e+02	1.380000e+02	1.080000e+02	1.140000e+02	1.207590e-03	4.189082e-05	4.189082e-05
1.320000e+02	1.380000e+02	1.140000e+02	1.200000e+02	1.854253e-03	5.190912e-05	5.190912e-05
1.320000e+02	1.380000e+02	1.200000e+02	1.260000e+02	2.207375e-03	5.663661e-05	5.663661e-05
1.320000e+02	1.380000e+02	1.260000e+02	1.320000e+02	1.613026e-03	4.841499e-05	4.841499e-05
1.320000e+02	1.380000e+02	1.320000e+02	1.380000e+02	1.216309e-03	4.204178e-05	4.204178e-05
1.320000e+02	1.380000e+02	1.380000e+02	1.440000e+02	1.060819e-03	3.926267e-05	3.926267e-05
1.320000e+02	1.380000e+02	1.440000e+02	1.500000e+02	8.530147e-04	3.520768e-05	3.520768e-05
1.320000e+02	1.380000e+02	1.500000e+02	1.560000e+02	7.440264e-04	3.288163e-05	3.288163e-05
1.320000e+02	1.380000e+02	1.560000e+02	1.620000e+02	6.553825e-04	3.086076e-05	3.086076e-05
1.320000e+02	1.380000e+02	1.620000e+02	1.680000e+02	2.644781e-04	1.960442e-05	1.960442e-05
1.320000e+02	1.380000e+02	1.680000e+02	1.740000e+02	0.000000e+00	0.000000e+00	0.000000e+00
1.320000e+02	1.380000e+02	1.740000e+02	1.800000e+02	0.000000e+00	0.000000e+00	0.000000e+00
1.380000e+02	1.440000e+02	0.000000e+00	6.000000e+00	0.000000e+00	0.000000e+00	0.000000e+00
1.380000e+02	1.440000e+02	6.000000e+00	1.200000e+01	0.000000e+00	0.000000e+00	0.000000e+00
1.380000e+02	1.440000e+02	1.200000e+01	1.800000e+01	0.000000e+00	0.000000e+00	0.000000e+00
1.380000e+02	1.440000e+02	1.800000e+01	2.400000e+01	0.000000e+00	0.000000e+00	0.000000e+00
1.380000e+02	1.440000e+02	2.400000e+01	3.000000e+01	0.000000e+00	0.000000e+00	0.000000e+00
1.380000e+02	1.440000e+02	3.000000e+01	3.600000e+01	0.000000e+00	0.000000e+00	0.000000e+00
1.380000e+02	1.440000e+02	3.600000e+01	4.200000e+01	0.000000e+00	0.000000e+00	0.000000e+00
1.380000e+02	1.440000e+02	4.200000e+01	4.800000e+01	0.000000e+00	0.000000e+00	0.000000e+00
1.380000e+02	1.440000e+02	4.800000e+01	5.400000e+01	0.000000e+00	0.000000e+00	0.000000e+00
1.380000e+02	1.440000e+02	5.400000e+01	6.000000e+01	0.000000e+00	0.000000e+00	0.000000e+00
1.380000e+02	1.440000e+02	6.000000e+01	6.600000e+01	0.000000e+00	0.000000e+00	0.000000e+00
1.380000e+02	1.440000e+02	6.600000e+01	7.200000e+01	0.000000e+00	0.000000e+00	0.000000e+00
1.380000e+02	1.440000e+02	7.200000e+01	7.800000e+01	0.000000e+00	0.000000e+00	0.000000e+00
1.380000e+02	1.440000e+02	7.800000e+01	8.400000e+01	0.000000e+00	0.000000e+00	0.000000e+00
1.380000e+02	1.440000e+02	8.400000e+01	9.000000e+01	1.598494e-04	1.524104e-05	1.524104e-05
1.380000e+02	1.440000e+02	9.000000e+01	9.600000e+01	2.296019e-04	1.826615e-05	1.826615e-05
1.380000e+02	1.440000e+02	9.600000e+01	1.020000e+02	2.877289e-04	2.044801e-05	2.044801e-05
1.380000e+02	1.440000e+02	1.020000e+02	1.080000e+02	4.533911e-04	2.566821e-05	2.566821e-05
1.380000e+02	1.440000e+02	1.080000e+02	1.140000e+02	6.364914e-04	3.041273e-05	3.041273e-05
1.380000e+02	1.440000e+02	1.140000e+02	1.200000e+02	1.095695e-03	3.990286e-05	3.990286e-05
1.380000e+02	1.440000e+02	1.200000e+02	1.260000e+02	1.174167e-03	4.130704e-05	4.130704e-05
1.380000e+02	1.440000e+02	1.260000e+02	1.320000e+02	1.049193e-03	3.904694e-05	3.904694e-05
1.380000e+02	1.440000e+02	1.320000e+02	1.380000e+02	9.808942e-04	3.775463e-05	3.775463e-05
1.380000e+02	1.440000e+02	1.380000e+02	1.440000e+02	1.052100e-03	3.910098e-05	3.910098e-05
1.380000e+02	1.440000e+02	1.440000e+02	1.500000e+02	8.907972e-04	3.597896e-05	3.597896e-05
1.380000e+02	1.440000e+02	1.500000e+02	1.560000e+02	7.164161e-04	3.226575e-05	3.226575e-05
1.380000e+02	1.440000e+02	1.560000e+02	1.620000e+02	5.870833e-04	2.920849e-05	2.920849e-05
1.380000e+02	1.440000e+02	1.620000e+02	1.680000e+02	2.848225e-04	2.034447e-05	2.034447e-05
1.380000e+02	1.440000e+02	1.680000e+02	1.740000e+02	0.000000e+00	0.000000e+00	0.000000e+00
1.380000e+02	1.440000e+02	1.740000e+02	1.800000e+02	0.000000e+00	0.000000e+00	0.000000e+00
1.440000e+02	1.500000e+02	0.000000e+00	6.000000e+00	0.000000e+00	0.000000e+00	0.000000e+00
1.440000e+02	1.500000e+02	6.000000e+00	1.200000e+01	0.000000e+00	0.000000e+00	0.000000e+00
1.440000e+02	1.500000e+02	1.200000e+01	1.800000e+01	0.000000e+00	0.000000e+00	0.000000e+00
1.440000e+02	1.500000e+02	1.800000e+01	2.400000e+01	0.000000e+00	0.000000e+00	0.000000e+00
1.440000e+02	1.500000e+02	2.400000e+01	3.000000e+01	0.000000e+00	0.000000e+00	0.000000e+00
1.440000e+02	1.500000e+02	3.000000e+01	3.600000e+01	0.000000e+00	0.000000e+00	0.000000e+00
1.440000e+02	1.500000e+02	3.600000e+01	4.200000e+01	0.000000e+00	0.000000e+00	0.000000e+00
1.440000e+02	1.500000e+02	4.200000e+01	4.800000e+01	0.000000e+00	0.000000e+00	0.000000e+00
1.440000e+02	1.500000e+02	4.800000e+01	5.400000e+01	0.000000e+00	0.000000e+00	0.000000e+00
1.440000e+02	1.500000e+02	5.400000e+01	6.000000e+01	0.000000e+00	0.000000e+00	0.000000e+00
1.440000e+02	1.500000e+02	6.000000e+01	6.600000e+01	0.000000e+00	0.000000e+00	0.000000e+00
1.440000e+02	1.500000e+02	6.600000e+01	7.200000e+01	0.000000e+00	0.000000e+00	0.000000e+00
1.440000e+02	1.500000e+02	7.200000e+01	7.800000e+01	0.000000e+00	0.000000e+00	0.000000e+00
1.440000e+02	1.500000e+02	7.800000e+01	8.400000e+01	0.000000e+00	0.000000e+00	0.000000e+00
1.440000e+02	1.500000e+02	8.400000e+01	9.000000e+01	1.060819e-04	1.241595e-05	1.241595e-05
1.440000e+02	1.500000e+02	9.000000e+01	9.600000e+01	1.860066e-04	1.644081e-05	1.644081e-05
1.440000e+02	1.500000e+02	9.600000e+01	1.020000e+02	2.557591e-04	1.927856e-05	1.927856e-05
1.440000e+02	1.500000e+02	1.020000e+02	1.080000e+02	3.531219e-04	2.265278e-05	2.265278e-05
1.440000e+02	1.500000e+02	1.080000e+02	1.140000e+02	5.260500e-04	2.764857e-05	2.764857e-05
1.440000e+02	1.500000e+02	1.140000e+02	1.200000e+02	7.789025e-04	3.364346e-05	3.364346e-05
1.440000e+02	1.500000e+02	1.200000e+02	1.260000e+02	8.791717e-04	3.574342e-05	3.574342e-05
1.440000e+02	1.500000e+02	1.260000e+02	1.320000e+02	8.021533e-04	3.414192e-05	3.414192e-05
1.440000e+02	1.500000e+02	1.320000e+02	1.380000e+02	7.818089e-04	3.370618e-05	3.370618e-05
1.440000e+02	1.500000e+02	1.380000e+02	1.440000e+02	8.748122e-04	3.565469e-05	3.565469e-05
1.440000e+02	1.500000e+02	1.440000e+02	1.500000e+02	9.707219e-04	3.755836e-05	3.755836e-05
1.440000e+02	1.500000e+02	1.500000e+02	1.560000e+02	7.861686e-04	3.380002e-05	3.380002e-05
1.440000e+02	1.500000e+02	1.560000e+02	1.620000e+02	7.367606e-04	3.272068e-05	3.272068e-05
1.440000e+02	1.500000e+02	1.620000e+02	1.680000e+02	2.877289e-04	2.044801e-05	2.044801e-05
1.440000e+02	1.500000e+02	1.680000e+02	1.740000e+02	0.000000e+00	0.000000e+00	0.000000e+00
1.440000e+02	1.500000e+02	1.740000e+02	1.800000e+02	0.000000e+00	0.000000e+00	0.000000e+00
1.500000e+02	1.560000e+02	0.000000e+00	6.000000e+00	0.000000e+00	0.000000e+00	0.000000e+00
1.500000e+02	1.560000e+02	6.000000e+00	1.200000e+01	0.000000e+00	0.000000e+00	0.000000e+00
1.500000e+02	1.560000e+02	1.200000e+01	1.800000e+01	0.000000e+00	0.000000e+00	0.000000e+00
1.500000e+02	1.560000e+02	1.800000e+01	2.400000e+01	0.000000e+00	0.000000e+00	0.000000e+00
1.500000e+02	1.560000e+02	2.400000e+01	3.000000e+01	0.000000e+00	0.000000e+00	0.000000e+00
1.500000e+02	1.560000e+02	3.000000e+01	3.600000e+01	0.000000e+00	0.000000e+00	0.000000e+00
1.500000e+02	1.560000e+02	3.600000e+01	4.200000e+01	0.000000e+00	0.000000e+00	0.000000e+00
1.500000e+02	1.560000e+02	4.200000e+01	4.800000e+01	0.000000e+00	0.000000e+00	0.000000e+00
1.500000e+02	1.560000e+02	4.800000e+01	5.400000e+01	0.000000e+00	0.000000e+00	0.000000e+00
1.500000e+02	1.560000e+02	5.400000e+01	6.000000e+01	0.000000e+00	0.000000e+00	0.000000e+00
1.500000e+02	1.560000e+02	6.000000e+01	6.600000e+01	0.000000e+00	0.000000e+00	0.000000e+00
1.500000e+02	1.560000e+02	6.600000e+01	7.200000e+01	0.000000e+00	0.000000e+00	0.000000e+00
1.500000e+02	1.560000e+02	7.200000e+01	7.800000e+01	0.000000e+00	0.000000e+00	0.000000e+00
1.500000e+02	1.560000e+02	7.800000e+01	8.400000e+01	0.000000e+00	0.000000e+00	0.000000e+00
1.500000e+02	1.560000e+02	8.400000e+01	9.000000e+01	1.075351e-04	1.250070e-05	1.250070e-05
1.500000e+02	1.560000e+02	9.000000e+01	9.600000e+01	1.642089e-04	1.544748e-05	1.544748e-05
1.500000e+02	1.560000e+02	9.600000e+01	1.020000e+02	2.557591e-04	1.927856e-05	1.927856e-05
1.500000e+02	1.560000e+02	1.020000e+02	1.080000e+02	3.066203e-04	2.110861e-05	2.110861e-05
1.500000e+02	1.560000e+02	1.080000e+02	1.140000e+02	4.417656e-04	2.533700e-05	2.533700e-05
1.500000e+02	1.560000e+02	1.140000e+02	1.200000e+02	7.047906e-04	3.200289e-05	3.200289e-05
1.500000e+02	1.560000e+02	1.200000e+02	1.260000e+02	7.789025e-04	3.364346e-05	3.364346e-05
1.500000e+02	1.560000e+02	1.260000e+02	1.320000e+02	7.004311e-04	3.190377e-05	3.190377e-05
1.500000e+02	1.560000e+02	1.320000e+02	1.380000e+02	7.149628e-04	3.223301e-05	3.223301e-05
1.500000e+02	1.560000e+02	1.380000e+02	1.440000e+02	7.106033e-04	3.213459e-05	3.213459e-05
1.500000e+02	1.560000e+02	1.440000e+02	1.500000e+02	8.849844e-04	3.586138e-05	3.586138e-05
1.500000e+02	1.560000e+02	1.500000e+02	1.560000e+02	9.910664e-04	3.794989e-05	3.794989e-05
1.500000e+02	1.560000e+02	1.560000e+02	1.620000e+02	8.704528e-04	3.556573e-05	3.556573e-05
1.500000e+02	1.560000e+02	1.620000e+02	1.680000e+02	3.589347e-04	2.283846e-05	2.283846e-05
1.500000e+02	1.560000e+02	1.680000e+02	1.740000e+02	0.000000e+00	0.000000e+00	0.000000e+00
1.500000e+02	1.560000e+02	1.740000e+02	1.800000e+02	0.000000e+00	0.000000e+00	0.000000e+00
1.560000e+02	1.620000e+02	0.000000e+00	6.000000e+00	0.000000e+00	0.000000e+00	0.000000e+00
1.560000e+02	1.620000e+02	6.000000e+00	1.200000e+01	0.000000e+00	0.000000e+00	0.000000e+00
1.560000e+02	1.620000e+02	1.200000e+01	1.800000e+01	0.000000e+00	0.000000e+00	0.000000e+00
1.560000e+02	1.620000e+02	1.800000e+01	2.400000e+01	0.000000e+00	0.000000e+00	0.000000e+00
1.560000e+02	1.620000e+02	2.400000e+01	3.000000e+01	0.000000e+00	0.000000e+00	0.000000e+00
1.560000e+02	1.620000e+02	3.000000e+01	3.600000e+01	0.000000e+00	0.000000e+00	0.000000e+00
1.560000e+02	1.620000e+02	3.600000e+01	4.200000e+01	0.000000e+00	0.000000e+00	0.000000e+00
1.560000e+02	1.620000e+02	4.200000e+01	4.800000e+01	0.000000e+00	0.000000e+00	0.000000e+00
1.560000e+02	1.620000e+02	4.800000e+01	5.400000e+01	0.000000e+00	0.000000e+00	0.000000e+00
1.560000e+02	1.620000e+02	5.400000e+01	6.000000e+01	0.000000e+00	0.000000e+00	0.000000e+00
1.560000e+02	1.620000e+02	6.000000e+01	6.600000e+01	0.000000e+00	0.000000e+00	0.000000e+00
1.560000e+02	1.620000e+02	6.600000e+01	7.200000e+01	0.000000e+00	0.000000e+00	0.000000e+00
1.560000e+02	1.620000e+02	7.200000e+01	7.800000e+01	0.000000e+00	0.000000e+00	0.000000e+00
1.560000e+02	1.620000e+02	7.800000e+01	8.400000e+01	0.000000e+00	0.000000e+00	0.000000e+00
1.560000e+02	1.620000e+02	8.400000e+01	9.000000e+01	1.235200e-04	1.339763e-05	1.339763e-05
1.560000e+02	1.620000e+02	9.000000e+01	9.600000e+01	1.714748e-04	1.578554e-05	1.578554e-05
1.560000e+02	1.620000e+02	9.600000e+01	1.020000e+02	1.874598e-04	1.650491e-05	1.650491e-05
1.560000e+02	1.620000e+02	1.020000e+02	1.080000e+02	2.833694e-04	2.029251e-05	2.029251e-05
1.560000e+02	1.620000e+02	1.080000e+02	1.140000e+02	3.894514e-04	2.378953e-05	2.378953e-05
1.560000e+02	1.620000e+02	1.140000e+02	1.200000e+02	5.522069e-04	2.832763e-05	2.832763e-05
1.560000e+02	1.620000e+02	1.200000e+02	1.260000e+02	6.800867e-04	3.143701e-05	3.143701e-05
1.560000e+02	1.620000e+02	1.260000e+02	1.320000e+02	6.829931e-04	3.150411e-05	3.150411e-05
1.560000e+02	1.620000e+02	1.320000e+02	1.380000e+02	5.885364e-04	2.924462e-05	2.924462e-05
1.560000e+02	1.620000e+02	1.380000e+02	1.440000e+02	6.393978e-04	3.048208e-05	3.048208e-05
1.560000e+02	1.620000e+02	1.440000e+02	1.500000e+02	7.120564e-04	3.216743e-05	3.216743e-05
1.560000e+02	1.620000e+02	1.500000e+02	1.560000e+02	9.329394e-04	3.682018e-05	3.682018e-05
1.560000e+02	1.620000e+02	1.560000e+02	1.620000e+02	1.036115e-03	3.880280e-05	3.880280e-05
1.560000e+02	1.620000e+02	1.620000e+02	1.680000e+02	4.272339e-04	2.491679e-05	2.491679e-05
1.560000e+02	1.620000e+02	1.680000e+02	1.740000e+02	0.000000e+00	0.000000e+00	0.000000e+00
1.560000e+02	1.620000e+02	1.740000e+02	1.800000e+02	0.000000e+00	0.000000e+00	0.000000e+00
1.620000e+02	1.680000e+02	0.000000e+00	6.000000e+00	0.000000e+00	0.000000e+00	0.000000e+00
1.620000e+02	1.680000e+02	6.000000e+00	1.200000e+01	0.000000e+00	0.000000e+00	0.000000e+00
1.620000e+02	1.680000e+02	1.200000e+01	1.800000e+01	0.000000e+00	0.000000e+00	0.000000e+00
1.620000e+02	1.680000e+02	1.800000e+01	2.400000e+01	0.000000e+00	0.000000e+00	0.000000e+00
1.620000e+02	1.680000e+02	2.400000e+01	3.000000e+01	0.000000e+00	0.000000e+00	0.000000e+00
1.620000e+02	1.680000e+02	3.000000e+01	3.600000e+01	0.000000e+00	0.000000e+00	0.000000e+00
1.620000e+02	1.680000e+02	3.600000e+01	4.200000e+01	0.000000e+00	0.000000e+00	0.000000e+00
1.620000e+02	1.680000e+02	4.200000e+01	4.800000e+01	0.000000e+00	0.000000e+00	0.000000e+00
1.620000e+02	1.680000e+02	4.800000e+01	5.400000e+01	0.000000e+00	0.000000e+00	0.000000e+00
1.620000e+02	1.680000e+02	5.400000e+01	6.000000e+01	0.000000e+00	0.000000e+00	0.000000e+00
1.620000e+02	1.680000e+02	6.000000e+01	6.600000e+01	0.000000e+00	0.000000e+00	0.000000e+00
1.620000e+02	1.680000e+02	6.600000e+01	7.200000e+01	0.000000e+00	0.000000e+00	0.000000e+00
1.620000e+02	1.680000e+02	7.200000e+01	7.800000e+01	0.000000e+00	0.000000e+00	0.000000e+00
1.620000e+02	1.680000e+02	7.800000e+01	8.400000e+01	0.000000e+00	0.000000e+00	0.000000e+00
1.620000e+02	1.680000e+02	8.400000e+01	9.000000e+01	4.214211e-05	7.825595e-06	7.825595e-06
1.620000e+02	1.680000e+02	9.000000e+01	9.600000e+01	8.428425e-05	1.106706e-05	1.106706e-05
1.620000e+02	1.680000e+02	9.600000e+01	1.020000e+02	1.133478e-04	1.283411e-05	1.283411e-05
1.620000e+02	1.680000e+02	1.020000e+02	1.080000e+02	1.613026e-04	1.531017e-05	1.531017e-05
1.620000e+02	1.680000e+02	1.080000e+02	1.140000e+02	1.947256e-04	1.682173e-05	1.682173e-05
1.620000e+02	1.680000e+02	1.140000e+02	1.200000e+02	2.717440e-04	1.987189e-05	1.987189e-05
1.620000e+02	1.680000e+02	1.200000e+02	1.260000e+02	3.560283e-04	2.274581e-05	2.274581e-05
1.620000e+02	1.680000e+02	1.260000e+02	1.320000e+02	3.037139e-04	2.100833e-05	2.100833e-05
1.620000e+02	1.680000e+02	1.320000e+02	1.380000e+02	2.688376e-04	1.976534e-05	1.976534e-05
1.620000e+02	1.680000e+02	1.380000e+02	1.440000e+02	2.702908e-04	1.981868e-05	1.981868e-05
1.620000e+02	1.680000e+02	1.440000e+02	1.500000e+02	2.920886e-04	2.060233e-05	2.060233e-05
1.620000e+02	1.680000e+02	1.500000e+02	1.560000e+02	3.909044e-04	2.383387e-05	2.383387e-05
1.620000e+02	1.680000e+02	1.560000e+02	1.620000e+02	4.214211e-04	2.474670e-05	2.474670e-05
1.620000e+02	1.680000e+02	1.620000e+02	1.680000e+02	2.383209e-04	1.860974e-05	1.860974e-05
1.620000e+02	1.680000e+02	1.680000e+02	1.740000e+02	0.000000e+00	0.000000e+00	0.000000e+00
1.620000e+02	1.680000e+02	1.740000e+02	1.800000e+02	0.000000e+00	0.000000e+00	0.000000e+00
1.680000e+02	1.740000e+02	0.000000e+00	6.000000e+00	0.000000e+00	0.000000e+00	0.000000e+00
1.680000e+02	1.740000e+02	6.000000e+00	1.200000e+01	0.000000e+00	0.000000e+00	0.000000e+00
1.680000e+02	1.740000e+02	1.200000e+01	1.800000e+01	0.000000e+00	0.000000e+00	0.000000e+00
1.680000e+02	1.740000e+02	1.800000e+01	2.400000e+01	0.000000e+00	0.000000e+00	0.000000e+00
1.680000e+02	1.740000e+02	2.400000e+01	3.000000e+01	0.000000e+00	0.000000e+00	0.000000e+00
1.680000e+02	1.740000e+02	3.000000e+01	3.600000e+01	0.000000e+00	0.000000e+00	0.000000e+00
1.680000e+02	1.740000e+02	3.600000e+01	4.200000e+01	0.000000e+00	0.000000e+00	0.000000e+00
1.680000e+02	1.740000e+02	4.200000e+01	4.800000e+01	0.000000e+00	0.000000e+00	0.000000e+00
1.680000e+02	1.740000e+02	4.800000e+01	5.400000e+01	0.000000e+00	0.000000e+00	0.000000e+00
1.680000e+02	1.740000e+02	5.400000e+01	6.000000e+01	0.000000e+00	0.000000e+00	0.000000e+00
1.680000e+02	1.740000e+02	6.000000e+01	6.600000e+01	0.000000e+00	0.000000e+00	0.000000e+00
1.680000e+02	1.740000e+02	6.600000e+01	7.200000e+01	0.000000e+00	0.000000e+00	0.000000e+00
1.680000e+02	1.740000e+02	7.200000e+01	7.800000e+01	0.000000e+00	0.000000e+00	0.000000e+00
1.680000e+02	1.740000e+02	7.800000e+01	8.400000e+01	0.000000e+00	0.000000e+00	0.000000e+00
1.680000e+02	1.740000e+02	8.400000e+01	9.000000e+01	0.000000e+00	0.000000e+00	0.000000e+00
1.680000e+02	1.740000e+02	9.000000e+01	9.600000e+01	0.000000e+00	0.000000e+00	0.000000e+00
1.680000e+02	1.740000e+02	9.600000e+01	1.020000e+02	0.000000e+00	0.000000e+00	0.000000e+00
1.680000e+02	1.740000e+02	1.020000e+02	1.080000e+02	0.000000e+00	0.000000e+00	0.000000e+00
1.680000e+02	1.740000e+02	1.080000e+02	1.140000e+02	0.000000e+00	0.000000e+00	0.000000e+00
1.680000e+02	1.740000e+02	1.140000e+02	1.200000e+02	0.000000e+00	0.000000e+00	0.000000e+00
1.680000e+02	1.740000e+02	1.200000e+02	1.260000e+02	0.000000e+00	0.000000e+00	0.000000e+00
1.680000e+02	1.740000e+02	1.260000e+02	1.320000e+02	0.000000e+00	0.000000e+00	0.000000e+00
1.680000e+02	1.740000e+02	1.320000e+02	1.380000e+02	0.000000e+00	0.000000e+00	0.000000e+00
1.680000e+02	1.740000e+02	1.380000e+02	1.440000e+02	0.000000e+00	0.000000e+00	0.000000e+00
1.680000e+02	1.740000e+02	1.440000e+02	1.500000e+02	0.000000e+00	0.000000e+00	0.000000e+00
1.680000e+02	1.740000e+02	1.500000e+02	1.560000e+02	0.000000e+00	0.000000e+00	0.000000e+00
1.680000e+02	1.740000e+02	1.560000e+02	1.620000e+02	0.000000e+00	0.000000e+00	0.000000e+00
1.680000e+02	1.740000e+02	1.620000e+02	1.680000e+02	0.000000e+00	0.000000e+00	0.000000e+00
1.680000e+02	1.740000e+02	1.680000e+02	1.740000e+02	0.000000e+00	0.000000e+00	0.000000e+00
1.680000e+02	1.740000e+02	1.740000e+02	1.800000e+02	0.000000e+00	0.000000e+00	0.000000e+00
1.740000e+02	1.800000e+02	0.000000e+00	6.000000e+00	0.000000e+00	0.000000e+00	0.000000e+00
1.740000e+02	1.800000e+02	6.000000e+00	1.200000e+01	0.000000e+00	0.000000e+00	0.000000e+00
1.740000e+02	1.800000e+02	1.200000e+01	1.800000e+01	0.000000e+00	0.000000e+00	0.000000e+00
1.740000e+02	1.800000e+02	1.800000e+01	2.400000e+01	0.000000e+00	0.000000e+00	0.000000e+00
1.740000e+02	1.800000e+02	2.400000e+01	3.000000e+01	0.000000e+00	0.000000e+00	0.000000e+00
1.740000e+02	1.800000e+02	3.000000e+01	3.600000e+01	0.000000e+00	0.000000e+00	0.000000e+00
1.740000e+02	1.800000e+02	3.600000e+01	4.200000e+01	0.000000e+00	0.000000e+00	0.000000e+00
1.740000e+02	1.800000e+02	4.200000e+01	4.800000e+01	0.000000e+00	0.000000e+00	0.000000e+00
1.740000e+02	1.800000e+02	4.800000e+01	5.400000e+01	0.000000e+00	0.000000e+00	0.000000e+00
1.740000e+02	1.800000e+02	5.400000e+01	6.000000e+01	0.000000e+00	0.000000e+00	0.000000e+00
1.740000e+02	1.800000e+02	6.000000e+01	6.600000e+01	0.000000e+00	0.000000e+00	0.000000e+00
1.740000e+02	1.800000e+02	6.600000e+01	7.200000e+01	0.000000e+00	0.000000e+00	0.000000e+00
1.740000e+02	1.800000e+02	7.200000e+01	7.800000e+01	0.000000e+00	0.000000e+00	0.000000e+00
1.740000e+02	1.800000e+02	7.800000e+01	8.400000e+01	0.000000e+00	0.000000e+00	0.000000e+00
1.740000e+02	1.800000e+02	8.400000e+01	9.000000e+01	0.000000e+00	0.000000e+00	0.000000e+00
1.740000e+02	1.800000e+02	9.000000e+01	9.600000e+01	0.000000e+00	0.000000e+00	0.000000e+00
1.740000e+02	1.800000e+02	9.600000e+01	1.020000e+02	0.000000e+00	0.000000e+00	0.000000e+00
1.740000e+02	1.800000e+02	1.020000e+02	1.080000e+02	0.000000e+00	0.000000e+00	0.000000e+00
1.740000e+02	1.800000e+02	1.080000e+02	1.140000e+02	0.000000e+00	0.000000e+00	0.000000e+00
1.740000e+02	1.800000e+02	1.140000e+02	1.200000e+02	0.000000e+00	0.000000e+00	0.000000e+00
1.740000e+02	1.800000e+02	1.200000e+02	1.260000e+02	0.000000e+00	0.000000e+00	0.000000e+00
1.740000e+02	1.800000e+02	1.260000e+02	1.320000e+02	0.000000e+00	0.000000e+00	0.000000e+00
1.740000e+02	1.800000e+02	1.320000e+02	1.380000e+02	0.000000e+00	0.000000e+00	0.000000e+00
1.740000e+02	1.800000e+02	1.380000e+02	1.440000e+02	0.000000e+00	0.000000e+00	0.000000e+00
1.740000e+02	1.800000e+02	1.440000e+02	1.500000e+02	0.000000e+00	0.000000e+00	0.000000e+00
1.740000e+02	1.800000e+02	1.500000e+02	1.560000e+02	0.000000e+00	0.000000e+00	0.000000e+00
1.740000e+02	1.800000e+02	1.560000e+02	1.620000e+02	0.000000e+00	0.000000e+00	0.000000e+00
1.740000e+02	1.800000e+02	1.620000e+02	1.680000e+02	0.000000e+00	0.000000e+00	0.000000e+00
1.740000e+02	1.800000e+02	1.680000e+02	1.740000e+02	0.000000e+00	0.000000e+00	0.000000e+00
1.740000e+02	1.800000e+02	1.740000e+02	1.800000e+02	0.000000e+00	0.000000e+00	0.000000e+00
# END HISTO2D

