# BEGIN HISTO2D /res/oxford/histo_ptHptH_inter_C2
Path=/res/oxford/histo_ptHptH_inter_C2
Title=ptHptH_inter_C2
# xlow	 xhigh	 ylow	 yhigh	 val	 errminus	 errplus
0.000000e+00	3.000000e+01	0.000000e+00	3.000000e+01	0.000000e+00	0.000000e+00	0.000000e+00
0.000000e+00	3.000000e+01	3.000000e+01	6.000000e+01	0.000000e+00	0.000000e+00	0.000000e+00
0.000000e+00	3.000000e+01	6.000000e+01	9.000000e+01	0.000000e+00	0.000000e+00	0.000000e+00
0.000000e+00	3.000000e+01	9.000000e+01	1.200000e+02	0.000000e+00	0.000000e+00	0.000000e+00
0.000000e+00	3.000000e+01	1.200000e+02	1.500000e+02	0.000000e+00	0.000000e+00	0.000000e+00
0.000000e+00	3.000000e+01	1.500000e+02	1.800000e+02	0.000000e+00	0.000000e+00	0.000000e+00
0.000000e+00	3.000000e+01	1.800000e+02	2.100000e+02	0.000000e+00	0.000000e+00	0.000000e+00
0.000000e+00	3.000000e+01	2.100000e+02	2.400000e+02	0.000000e+00	0.000000e+00	0.000000e+00
0.000000e+00	3.000000e+01	2.400000e+02	2.700000e+02	0.000000e+00	0.000000e+00	0.000000e+00
0.000000e+00	3.000000e+01	2.700000e+02	3.000000e+02	0.000000e+00	0.000000e+00	0.000000e+00
0.000000e+00	3.000000e+01	3.000000e+02	3.300000e+02	0.000000e+00	0.000000e+00	0.000000e+00
0.000000e+00	3.000000e+01	3.300000e+02	3.600000e+02	0.000000e+00	0.000000e+00	0.000000e+00
0.000000e+00	3.000000e+01	3.600000e+02	3.900000e+02	0.000000e+00	0.000000e+00	0.000000e+00
0.000000e+00	3.000000e+01	3.900000e+02	4.200000e+02	0.000000e+00	0.000000e+00	0.000000e+00
0.000000e+00	3.000000e+01	4.200000e+02	4.500000e+02	0.000000e+00	0.000000e+00	0.000000e+00
0.000000e+00	3.000000e+01	4.500000e+02	4.800000e+02	0.000000e+00	0.000000e+00	0.000000e+00
0.000000e+00	3.000000e+01	4.800000e+02	5.100000e+02	0.000000e+00	0.000000e+00	0.000000e+00
0.000000e+00	3.000000e+01	5.100000e+02	5.400000e+02	0.000000e+00	0.000000e+00	0.000000e+00
0.000000e+00	3.000000e+01	5.400000e+02	5.700000e+02	0.000000e+00	0.000000e+00	0.000000e+00
0.000000e+00	3.000000e+01	5.700000e+02	6.000000e+02	0.000000e+00	0.000000e+00	0.000000e+00
0.000000e+00	3.000000e+01	6.000000e+02	6.300000e+02	0.000000e+00	0.000000e+00	0.000000e+00
0.000000e+00	3.000000e+01	6.300000e+02	6.600000e+02	0.000000e+00	0.000000e+00	0.000000e+00
0.000000e+00	3.000000e+01	6.600000e+02	6.900000e+02	0.000000e+00	0.000000e+00	0.000000e+00
0.000000e+00	3.000000e+01	6.900000e+02	7.200000e+02	0.000000e+00	0.000000e+00	0.000000e+00
0.000000e+00	3.000000e+01	7.200000e+02	7.500000e+02	0.000000e+00	0.000000e+00	0.000000e+00
0.000000e+00	3.000000e+01	7.500000e+02	7.800000e+02	0.000000e+00	0.000000e+00	0.000000e+00
0.000000e+00	3.000000e+01	7.800000e+02	8.100000e+02	0.000000e+00	0.000000e+00	0.000000e+00
0.000000e+00	3.000000e+01	8.100000e+02	8.400000e+02	0.000000e+00	0.000000e+00	0.000000e+00
0.000000e+00	3.000000e+01	8.400000e+02	8.700000e+02	0.000000e+00	0.000000e+00	0.000000e+00
0.000000e+00	3.000000e+01	8.700000e+02	9.000000e+02	0.000000e+00	0.000000e+00	0.000000e+00
3.000000e+01	6.000000e+01	0.000000e+00	3.000000e+01	0.000000e+00	0.000000e+00	0.000000e+00
3.000000e+01	6.000000e+01	3.000000e+01	6.000000e+01	0.000000e+00	0.000000e+00	0.000000e+00
3.000000e+01	6.000000e+01	6.000000e+01	9.000000e+01	0.000000e+00	0.000000e+00	0.000000e+00
3.000000e+01	6.000000e+01	9.000000e+01	1.200000e+02	0.000000e+00	0.000000e+00	0.000000e+00
3.000000e+01	6.000000e+01	1.200000e+02	1.500000e+02	0.000000e+00	0.000000e+00	0.000000e+00
3.000000e+01	6.000000e+01	1.500000e+02	1.800000e+02	0.000000e+00	0.000000e+00	0.000000e+00
3.000000e+01	6.000000e+01	1.800000e+02	2.100000e+02	0.000000e+00	0.000000e+00	0.000000e+00
3.000000e+01	6.000000e+01	2.100000e+02	2.400000e+02	0.000000e+00	0.000000e+00	0.000000e+00
3.000000e+01	6.000000e+01	2.400000e+02	2.700000e+02	0.000000e+00	0.000000e+00	0.000000e+00
3.000000e+01	6.000000e+01	2.700000e+02	3.000000e+02	0.000000e+00	0.000000e+00	0.000000e+00
3.000000e+01	6.000000e+01	3.000000e+02	3.300000e+02	0.000000e+00	0.000000e+00	0.000000e+00
3.000000e+01	6.000000e+01	3.300000e+02	3.600000e+02	0.000000e+00	0.000000e+00	0.000000e+00
3.000000e+01	6.000000e+01	3.600000e+02	3.900000e+02	0.000000e+00	0.000000e+00	0.000000e+00
3.000000e+01	6.000000e+01	3.900000e+02	4.200000e+02	0.000000e+00	0.000000e+00	0.000000e+00
3.000000e+01	6.000000e+01	4.200000e+02	4.500000e+02	0.000000e+00	0.000000e+00	0.000000e+00
3.000000e+01	6.000000e+01	4.500000e+02	4.800000e+02	0.000000e+00	0.000000e+00	0.000000e+00
3.000000e+01	6.000000e+01	4.800000e+02	5.100000e+02	0.000000e+00	0.000000e+00	0.000000e+00
3.000000e+01	6.000000e+01	5.100000e+02	5.400000e+02	0.000000e+00	0.000000e+00	0.000000e+00
3.000000e+01	6.000000e+01	5.400000e+02	5.700000e+02	0.000000e+00	0.000000e+00	0.000000e+00
3.000000e+01	6.000000e+01	5.700000e+02	6.000000e+02	0.000000e+00	0.000000e+00	0.000000e+00
3.000000e+01	6.000000e+01	6.000000e+02	6.300000e+02	0.000000e+00	0.000000e+00	0.000000e+00
3.000000e+01	6.000000e+01	6.300000e+02	6.600000e+02	0.000000e+00	0.000000e+00	0.000000e+00
3.000000e+01	6.000000e+01	6.600000e+02	6.900000e+02	0.000000e+00	0.000000e+00	0.000000e+00
3.000000e+01	6.000000e+01	6.900000e+02	7.200000e+02	0.000000e+00	0.000000e+00	0.000000e+00
3.000000e+01	6.000000e+01	7.200000e+02	7.500000e+02	0.000000e+00	0.000000e+00	0.000000e+00
3.000000e+01	6.000000e+01	7.500000e+02	7.800000e+02	0.000000e+00	0.000000e+00	0.000000e+00
3.000000e+01	6.000000e+01	7.800000e+02	8.100000e+02	0.000000e+00	0.000000e+00	0.000000e+00
3.000000e+01	6.000000e+01	8.100000e+02	8.400000e+02	0.000000e+00	0.000000e+00	0.000000e+00
3.000000e+01	6.000000e+01	8.400000e+02	8.700000e+02	0.000000e+00	0.000000e+00	0.000000e+00
3.000000e+01	6.000000e+01	8.700000e+02	9.000000e+02	0.000000e+00	0.000000e+00	0.000000e+00
6.000000e+01	9.000000e+01	0.000000e+00	3.000000e+01	0.000000e+00	0.000000e+00	0.000000e+00
6.000000e+01	9.000000e+01	3.000000e+01	6.000000e+01	0.000000e+00	0.000000e+00	0.000000e+00
6.000000e+01	9.000000e+01	6.000000e+01	9.000000e+01	0.000000e+00	0.000000e+00	0.000000e+00
6.000000e+01	9.000000e+01	9.000000e+01	1.200000e+02	0.000000e+00	0.000000e+00	0.000000e+00
6.000000e+01	9.000000e+01	1.200000e+02	1.500000e+02	0.000000e+00	0.000000e+00	0.000000e+00
6.000000e+01	9.000000e+01	1.500000e+02	1.800000e+02	0.000000e+00	0.000000e+00	0.000000e+00
6.000000e+01	9.000000e+01	1.800000e+02	2.100000e+02	0.000000e+00	0.000000e+00	0.000000e+00
6.000000e+01	9.000000e+01	2.100000e+02	2.400000e+02	0.000000e+00	0.000000e+00	0.000000e+00
6.000000e+01	9.000000e+01	2.400000e+02	2.700000e+02	0.000000e+00	0.000000e+00	0.000000e+00
6.000000e+01	9.000000e+01	2.700000e+02	3.000000e+02	0.000000e+00	0.000000e+00	0.000000e+00
6.000000e+01	9.000000e+01	3.000000e+02	3.300000e+02	0.000000e+00	0.000000e+00	0.000000e+00
6.000000e+01	9.000000e+01	3.300000e+02	3.600000e+02	0.000000e+00	0.000000e+00	0.000000e+00
6.000000e+01	9.000000e+01	3.600000e+02	3.900000e+02	0.000000e+00	0.000000e+00	0.000000e+00
6.000000e+01	9.000000e+01	3.900000e+02	4.200000e+02	0.000000e+00	0.000000e+00	0.000000e+00
6.000000e+01	9.000000e+01	4.200000e+02	4.500000e+02	0.000000e+00	0.000000e+00	0.000000e+00
6.000000e+01	9.000000e+01	4.500000e+02	4.800000e+02	0.000000e+00	0.000000e+00	0.000000e+00
6.000000e+01	9.000000e+01	4.800000e+02	5.100000e+02	0.000000e+00	0.000000e+00	0.000000e+00
6.000000e+01	9.000000e+01	5.100000e+02	5.400000e+02	0.000000e+00	0.000000e+00	0.000000e+00
6.000000e+01	9.000000e+01	5.400000e+02	5.700000e+02	0.000000e+00	0.000000e+00	0.000000e+00
6.000000e+01	9.000000e+01	5.700000e+02	6.000000e+02	0.000000e+00	0.000000e+00	0.000000e+00
6.000000e+01	9.000000e+01	6.000000e+02	6.300000e+02	0.000000e+00	0.000000e+00	0.000000e+00
6.000000e+01	9.000000e+01	6.300000e+02	6.600000e+02	0.000000e+00	0.000000e+00	0.000000e+00
6.000000e+01	9.000000e+01	6.600000e+02	6.900000e+02	0.000000e+00	0.000000e+00	0.000000e+00
6.000000e+01	9.000000e+01	6.900000e+02	7.200000e+02	0.000000e+00	0.000000e+00	0.000000e+00
6.000000e+01	9.000000e+01	7.200000e+02	7.500000e+02	0.000000e+00	0.000000e+00	0.000000e+00
6.000000e+01	9.000000e+01	7.500000e+02	7.800000e+02	0.000000e+00	0.000000e+00	0.000000e+00
6.000000e+01	9.000000e+01	7.800000e+02	8.100000e+02	0.000000e+00	0.000000e+00	0.000000e+00
6.000000e+01	9.000000e+01	8.100000e+02	8.400000e+02	0.000000e+00	0.000000e+00	0.000000e+00
6.000000e+01	9.000000e+01	8.400000e+02	8.700000e+02	0.000000e+00	0.000000e+00	0.000000e+00
6.000000e+01	9.000000e+01	8.700000e+02	9.000000e+02	0.000000e+00	0.000000e+00	0.000000e+00
9.000000e+01	1.200000e+02	0.000000e+00	3.000000e+01	0.000000e+00	0.000000e+00	0.000000e+00
9.000000e+01	1.200000e+02	3.000000e+01	6.000000e+01	0.000000e+00	0.000000e+00	0.000000e+00
9.000000e+01	1.200000e+02	6.000000e+01	9.000000e+01	0.000000e+00	0.000000e+00	0.000000e+00
9.000000e+01	1.200000e+02	9.000000e+01	1.200000e+02	0.000000e+00	0.000000e+00	0.000000e+00
9.000000e+01	1.200000e+02	1.200000e+02	1.500000e+02	0.000000e+00	0.000000e+00	0.000000e+00
9.000000e+01	1.200000e+02	1.500000e+02	1.800000e+02	0.000000e+00	0.000000e+00	0.000000e+00
9.000000e+01	1.200000e+02	1.800000e+02	2.100000e+02	0.000000e+00	0.000000e+00	0.000000e+00
9.000000e+01	1.200000e+02	2.100000e+02	2.400000e+02	0.000000e+00	0.000000e+00	0.000000e+00
9.000000e+01	1.200000e+02	2.400000e+02	2.700000e+02	0.000000e+00	0.000000e+00	0.000000e+00
9.000000e+01	1.200000e+02	2.700000e+02	3.000000e+02	0.000000e+00	0.000000e+00	0.000000e+00
9.000000e+01	1.200000e+02	3.000000e+02	3.300000e+02	0.000000e+00	0.000000e+00	0.000000e+00
9.000000e+01	1.200000e+02	3.300000e+02	3.600000e+02	0.000000e+00	0.000000e+00	0.000000e+00
9.000000e+01	1.200000e+02	3.600000e+02	3.900000e+02	0.000000e+00	0.000000e+00	0.000000e+00
9.000000e+01	1.200000e+02	3.900000e+02	4.200000e+02	0.000000e+00	0.000000e+00	0.000000e+00
9.000000e+01	1.200000e+02	4.200000e+02	4.500000e+02	0.000000e+00	0.000000e+00	0.000000e+00
9.000000e+01	1.200000e+02	4.500000e+02	4.800000e+02	0.000000e+00	0.000000e+00	0.000000e+00
9.000000e+01	1.200000e+02	4.800000e+02	5.100000e+02	0.000000e+00	0.000000e+00	0.000000e+00
9.000000e+01	1.200000e+02	5.100000e+02	5.400000e+02	0.000000e+00	0.000000e+00	0.000000e+00
9.000000e+01	1.200000e+02	5.400000e+02	5.700000e+02	0.000000e+00	0.000000e+00	0.000000e+00
9.000000e+01	1.200000e+02	5.700000e+02	6.000000e+02	0.000000e+00	0.000000e+00	0.000000e+00
9.000000e+01	1.200000e+02	6.000000e+02	6.300000e+02	0.000000e+00	0.000000e+00	0.000000e+00
9.000000e+01	1.200000e+02	6.300000e+02	6.600000e+02	0.000000e+00	0.000000e+00	0.000000e+00
9.000000e+01	1.200000e+02	6.600000e+02	6.900000e+02	0.000000e+00	0.000000e+00	0.000000e+00
9.000000e+01	1.200000e+02	6.900000e+02	7.200000e+02	0.000000e+00	0.000000e+00	0.000000e+00
9.000000e+01	1.200000e+02	7.200000e+02	7.500000e+02	0.000000e+00	0.000000e+00	0.000000e+00
9.000000e+01	1.200000e+02	7.500000e+02	7.800000e+02	0.000000e+00	0.000000e+00	0.000000e+00
9.000000e+01	1.200000e+02	7.800000e+02	8.100000e+02	0.000000e+00	0.000000e+00	0.000000e+00
9.000000e+01	1.200000e+02	8.100000e+02	8.400000e+02	0.000000e+00	0.000000e+00	0.000000e+00
9.000000e+01	1.200000e+02	8.400000e+02	8.700000e+02	0.000000e+00	0.000000e+00	0.000000e+00
9.000000e+01	1.200000e+02	8.700000e+02	9.000000e+02	0.000000e+00	0.000000e+00	0.000000e+00
1.200000e+02	1.500000e+02	0.000000e+00	3.000000e+01	0.000000e+00	0.000000e+00	0.000000e+00
1.200000e+02	1.500000e+02	3.000000e+01	6.000000e+01	0.000000e+00	0.000000e+00	0.000000e+00
1.200000e+02	1.500000e+02	6.000000e+01	9.000000e+01	0.000000e+00	0.000000e+00	0.000000e+00
1.200000e+02	1.500000e+02	9.000000e+01	1.200000e+02	0.000000e+00	0.000000e+00	0.000000e+00
1.200000e+02	1.500000e+02	1.200000e+02	1.500000e+02	0.000000e+00	0.000000e+00	0.000000e+00
1.200000e+02	1.500000e+02	1.500000e+02	1.800000e+02	0.000000e+00	0.000000e+00	0.000000e+00
1.200000e+02	1.500000e+02	1.800000e+02	2.100000e+02	0.000000e+00	0.000000e+00	0.000000e+00
1.200000e+02	1.500000e+02	2.100000e+02	2.400000e+02	0.000000e+00	0.000000e+00	0.000000e+00
1.200000e+02	1.500000e+02	2.400000e+02	2.700000e+02	0.000000e+00	0.000000e+00	0.000000e+00
1.200000e+02	1.500000e+02	2.700000e+02	3.000000e+02	0.000000e+00	0.000000e+00	0.000000e+00
1.200000e+02	1.500000e+02	3.000000e+02	3.300000e+02	0.000000e+00	0.000000e+00	0.000000e+00
1.200000e+02	1.500000e+02	3.300000e+02	3.600000e+02	0.000000e+00	0.000000e+00	0.000000e+00
1.200000e+02	1.500000e+02	3.600000e+02	3.900000e+02	0.000000e+00	0.000000e+00	0.000000e+00
1.200000e+02	1.500000e+02	3.900000e+02	4.200000e+02	0.000000e+00	0.000000e+00	0.000000e+00
1.200000e+02	1.500000e+02	4.200000e+02	4.500000e+02	0.000000e+00	0.000000e+00	0.000000e+00
1.200000e+02	1.500000e+02	4.500000e+02	4.800000e+02	0.000000e+00	0.000000e+00	0.000000e+00
1.200000e+02	1.500000e+02	4.800000e+02	5.100000e+02	0.000000e+00	0.000000e+00	0.000000e+00
1.200000e+02	1.500000e+02	5.100000e+02	5.400000e+02	0.000000e+00	0.000000e+00	0.000000e+00
1.200000e+02	1.500000e+02	5.400000e+02	5.700000e+02	0.000000e+00	0.000000e+00	0.000000e+00
1.200000e+02	1.500000e+02	5.700000e+02	6.000000e+02	0.000000e+00	0.000000e+00	0.000000e+00
1.200000e+02	1.500000e+02	6.000000e+02	6.300000e+02	0.000000e+00	0.000000e+00	0.000000e+00
1.200000e+02	1.500000e+02	6.300000e+02	6.600000e+02	0.000000e+00	0.000000e+00	0.000000e+00
1.200000e+02	1.500000e+02	6.600000e+02	6.900000e+02	0.000000e+00	0.000000e+00	0.000000e+00
1.200000e+02	1.500000e+02	6.900000e+02	7.200000e+02	0.000000e+00	0.000000e+00	0.000000e+00
1.200000e+02	1.500000e+02	7.200000e+02	7.500000e+02	0.000000e+00	0.000000e+00	0.000000e+00
1.200000e+02	1.500000e+02	7.500000e+02	7.800000e+02	0.000000e+00	0.000000e+00	0.000000e+00
1.200000e+02	1.500000e+02	7.800000e+02	8.100000e+02	0.000000e+00	0.000000e+00	0.000000e+00
1.200000e+02	1.500000e+02	8.100000e+02	8.400000e+02	0.000000e+00	0.000000e+00	0.000000e+00
1.200000e+02	1.500000e+02	8.400000e+02	8.700000e+02	0.000000e+00	0.000000e+00	0.000000e+00
1.200000e+02	1.500000e+02	8.700000e+02	9.000000e+02	0.000000e+00	0.000000e+00	0.000000e+00
1.500000e+02	1.800000e+02	0.000000e+00	3.000000e+01	0.000000e+00	0.000000e+00	0.000000e+00
1.500000e+02	1.800000e+02	3.000000e+01	6.000000e+01	0.000000e+00	0.000000e+00	0.000000e+00
1.500000e+02	1.800000e+02	6.000000e+01	9.000000e+01	0.000000e+00	0.000000e+00	0.000000e+00
1.500000e+02	1.800000e+02	9.000000e+01	1.200000e+02	0.000000e+00	0.000000e+00	0.000000e+00
1.500000e+02	1.800000e+02	1.200000e+02	1.500000e+02	0.000000e+00	0.000000e+00	0.000000e+00
1.500000e+02	1.800000e+02	1.500000e+02	1.800000e+02	0.000000e+00	0.000000e+00	0.000000e+00
1.500000e+02	1.800000e+02	1.800000e+02	2.100000e+02	0.000000e+00	0.000000e+00	0.000000e+00
1.500000e+02	1.800000e+02	2.100000e+02	2.400000e+02	0.000000e+00	0.000000e+00	0.000000e+00
1.500000e+02	1.800000e+02	2.400000e+02	2.700000e+02	0.000000e+00	0.000000e+00	0.000000e+00
1.500000e+02	1.800000e+02	2.700000e+02	3.000000e+02	0.000000e+00	0.000000e+00	0.000000e+00
1.500000e+02	1.800000e+02	3.000000e+02	3.300000e+02	0.000000e+00	0.000000e+00	0.000000e+00
1.500000e+02	1.800000e+02	3.300000e+02	3.600000e+02	0.000000e+00	0.000000e+00	0.000000e+00
1.500000e+02	1.800000e+02	3.600000e+02	3.900000e+02	0.000000e+00	0.000000e+00	0.000000e+00
1.500000e+02	1.800000e+02	3.900000e+02	4.200000e+02	0.000000e+00	0.000000e+00	0.000000e+00
1.500000e+02	1.800000e+02	4.200000e+02	4.500000e+02	0.000000e+00	0.000000e+00	0.000000e+00
1.500000e+02	1.800000e+02	4.500000e+02	4.800000e+02	0.000000e+00	0.000000e+00	0.000000e+00
1.500000e+02	1.800000e+02	4.800000e+02	5.100000e+02	0.000000e+00	0.000000e+00	0.000000e+00
1.500000e+02	1.800000e+02	5.100000e+02	5.400000e+02	0.000000e+00	0.000000e+00	0.000000e+00
1.500000e+02	1.800000e+02	5.400000e+02	5.700000e+02	0.000000e+00	0.000000e+00	0.000000e+00
1.500000e+02	1.800000e+02	5.700000e+02	6.000000e+02	0.000000e+00	0.000000e+00	0.000000e+00
1.500000e+02	1.800000e+02	6.000000e+02	6.300000e+02	0.000000e+00	0.000000e+00	0.000000e+00
1.500000e+02	1.800000e+02	6.300000e+02	6.600000e+02	0.000000e+00	0.000000e+00	0.000000e+00
1.500000e+02	1.800000e+02	6.600000e+02	6.900000e+02	0.000000e+00	0.000000e+00	0.000000e+00
1.500000e+02	1.800000e+02	6.900000e+02	7.200000e+02	0.000000e+00	0.000000e+00	0.000000e+00
1.500000e+02	1.800000e+02	7.200000e+02	7.500000e+02	0.000000e+00	0.000000e+00	0.000000e+00
1.500000e+02	1.800000e+02	7.500000e+02	7.800000e+02	0.000000e+00	0.000000e+00	0.000000e+00
1.500000e+02	1.800000e+02	7.800000e+02	8.100000e+02	0.000000e+00	0.000000e+00	0.000000e+00
1.500000e+02	1.800000e+02	8.100000e+02	8.400000e+02	0.000000e+00	0.000000e+00	0.000000e+00
1.500000e+02	1.800000e+02	8.400000e+02	8.700000e+02	0.000000e+00	0.000000e+00	0.000000e+00
1.500000e+02	1.800000e+02	8.700000e+02	9.000000e+02	0.000000e+00	0.000000e+00	0.000000e+00
1.800000e+02	2.100000e+02	0.000000e+00	3.000000e+01	3.850982e-11	3.803148e-11	3.803148e-11
1.800000e+02	2.100000e+02	3.000000e+01	6.000000e+01	7.843382e-11	5.379095e-11	5.379095e-11
1.800000e+02	2.100000e+02	6.000000e+01	9.000000e+01	3.429221e-09	3.044661e-09	3.044661e-09
1.800000e+02	2.100000e+02	9.000000e+01	1.200000e+02	2.553521e-08	8.607479e-09	8.607479e-09
1.800000e+02	2.100000e+02	1.200000e+02	1.500000e+02	2.036061e-07	2.455075e-08	2.455075e-08
1.800000e+02	2.100000e+02	1.500000e+02	1.800000e+02	4.581316e-07	3.690716e-08	3.690716e-08
1.800000e+02	2.100000e+02	1.800000e+02	2.100000e+02	6.504950e-07	4.391964e-08	4.391964e-08
1.800000e+02	2.100000e+02	2.100000e+02	2.400000e+02	0.000000e+00	0.000000e+00	0.000000e+00
1.800000e+02	2.100000e+02	2.400000e+02	2.700000e+02	0.000000e+00	0.000000e+00	0.000000e+00
1.800000e+02	2.100000e+02	2.700000e+02	3.000000e+02	0.000000e+00	0.000000e+00	0.000000e+00
1.800000e+02	2.100000e+02	3.000000e+02	3.300000e+02	0.000000e+00	0.000000e+00	0.000000e+00
1.800000e+02	2.100000e+02	3.300000e+02	3.600000e+02	0.000000e+00	0.000000e+00	0.000000e+00
1.800000e+02	2.100000e+02	3.600000e+02	3.900000e+02	0.000000e+00	0.000000e+00	0.000000e+00
1.800000e+02	2.100000e+02	3.900000e+02	4.200000e+02	0.000000e+00	0.000000e+00	0.000000e+00
1.800000e+02	2.100000e+02	4.200000e+02	4.500000e+02	0.000000e+00	0.000000e+00	0.000000e+00
1.800000e+02	2.100000e+02	4.500000e+02	4.800000e+02	0.000000e+00	0.000000e+00	0.000000e+00
1.800000e+02	2.100000e+02	4.800000e+02	5.100000e+02	0.000000e+00	0.000000e+00	0.000000e+00
1.800000e+02	2.100000e+02	5.100000e+02	5.400000e+02	0.000000e+00	0.000000e+00	0.000000e+00
1.800000e+02	2.100000e+02	5.400000e+02	5.700000e+02	0.000000e+00	0.000000e+00	0.000000e+00
1.800000e+02	2.100000e+02	5.700000e+02	6.000000e+02	0.000000e+00	0.000000e+00	0.000000e+00
1.800000e+02	2.100000e+02	6.000000e+02	6.300000e+02	0.000000e+00	0.000000e+00	0.000000e+00
1.800000e+02	2.100000e+02	6.300000e+02	6.600000e+02	0.000000e+00	0.000000e+00	0.000000e+00
1.800000e+02	2.100000e+02	6.600000e+02	6.900000e+02	0.000000e+00	0.000000e+00	0.000000e+00
1.800000e+02	2.100000e+02	6.900000e+02	7.200000e+02	0.000000e+00	0.000000e+00	0.000000e+00
1.800000e+02	2.100000e+02	7.200000e+02	7.500000e+02	0.000000e+00	0.000000e+00	0.000000e+00
1.800000e+02	2.100000e+02	7.500000e+02	7.800000e+02	0.000000e+00	0.000000e+00	0.000000e+00
1.800000e+02	2.100000e+02	7.800000e+02	8.100000e+02	0.000000e+00	0.000000e+00	0.000000e+00
1.800000e+02	2.100000e+02	8.100000e+02	8.400000e+02	0.000000e+00	0.000000e+00	0.000000e+00
1.800000e+02	2.100000e+02	8.400000e+02	8.700000e+02	0.000000e+00	0.000000e+00	0.000000e+00
1.800000e+02	2.100000e+02	8.700000e+02	9.000000e+02	0.000000e+00	0.000000e+00	0.000000e+00
2.100000e+02	2.400000e+02	0.000000e+00	3.000000e+01	3.195821e-09	3.043232e-09	3.043232e-09
2.100000e+02	2.400000e+02	3.000000e+01	6.000000e+01	3.172719e-08	9.636612e-09	9.636612e-09
2.100000e+02	2.400000e+02	6.000000e+01	9.000000e+01	5.926792e-08	1.326798e-08	1.326798e-08
2.100000e+02	2.400000e+02	9.000000e+01	1.200000e+02	2.312914e-07	2.618759e-08	2.618759e-08
2.100000e+02	2.400000e+02	1.200000e+02	1.500000e+02	8.209541e-07	4.954746e-08	4.954746e-08
2.100000e+02	2.400000e+02	1.500000e+02	1.800000e+02	2.167851e-06	8.052850e-08	8.052850e-08
2.100000e+02	2.400000e+02	1.800000e+02	2.100000e+02	4.440828e-06	1.154472e-07	1.154472e-07
2.100000e+02	2.400000e+02	2.100000e+02	2.400000e+02	3.613736e-06	1.041521e-07	1.041521e-07
2.100000e+02	2.400000e+02	2.400000e+02	2.700000e+02	0.000000e+00	0.000000e+00	0.000000e+00
2.100000e+02	2.400000e+02	2.700000e+02	3.000000e+02	0.000000e+00	0.000000e+00	0.000000e+00
2.100000e+02	2.400000e+02	3.000000e+02	3.300000e+02	0.000000e+00	0.000000e+00	0.000000e+00
2.100000e+02	2.400000e+02	3.300000e+02	3.600000e+02	0.000000e+00	0.000000e+00	0.000000e+00
2.100000e+02	2.400000e+02	3.600000e+02	3.900000e+02	0.000000e+00	0.000000e+00	0.000000e+00
2.100000e+02	2.400000e+02	3.900000e+02	4.200000e+02	0.000000e+00	0.000000e+00	0.000000e+00
2.100000e+02	2.400000e+02	4.200000e+02	4.500000e+02	0.000000e+00	0.000000e+00	0.000000e+00
2.100000e+02	2.400000e+02	4.500000e+02	4.800000e+02	0.000000e+00	0.000000e+00	0.000000e+00
2.100000e+02	2.400000e+02	4.800000e+02	5.100000e+02	0.000000e+00	0.000000e+00	0.000000e+00
2.100000e+02	2.400000e+02	5.100000e+02	5.400000e+02	0.000000e+00	0.000000e+00	0.000000e+00
2.100000e+02	2.400000e+02	5.400000e+02	5.700000e+02	0.000000e+00	0.000000e+00	0.000000e+00
2.100000e+02	2.400000e+02	5.700000e+02	6.000000e+02	0.000000e+00	0.000000e+00	0.000000e+00
2.100000e+02	2.400000e+02	6.000000e+02	6.300000e+02	0.000000e+00	0.000000e+00	0.000000e+00
2.100000e+02	2.400000e+02	6.300000e+02	6.600000e+02	0.000000e+00	0.000000e+00	0.000000e+00
2.100000e+02	2.400000e+02	6.600000e+02	6.900000e+02	0.000000e+00	0.000000e+00	0.000000e+00
2.100000e+02	2.400000e+02	6.900000e+02	7.200000e+02	0.000000e+00	0.000000e+00	0.000000e+00
2.100000e+02	2.400000e+02	7.200000e+02	7.500000e+02	0.000000e+00	0.000000e+00	0.000000e+00
2.100000e+02	2.400000e+02	7.500000e+02	7.800000e+02	0.000000e+00	0.000000e+00	0.000000e+00
2.100000e+02	2.400000e+02	7.800000e+02	8.100000e+02	0.000000e+00	0.000000e+00	0.000000e+00
2.100000e+02	2.400000e+02	8.100000e+02	8.400000e+02	0.000000e+00	0.000000e+00	0.000000e+00
2.100000e+02	2.400000e+02	8.400000e+02	8.700000e+02	0.000000e+00	0.000000e+00	0.000000e+00
2.100000e+02	2.400000e+02	8.700000e+02	9.000000e+02	0.000000e+00	0.000000e+00	0.000000e+00
2.400000e+02	2.700000e+02	0.000000e+00	3.000000e+01	9.242362e-09	5.269797e-09	5.269797e-09
2.400000e+02	2.700000e+02	3.000000e+01	6.000000e+01	4.605397e-08	1.178338e-08	1.178338e-08
2.400000e+02	2.700000e+02	6.000000e+01	9.000000e+01	8.800561e-08	1.611772e-08	1.611772e-08
2.400000e+02	2.700000e+02	9.000000e+01	1.200000e+02	2.871136e-07	2.934582e-08	2.934582e-08
2.400000e+02	2.700000e+02	1.200000e+02	1.500000e+02	9.316457e-07	5.272908e-08	5.272908e-08
2.400000e+02	2.700000e+02	1.500000e+02	1.800000e+02	2.327999e-06	8.357162e-08	8.357162e-08
2.400000e+02	2.700000e+02	1.800000e+02	2.100000e+02	4.480010e-06	1.161167e-07	1.161167e-07
2.400000e+02	2.700000e+02	2.100000e+02	2.400000e+02	6.358142e-06	1.384171e-07	1.384171e-07
2.400000e+02	2.700000e+02	2.400000e+02	2.700000e+02	2.712769e-06	9.047355e-08	9.047355e-08
2.400000e+02	2.700000e+02	2.700000e+02	3.000000e+02	0.000000e+00	0.000000e+00	0.000000e+00
2.400000e+02	2.700000e+02	3.000000e+02	3.300000e+02	0.000000e+00	0.000000e+00	0.000000e+00
2.400000e+02	2.700000e+02	3.300000e+02	3.600000e+02	0.000000e+00	0.000000e+00	0.000000e+00
2.400000e+02	2.700000e+02	3.600000e+02	3.900000e+02	0.000000e+00	0.000000e+00	0.000000e+00
2.400000e+02	2.700000e+02	3.900000e+02	4.200000e+02	0.000000e+00	0.000000e+00	0.000000e+00
2.400000e+02	2.700000e+02	4.200000e+02	4.500000e+02	0.000000e+00	0.000000e+00	0.000000e+00
2.400000e+02	2.700000e+02	4.500000e+02	4.800000e+02	0.000000e+00	0.000000e+00	0.000000e+00
2.400000e+02	2.700000e+02	4.800000e+02	5.100000e+02	0.000000e+00	0.000000e+00	0.000000e+00
2.400000e+02	2.700000e+02	5.100000e+02	5.400000e+02	0.000000e+00	0.000000e+00	0.000000e+00
2.400000e+02	2.700000e+02	5.400000e+02	5.700000e+02	0.000000e+00	0.000000e+00	0.000000e+00
2.400000e+02	2.700000e+02	5.700000e+02	6.000000e+02	0.000000e+00	0.000000e+00	0.000000e+00
2.400000e+02	2.700000e+02	6.000000e+02	6.300000e+02	0.000000e+00	0.000000e+00	0.000000e+00
2.400000e+02	2.700000e+02	6.300000e+02	6.600000e+02	0.000000e+00	0.000000e+00	0.000000e+00
2.400000e+02	2.700000e+02	6.600000e+02	6.900000e+02	0.000000e+00	0.000000e+00	0.000000e+00
2.400000e+02	2.700000e+02	6.900000e+02	7.200000e+02	0.000000e+00	0.000000e+00	0.000000e+00
2.400000e+02	2.700000e+02	7.200000e+02	7.500000e+02	0.000000e+00	0.000000e+00	0.000000e+00
2.400000e+02	2.700000e+02	7.500000e+02	7.800000e+02	0.000000e+00	0.000000e+00	0.000000e+00
2.400000e+02	2.700000e+02	7.800000e+02	8.100000e+02	0.000000e+00	0.000000e+00	0.000000e+00
2.400000e+02	2.700000e+02	8.100000e+02	8.400000e+02	0.000000e+00	0.000000e+00	0.000000e+00
2.400000e+02	2.700000e+02	8.400000e+02	8.700000e+02	0.000000e+00	0.000000e+00	0.000000e+00
2.400000e+02	2.700000e+02	8.700000e+02	9.000000e+02	0.000000e+00	0.000000e+00	0.000000e+00
2.700000e+02	3.000000e+02	0.000000e+00	3.000000e+01	6.084563e-09	4.302435e-09	4.302435e-09
2.700000e+02	3.000000e+02	3.000000e+01	6.000000e+01	3.111398e-08	9.628654e-09	9.628654e-09
2.700000e+02	3.000000e+02	6.000000e+01	9.000000e+01	7.842860e-08	1.522718e-08	1.522718e-08
2.700000e+02	3.000000e+02	9.000000e+01	1.200000e+02	2.172009e-07	2.547204e-08	2.547204e-08
2.700000e+02	3.000000e+02	1.200000e+02	1.500000e+02	4.457729e-07	3.652026e-08	3.652026e-08
2.700000e+02	3.000000e+02	1.500000e+02	1.800000e+02	1.019517e-06	5.528406e-08	5.528406e-08
2.700000e+02	3.000000e+02	1.800000e+02	2.100000e+02	2.067297e-06	7.877513e-08	7.877513e-08
2.700000e+02	3.000000e+02	2.100000e+02	2.400000e+02	2.965717e-06	9.453277e-08	9.453277e-08
2.700000e+02	3.000000e+02	2.400000e+02	2.700000e+02	3.058478e-06	9.599519e-08	9.599519e-08
2.700000e+02	3.000000e+02	2.700000e+02	3.000000e+02	1.190714e-06	5.993795e-08	5.993795e-08
2.700000e+02	3.000000e+02	3.000000e+02	3.300000e+02	0.000000e+00	0.000000e+00	0.000000e+00
2.700000e+02	3.000000e+02	3.300000e+02	3.600000e+02	0.000000e+00	0.000000e+00	0.000000e+00
2.700000e+02	3.000000e+02	3.600000e+02	3.900000e+02	0.000000e+00	0.000000e+00	0.000000e+00
2.700000e+02	3.000000e+02	3.900000e+02	4.200000e+02	0.000000e+00	0.000000e+00	0.000000e+00
2.700000e+02	3.000000e+02	4.200000e+02	4.500000e+02	0.000000e+00	0.000000e+00	0.000000e+00
2.700000e+02	3.000000e+02	4.500000e+02	4.800000e+02	0.000000e+00	0.000000e+00	0.000000e+00
2.700000e+02	3.000000e+02	4.800000e+02	5.100000e+02	0.000000e+00	0.000000e+00	0.000000e+00
2.700000e+02	3.000000e+02	5.100000e+02	5.400000e+02	0.000000e+00	0.000000e+00	0.000000e+00
2.700000e+02	3.000000e+02	5.400000e+02	5.700000e+02	0.000000e+00	0.000000e+00	0.000000e+00
2.700000e+02	3.000000e+02	5.700000e+02	6.000000e+02	0.000000e+00	0.000000e+00	0.000000e+00
2.700000e+02	3.000000e+02	6.000000e+02	6.300000e+02	0.000000e+00	0.000000e+00	0.000000e+00
2.700000e+02	3.000000e+02	6.300000e+02	6.600000e+02	0.000000e+00	0.000000e+00	0.000000e+00
2.700000e+02	3.000000e+02	6.600000e+02	6.900000e+02	0.000000e+00	0.000000e+00	0.000000e+00
2.700000e+02	3.000000e+02	6.900000e+02	7.200000e+02	0.000000e+00	0.000000e+00	0.000000e+00
2.700000e+02	3.000000e+02	7.200000e+02	7.500000e+02	0.000000e+00	0.000000e+00	0.000000e+00
2.700000e+02	3.000000e+02	7.500000e+02	7.800000e+02	0.000000e+00	0.000000e+00	0.000000e+00
2.700000e+02	3.000000e+02	7.800000e+02	8.100000e+02	0.000000e+00	0.000000e+00	0.000000e+00
2.700000e+02	3.000000e+02	8.100000e+02	8.400000e+02	0.000000e+00	0.000000e+00	0.000000e+00
2.700000e+02	3.000000e+02	8.400000e+02	8.700000e+02	0.000000e+00	0.000000e+00	0.000000e+00
2.700000e+02	3.000000e+02	8.700000e+02	9.000000e+02	0.000000e+00	0.000000e+00	0.000000e+00
3.000000e+02	3.300000e+02	0.000000e+00	3.000000e+01	9.740054e-09	5.283913e-09	5.283913e-09
3.000000e+02	3.300000e+02	3.000000e+01	6.000000e+01	1.049635e-08	5.311211e-09	5.311211e-09
3.000000e+02	3.300000e+02	6.000000e+01	9.000000e+01	3.365816e-08	1.009046e-08	1.009046e-08
3.000000e+02	3.300000e+02	9.000000e+01	1.200000e+02	1.199453e-07	1.900376e-08	1.900376e-08
3.000000e+02	3.300000e+02	1.200000e+02	1.500000e+02	2.659207e-07	2.822505e-08	2.822505e-08
3.000000e+02	3.300000e+02	1.500000e+02	1.800000e+02	4.411764e-07	3.639433e-08	3.639433e-08
3.000000e+02	3.300000e+02	1.800000e+02	2.100000e+02	7.513868e-07	4.744714e-08	4.744714e-08
3.000000e+02	3.300000e+02	2.100000e+02	2.400000e+02	1.066845e-06	5.653553e-08	5.653553e-08
3.000000e+02	3.300000e+02	2.400000e+02	2.700000e+02	1.051533e-06	5.620031e-08	5.620031e-08
3.000000e+02	3.300000e+02	2.700000e+02	3.000000e+02	1.185426e-06	5.978467e-08	5.978467e-08
3.000000e+02	3.300000e+02	3.000000e+02	3.300000e+02	5.473231e-07	4.059982e-08	4.059982e-08
3.000000e+02	3.300000e+02	3.300000e+02	3.600000e+02	0.000000e+00	0.000000e+00	0.000000e+00
3.000000e+02	3.300000e+02	3.600000e+02	3.900000e+02	0.000000e+00	0.000000e+00	0.000000e+00
3.000000e+02	3.300000e+02	3.900000e+02	4.200000e+02	0.000000e+00	0.000000e+00	0.000000e+00
3.000000e+02	3.300000e+02	4.200000e+02	4.500000e+02	0.000000e+00	0.000000e+00	0.000000e+00
3.000000e+02	3.300000e+02	4.500000e+02	4.800000e+02	0.000000e+00	0.000000e+00	0.000000e+00
3.000000e+02	3.300000e+02	4.800000e+02	5.100000e+02	0.000000e+00	0.000000e+00	0.000000e+00
3.000000e+02	3.300000e+02	5.100000e+02	5.400000e+02	0.000000e+00	0.000000e+00	0.000000e+00
3.000000e+02	3.300000e+02	5.400000e+02	5.700000e+02	0.000000e+00	0.000000e+00	0.000000e+00
3.000000e+02	3.300000e+02	5.700000e+02	6.000000e+02	0.000000e+00	0.000000e+00	0.000000e+00
3.000000e+02	3.300000e+02	6.000000e+02	6.300000e+02	0.000000e+00	0.000000e+00	0.000000e+00
3.000000e+02	3.300000e+02	6.300000e+02	6.600000e+02	0.000000e+00	0.000000e+00	0.000000e+00
3.000000e+02	3.300000e+02	6.600000e+02	6.900000e+02	0.000000e+00	0.000000e+00	0.000000e+00
3.000000e+02	3.300000e+02	6.900000e+02	7.200000e+02	0.000000e+00	0.000000e+00	0.000000e+00
3.000000e+02	3.300000e+02	7.200000e+02	7.500000e+02	0.000000e+00	0.000000e+00	0.000000e+00
3.000000e+02	3.300000e+02	7.500000e+02	7.800000e+02	0.000000e+00	0.000000e+00	0.000000e+00
3.000000e+02	3.300000e+02	7.800000e+02	8.100000e+02	0.000000e+00	0.000000e+00	0.000000e+00
3.000000e+02	3.300000e+02	8.100000e+02	8.400000e+02	0.000000e+00	0.000000e+00	0.000000e+00
3.000000e+02	3.300000e+02	8.400000e+02	8.700000e+02	0.000000e+00	0.000000e+00	0.000000e+00
3.000000e+02	3.300000e+02	8.700000e+02	9.000000e+02	0.000000e+00	0.000000e+00	0.000000e+00
3.300000e+02	3.600000e+02	0.000000e+00	3.000000e+01	9.164873e-09	5.269523e-09	5.269523e-09
3.300000e+02	3.600000e+02	3.000000e+01	6.000000e+01	9.621216e-09	5.283501e-09	5.283501e-09
3.300000e+02	3.600000e+02	6.000000e+01	9.000000e+01	3.069091e-08	9.621065e-09	9.621065e-09
3.300000e+02	3.600000e+02	9.000000e+01	1.200000e+02	7.054909e-08	1.459101e-08	1.459101e-08
3.300000e+02	3.600000e+02	1.200000e+02	1.500000e+02	8.773702e-08	1.611337e-08	1.611337e-08
3.300000e+02	3.600000e+02	1.500000e+02	1.800000e+02	1.868251e-07	2.357991e-08	2.357991e-08
3.300000e+02	3.600000e+02	1.800000e+02	2.100000e+02	3.828782e-07	3.389207e-08	3.389207e-08
3.300000e+02	3.600000e+02	2.100000e+02	2.400000e+02	4.529227e-07	3.690097e-08	3.690097e-08
3.300000e+02	3.600000e+02	2.400000e+02	2.700000e+02	3.485490e-07	3.234873e-08	3.234873e-08
3.300000e+02	3.600000e+02	2.700000e+02	3.000000e+02	4.042422e-07	3.483481e-08	3.483481e-08
3.300000e+02	3.600000e+02	3.000000e+02	3.300000e+02	5.087379e-07	3.920382e-08	3.920382e-08
3.300000e+02	3.600000e+02	3.300000e+02	3.600000e+02	2.218341e-07	2.582422e-08	2.582422e-08
3.300000e+02	3.600000e+02	3.600000e+02	3.900000e+02	0.000000e+00	0.000000e+00	0.000000e+00
3.300000e+02	3.600000e+02	3.900000e+02	4.200000e+02	0.000000e+00	0.000000e+00	0.000000e+00
3.300000e+02	3.600000e+02	4.200000e+02	4.500000e+02	0.000000e+00	0.000000e+00	0.000000e+00
3.300000e+02	3.600000e+02	4.500000e+02	4.800000e+02	0.000000e+00	0.000000e+00	0.000000e+00
3.300000e+02	3.600000e+02	4.800000e+02	5.100000e+02	0.000000e+00	0.000000e+00	0.000000e+00
3.300000e+02	3.600000e+02	5.100000e+02	5.400000e+02	0.000000e+00	0.000000e+00	0.000000e+00
3.300000e+02	3.600000e+02	5.400000e+02	5.700000e+02	0.000000e+00	0.000000e+00	0.000000e+00
3.300000e+02	3.600000e+02	5.700000e+02	6.000000e+02	0.000000e+00	0.000000e+00	0.000000e+00
3.300000e+02	3.600000e+02	6.000000e+02	6.300000e+02	0.000000e+00	0.000000e+00	0.000000e+00
3.300000e+02	3.600000e+02	6.300000e+02	6.600000e+02	0.000000e+00	0.000000e+00	0.000000e+00
3.300000e+02	3.600000e+02	6.600000e+02	6.900000e+02	0.000000e+00	0.000000e+00	0.000000e+00
3.300000e+02	3.600000e+02	6.900000e+02	7.200000e+02	0.000000e+00	0.000000e+00	0.000000e+00
3.300000e+02	3.600000e+02	7.200000e+02	7.500000e+02	0.000000e+00	0.000000e+00	0.000000e+00
3.300000e+02	3.600000e+02	7.500000e+02	7.800000e+02	0.000000e+00	0.000000e+00	0.000000e+00
3.300000e+02	3.600000e+02	7.800000e+02	8.100000e+02	0.000000e+00	0.000000e+00	0.000000e+00
3.300000e+02	3.600000e+02	8.100000e+02	8.400000e+02	0.000000e+00	0.000000e+00	0.000000e+00
3.300000e+02	3.600000e+02	8.400000e+02	8.700000e+02	0.000000e+00	0.000000e+00	0.000000e+00
3.300000e+02	3.600000e+02	8.700000e+02	9.000000e+02	0.000000e+00	0.000000e+00	0.000000e+00
3.600000e+02	3.900000e+02	0.000000e+00	3.000000e+01	3.080310e-09	3.042519e-09	3.042519e-09
3.600000e+02	3.900000e+02	3.000000e+01	6.000000e+01	6.127820e-09	4.302606e-09	4.302606e-09
3.600000e+02	3.900000e+02	6.000000e+01	9.000000e+01	2.141006e-08	8.049390e-09	8.049390e-09
3.600000e+02	3.900000e+02	9.000000e+01	1.200000e+02	2.179130e-08	8.058368e-09	8.058368e-09
3.600000e+02	3.900000e+02	1.200000e+02	1.500000e+02	4.605402e-08	1.178338e-08	1.178338e-08
3.600000e+02	3.900000e+02	1.500000e+02	1.800000e+02	8.918401e-08	1.638429e-08	1.638429e-08
3.600000e+02	3.900000e+02	1.800000e+02	2.100000e+02	1.447019e-07	2.086151e-08	2.086151e-08
3.600000e+02	3.900000e+02	2.100000e+02	2.400000e+02	1.696657e-07	2.256989e-08	2.256989e-08
3.600000e+02	3.900000e+02	2.400000e+02	2.700000e+02	1.178618e-07	1.876310e-08	1.876310e-08
3.600000e+02	3.900000e+02	2.700000e+02	3.000000e+02	1.422358e-07	2.064217e-08	2.064217e-08
3.600000e+02	3.900000e+02	3.000000e+02	3.300000e+02	1.797566e-07	2.318326e-08	2.318326e-08
3.600000e+02	3.900000e+02	3.300000e+02	3.600000e+02	2.029349e-07	2.471988e-08	2.471988e-08
3.600000e+02	3.900000e+02	3.600000e+02	3.900000e+02	1.138256e-07	1.851380e-08	1.851380e-08
3.600000e+02	3.900000e+02	3.900000e+02	4.200000e+02	0.000000e+00	0.000000e+00	0.000000e+00
3.600000e+02	3.900000e+02	4.200000e+02	4.500000e+02	0.000000e+00	0.000000e+00	0.000000e+00
3.600000e+02	3.900000e+02	4.500000e+02	4.800000e+02	0.000000e+00	0.000000e+00	0.000000e+00
3.600000e+02	3.900000e+02	4.800000e+02	5.100000e+02	0.000000e+00	0.000000e+00	0.000000e+00
3.600000e+02	3.900000e+02	5.100000e+02	5.400000e+02	0.000000e+00	0.000000e+00	0.000000e+00
3.600000e+02	3.900000e+02	5.400000e+02	5.700000e+02	0.000000e+00	0.000000e+00	0.000000e+00
3.600000e+02	3.900000e+02	5.700000e+02	6.000000e+02	0.000000e+00	0.000000e+00	0.000000e+00
3.600000e+02	3.900000e+02	6.000000e+02	6.300000e+02	0.000000e+00	0.000000e+00	0.000000e+00
3.600000e+02	3.900000e+02	6.300000e+02	6.600000e+02	0.000000e+00	0.000000e+00	0.000000e+00
3.600000e+02	3.900000e+02	6.600000e+02	6.900000e+02	0.000000e+00	0.000000e+00	0.000000e+00
3.600000e+02	3.900000e+02	6.900000e+02	7.200000e+02	0.000000e+00	0.000000e+00	0.000000e+00
3.600000e+02	3.900000e+02	7.200000e+02	7.500000e+02	0.000000e+00	0.000000e+00	0.000000e+00
3.600000e+02	3.900000e+02	7.500000e+02	7.800000e+02	0.000000e+00	0.000000e+00	0.000000e+00
3.600000e+02	3.900000e+02	7.800000e+02	8.100000e+02	0.000000e+00	0.000000e+00	0.000000e+00
3.600000e+02	3.900000e+02	8.100000e+02	8.400000e+02	0.000000e+00	0.000000e+00	0.000000e+00
3.600000e+02	3.900000e+02	8.400000e+02	8.700000e+02	0.000000e+00	0.000000e+00	0.000000e+00
3.600000e+02	3.900000e+02	8.700000e+02	9.000000e+02	0.000000e+00	0.000000e+00	0.000000e+00
3.900000e+02	4.200000e+02	0.000000e+00	3.000000e+01	0.000000e+00	0.000000e+00	0.000000e+00
3.900000e+02	4.200000e+02	3.000000e+01	6.000000e+01	3.080310e-09	3.042519e-09	3.042519e-09
3.900000e+02	4.200000e+02	6.000000e+01	9.000000e+01	3.233374e-09	3.043470e-09	3.043470e-09
3.900000e+02	4.200000e+02	9.000000e+01	1.200000e+02	2.449037e-08	8.605207e-09	8.605207e-09
3.900000e+02	4.200000e+02	1.200000e+02	1.500000e+02	1.582129e-08	6.814006e-09	6.814006e-09
3.900000e+02	4.200000e+02	1.500000e+02	1.800000e+02	2.514827e-08	8.614197e-09	8.614197e-09
3.900000e+02	4.200000e+02	1.800000e+02	2.100000e+02	8.921823e-08	1.638831e-08	1.638831e-08
3.900000e+02	4.200000e+02	2.100000e+02	2.400000e+02	4.036014e-08	1.097642e-08	1.097642e-08
3.900000e+02	4.200000e+02	2.400000e+02	2.700000e+02	5.242042e-08	1.254469e-08	1.254469e-08
3.900000e+02	4.200000e+02	2.700000e+02	3.000000e+02	4.317902e-08	1.138413e-08	1.138413e-08
3.900000e+02	4.200000e+02	3.000000e+02	3.300000e+02	6.226124e-08	1.361702e-08	1.361702e-08
3.900000e+02	4.200000e+02	3.300000e+02	3.600000e+02	9.296024e-08	1.667301e-08	1.667301e-08
3.900000e+02	4.200000e+02	3.600000e+02	3.900000e+02	9.534034e-08	1.694370e-08	1.694370e-08
3.900000e+02	4.200000e+02	3.900000e+02	4.200000e+02	7.027908e-08	1.459067e-08	1.459067e-08
3.900000e+02	4.200000e+02	4.200000e+02	4.500000e+02	0.000000e+00	0.000000e+00	0.000000e+00
3.900000e+02	4.200000e+02	4.500000e+02	4.800000e+02	0.000000e+00	0.000000e+00	0.000000e+00
3.900000e+02	4.200000e+02	4.800000e+02	5.100000e+02	0.000000e+00	0.000000e+00	0.000000e+00
3.900000e+02	4.200000e+02	5.100000e+02	5.400000e+02	0.000000e+00	0.000000e+00	0.000000e+00
3.900000e+02	4.200000e+02	5.400000e+02	5.700000e+02	0.000000e+00	0.000000e+00	0.000000e+00
3.900000e+02	4.200000e+02	5.700000e+02	6.000000e+02	0.000000e+00	0.000000e+00	0.000000e+00
3.900000e+02	4.200000e+02	6.000000e+02	6.300000e+02	0.000000e+00	0.000000e+00	0.000000e+00
3.900000e+02	4.200000e+02	6.300000e+02	6.600000e+02	0.000000e+00	0.000000e+00	0.000000e+00
3.900000e+02	4.200000e+02	6.600000e+02	6.900000e+02	0.000000e+00	0.000000e+00	0.000000e+00
3.900000e+02	4.200000e+02	6.900000e+02	7.200000e+02	0.000000e+00	0.000000e+00	0.000000e+00
3.900000e+02	4.200000e+02	7.200000e+02	7.500000e+02	0.000000e+00	0.000000e+00	0.000000e+00
3.900000e+02	4.200000e+02	7.500000e+02	7.800000e+02	0.000000e+00	0.000000e+00	0.000000e+00
3.900000e+02	4.200000e+02	7.800000e+02	8.100000e+02	0.000000e+00	0.000000e+00	0.000000e+00
3.900000e+02	4.200000e+02	8.100000e+02	8.400000e+02	0.000000e+00	0.000000e+00	0.000000e+00
3.900000e+02	4.200000e+02	8.400000e+02	8.700000e+02	0.000000e+00	0.000000e+00	0.000000e+00
3.900000e+02	4.200000e+02	8.700000e+02	9.000000e+02	0.000000e+00	0.000000e+00	0.000000e+00
4.200000e+02	4.500000e+02	0.000000e+00	3.000000e+01	0.000000e+00	0.000000e+00	0.000000e+00
4.200000e+02	4.500000e+02	3.000000e+01	6.000000e+01	7.605703e-11	5.378044e-11	5.378044e-11
4.200000e+02	4.500000e+02	6.000000e+01	9.000000e+01	7.605703e-11	5.378044e-11	5.378044e-11
4.200000e+02	4.500000e+02	9.000000e+01	1.200000e+02	1.833213e-08	7.452231e-09	7.452231e-09
4.200000e+02	4.500000e+02	1.200000e+02	1.500000e+02	1.537018e-08	6.803175e-09	6.803175e-09
4.200000e+02	4.500000e+02	1.500000e+02	1.800000e+02	1.270296e-08	6.096910e-09	6.096910e-09
4.200000e+02	4.500000e+02	1.800000e+02	2.100000e+02	2.761108e-08	9.127320e-09	9.127320e-09
4.200000e+02	4.500000e+02	2.100000e+02	2.400000e+02	3.046703e-08	9.620615e-09	9.620615e-09
4.200000e+02	4.500000e+02	2.400000e+02	2.700000e+02	1.886784e-08	7.462317e-09	7.462317e-09
4.200000e+02	4.500000e+02	2.700000e+02	3.000000e+02	2.776890e-08	9.127638e-09	9.127638e-09
4.200000e+02	4.500000e+02	3.000000e+02	3.300000e+02	2.190728e-08	8.058637e-09	8.058637e-09
4.200000e+02	4.500000e+02	3.300000e+02	3.600000e+02	2.821764e-08	9.135713e-09	9.135713e-09
4.200000e+02	4.500000e+02	3.600000e+02	3.900000e+02	4.035063e-08	1.097642e-08	1.097642e-08
4.200000e+02	4.500000e+02	3.900000e+02	4.200000e+02	8.644690e-08	1.610780e-08	1.610780e-08
4.200000e+02	4.500000e+02	4.200000e+02	4.500000e+02	2.783831e-08	9.134922e-09	9.134922e-09
4.200000e+02	4.500000e+02	4.500000e+02	4.800000e+02	0.000000e+00	0.000000e+00	0.000000e+00
4.200000e+02	4.500000e+02	4.800000e+02	5.100000e+02	0.000000e+00	0.000000e+00	0.000000e+00
4.200000e+02	4.500000e+02	5.100000e+02	5.400000e+02	0.000000e+00	0.000000e+00	0.000000e+00
4.200000e+02	4.500000e+02	5.400000e+02	5.700000e+02	0.000000e+00	0.000000e+00	0.000000e+00
4.200000e+02	4.500000e+02	5.700000e+02	6.000000e+02	0.000000e+00	0.000000e+00	0.000000e+00
4.200000e+02	4.500000e+02	6.000000e+02	6.300000e+02	0.000000e+00	0.000000e+00	0.000000e+00
4.200000e+02	4.500000e+02	6.300000e+02	6.600000e+02	0.000000e+00	0.000000e+00	0.000000e+00
4.200000e+02	4.500000e+02	6.600000e+02	6.900000e+02	0.000000e+00	0.000000e+00	0.000000e+00
4.200000e+02	4.500000e+02	6.900000e+02	7.200000e+02	0.000000e+00	0.000000e+00	0.000000e+00
4.200000e+02	4.500000e+02	7.200000e+02	7.500000e+02	0.000000e+00	0.000000e+00	0.000000e+00
4.200000e+02	4.500000e+02	7.500000e+02	7.800000e+02	0.000000e+00	0.000000e+00	0.000000e+00
4.200000e+02	4.500000e+02	7.800000e+02	8.100000e+02	0.000000e+00	0.000000e+00	0.000000e+00
4.200000e+02	4.500000e+02	8.100000e+02	8.400000e+02	0.000000e+00	0.000000e+00	0.000000e+00
4.200000e+02	4.500000e+02	8.400000e+02	8.700000e+02	0.000000e+00	0.000000e+00	0.000000e+00
4.200000e+02	4.500000e+02	8.700000e+02	9.000000e+02	0.000000e+00	0.000000e+00	0.000000e+00
4.500000e+02	4.800000e+02	0.000000e+00	3.000000e+01	0.000000e+00	0.000000e+00	0.000000e+00
4.500000e+02	4.800000e+02	3.000000e+01	6.000000e+01	3.042281e-09	3.042281e-09	3.042281e-09
4.500000e+02	4.800000e+02	6.000000e+01	9.000000e+01	0.000000e+00	0.000000e+00	0.000000e+00
4.500000e+02	4.800000e+02	9.000000e+01	1.200000e+02	3.042757e-09	3.042281e-09	3.042281e-09
4.500000e+02	4.800000e+02	1.200000e+02	1.500000e+02	9.240930e-09	5.269797e-09	5.269797e-09
4.500000e+02	4.800000e+02	1.500000e+02	1.800000e+02	1.224566e-08	6.084801e-09	6.084801e-09
4.500000e+02	4.800000e+02	1.800000e+02	2.100000e+02	2.148659e-08	8.049569e-09	8.049569e-09
4.500000e+02	4.800000e+02	2.100000e+02	2.400000e+02	2.490868e-08	8.613690e-09	8.613690e-09
4.500000e+02	4.800000e+02	2.400000e+02	2.700000e+02	1.536542e-08	6.803174e-09	6.803174e-09
4.500000e+02	4.800000e+02	2.700000e+02	3.000000e+02	1.540731e-08	6.803282e-09	6.803282e-09
4.500000e+02	4.800000e+02	3.000000e+02	3.300000e+02	1.586312e-08	6.814114e-09	6.814114e-09
4.500000e+02	4.800000e+02	3.300000e+02	3.600000e+02	1.271389e-08	6.086230e-09	6.086230e-09
4.500000e+02	4.800000e+02	3.600000e+02	3.900000e+02	3.365809e-08	1.009046e-08	1.009046e-08
4.500000e+02	4.800000e+02	3.900000e+02	4.200000e+02	2.758113e-08	9.127243e-09	9.127243e-09
4.500000e+02	4.800000e+02	4.200000e+02	4.500000e+02	2.464391e-08	8.605544e-09	8.605544e-09
4.500000e+02	4.800000e+02	4.500000e+02	4.800000e+02	2.141053e-08	8.049390e-09	8.049390e-09
4.500000e+02	4.800000e+02	4.800000e+02	5.100000e+02	0.000000e+00	0.000000e+00	0.000000e+00
4.500000e+02	4.800000e+02	5.100000e+02	5.400000e+02	0.000000e+00	0.000000e+00	0.000000e+00
4.500000e+02	4.800000e+02	5.400000e+02	5.700000e+02	0.000000e+00	0.000000e+00	0.000000e+00
4.500000e+02	4.800000e+02	5.700000e+02	6.000000e+02	0.000000e+00	0.000000e+00	0.000000e+00
4.500000e+02	4.800000e+02	6.000000e+02	6.300000e+02	0.000000e+00	0.000000e+00	0.000000e+00
4.500000e+02	4.800000e+02	6.300000e+02	6.600000e+02	0.000000e+00	0.000000e+00	0.000000e+00
4.500000e+02	4.800000e+02	6.600000e+02	6.900000e+02	0.000000e+00	0.000000e+00	0.000000e+00
4.500000e+02	4.800000e+02	6.900000e+02	7.200000e+02	0.000000e+00	0.000000e+00	0.000000e+00
4.500000e+02	4.800000e+02	7.200000e+02	7.500000e+02	0.000000e+00	0.000000e+00	0.000000e+00
4.500000e+02	4.800000e+02	7.500000e+02	7.800000e+02	0.000000e+00	0.000000e+00	0.000000e+00
4.500000e+02	4.800000e+02	7.800000e+02	8.100000e+02	0.000000e+00	0.000000e+00	0.000000e+00
4.500000e+02	4.800000e+02	8.100000e+02	8.400000e+02	0.000000e+00	0.000000e+00	0.000000e+00
4.500000e+02	4.800000e+02	8.400000e+02	8.700000e+02	0.000000e+00	0.000000e+00	0.000000e+00
4.500000e+02	4.800000e+02	8.700000e+02	9.000000e+02	0.000000e+00	0.000000e+00	0.000000e+00
4.800000e+02	5.100000e+02	0.000000e+00	3.000000e+01	3.802852e-11	3.802851e-11	3.802851e-11
4.800000e+02	5.100000e+02	3.000000e+01	6.000000e+01	3.802852e-11	3.802851e-11	3.802851e-11
4.800000e+02	5.100000e+02	6.000000e+01	9.000000e+01	3.042757e-09	3.042281e-09	3.042281e-09
4.800000e+02	5.100000e+02	9.000000e+01	1.200000e+02	6.122591e-09	4.302603e-09	4.302603e-09
4.800000e+02	5.100000e+02	1.200000e+02	1.500000e+02	3.118813e-09	3.042757e-09	3.042757e-09
4.800000e+02	5.100000e+02	1.500000e+02	1.800000e+02	1.220716e-08	6.084682e-09	6.084682e-09
4.800000e+02	5.100000e+02	1.800000e+02	2.100000e+02	3.123568e-09	3.042760e-09	3.042760e-09
4.800000e+02	5.100000e+02	2.100000e+02	2.400000e+02	9.583662e-09	5.283364e-09	5.283364e-09
4.800000e+02	5.100000e+02	2.400000e+02	2.700000e+02	9.281811e-09	5.269935e-09	5.269935e-09
4.800000e+02	5.100000e+02	2.700000e+02	3.000000e+02	3.850388e-11	3.803148e-11	3.803148e-11
4.800000e+02	5.100000e+02	3.000000e+02	3.300000e+02	6.579884e-09	4.319712e-09	4.319712e-09
4.800000e+02	5.100000e+02	3.300000e+02	3.600000e+02	6.200550e-09	4.302940e-09	4.302940e-09
4.800000e+02	5.100000e+02	3.600000e+02	3.900000e+02	9.202901e-09	5.269660e-09	5.269660e-09
4.800000e+02	5.100000e+02	3.900000e+02	4.200000e+02	2.137726e-08	8.049301e-09	8.049301e-09
4.800000e+02	5.100000e+02	4.200000e+02	4.500000e+02	1.228418e-08	6.084920e-09	6.084920e-09
4.800000e+02	5.100000e+02	4.500000e+02	4.800000e+02	3.149428e-08	9.636161e-09	9.636161e-09
4.800000e+02	5.100000e+02	4.800000e+02	5.100000e+02	6.579414e-09	4.319712e-09	4.319712e-09
4.800000e+02	5.100000e+02	5.100000e+02	5.400000e+02	0.000000e+00	0.000000e+00	0.000000e+00
4.800000e+02	5.100000e+02	5.400000e+02	5.700000e+02	0.000000e+00	0.000000e+00	0.000000e+00
4.800000e+02	5.100000e+02	5.700000e+02	6.000000e+02	0.000000e+00	0.000000e+00	0.000000e+00
4.800000e+02	5.100000e+02	6.000000e+02	6.300000e+02	0.000000e+00	0.000000e+00	0.000000e+00
4.800000e+02	5.100000e+02	6.300000e+02	6.600000e+02	0.000000e+00	0.000000e+00	0.000000e+00
4.800000e+02	5.100000e+02	6.600000e+02	6.900000e+02	0.000000e+00	0.000000e+00	0.000000e+00
4.800000e+02	5.100000e+02	6.900000e+02	7.200000e+02	0.000000e+00	0.000000e+00	0.000000e+00
4.800000e+02	5.100000e+02	7.200000e+02	7.500000e+02	0.000000e+00	0.000000e+00	0.000000e+00
4.800000e+02	5.100000e+02	7.500000e+02	7.800000e+02	0.000000e+00	0.000000e+00	0.000000e+00
4.800000e+02	5.100000e+02	7.800000e+02	8.100000e+02	0.000000e+00	0.000000e+00	0.000000e+00
4.800000e+02	5.100000e+02	8.100000e+02	8.400000e+02	0.000000e+00	0.000000e+00	0.000000e+00
4.800000e+02	5.100000e+02	8.400000e+02	8.700000e+02	0.000000e+00	0.000000e+00	0.000000e+00
4.800000e+02	5.100000e+02	8.700000e+02	9.000000e+02	0.000000e+00	0.000000e+00	0.000000e+00
5.100000e+02	5.400000e+02	0.000000e+00	3.000000e+01	3.042281e-09	3.042281e-09	3.042281e-09
5.100000e+02	5.400000e+02	3.000000e+01	6.000000e+01	0.000000e+00	0.000000e+00	0.000000e+00
5.100000e+02	5.400000e+02	6.000000e+01	9.000000e+01	3.080310e-09	3.042519e-09	3.042519e-09
5.100000e+02	5.400000e+02	9.000000e+01	1.200000e+02	3.802852e-11	3.802851e-11	3.802851e-11
5.100000e+02	5.400000e+02	1.200000e+02	1.500000e+02	3.042281e-09	3.042281e-09	3.042281e-09
5.100000e+02	5.400000e+02	1.500000e+02	1.800000e+02	6.084563e-09	4.302435e-09	4.302435e-09
5.100000e+02	5.400000e+02	1.800000e+02	2.100000e+02	6.084569e-09	4.302435e-09	4.302435e-09
5.100000e+02	5.400000e+02	2.100000e+02	2.400000e+02	3.118339e-09	3.042757e-09	3.042757e-09
5.100000e+02	5.400000e+02	2.400000e+02	2.700000e+02	1.530708e-10	7.606001e-11	7.606001e-11
5.100000e+02	5.400000e+02	2.700000e+02	3.000000e+02	1.145728e-10	6.586904e-11	6.586904e-11
5.100000e+02	5.400000e+02	3.000000e+02	3.300000e+02	9.284188e-09	5.269937e-09	5.269937e-09
5.100000e+02	5.400000e+02	3.300000e+02	3.600000e+02	9.779984e-09	5.284051e-09	5.284051e-09
5.100000e+02	5.400000e+02	3.600000e+02	3.900000e+02	3.233374e-09	3.043470e-09	3.043470e-09
5.100000e+02	5.400000e+02	3.900000e+02	4.200000e+02	3.119289e-09	3.042757e-09	3.042757e-09
5.100000e+02	5.400000e+02	4.200000e+02	4.500000e+02	9.203382e-09	5.269660e-09	5.269660e-09
5.100000e+02	5.400000e+02	4.500000e+02	4.800000e+02	9.355972e-09	5.270210e-09	5.270210e-09
5.100000e+02	5.400000e+02	4.800000e+02	5.100000e+02	2.452934e-08	8.605292e-09	8.605292e-09
5.100000e+02	5.400000e+02	5.100000e+02	5.400000e+02	9.279909e-09	5.269935e-09	5.269935e-09
5.100000e+02	5.400000e+02	5.400000e+02	5.700000e+02	0.000000e+00	0.000000e+00	0.000000e+00
5.100000e+02	5.400000e+02	5.700000e+02	6.000000e+02	0.000000e+00	0.000000e+00	0.000000e+00
5.100000e+02	5.400000e+02	6.000000e+02	6.300000e+02	0.000000e+00	0.000000e+00	0.000000e+00
5.100000e+02	5.400000e+02	6.300000e+02	6.600000e+02	0.000000e+00	0.000000e+00	0.000000e+00
5.100000e+02	5.400000e+02	6.600000e+02	6.900000e+02	0.000000e+00	0.000000e+00	0.000000e+00
5.100000e+02	5.400000e+02	6.900000e+02	7.200000e+02	0.000000e+00	0.000000e+00	0.000000e+00
5.100000e+02	5.400000e+02	7.200000e+02	7.500000e+02	0.000000e+00	0.000000e+00	0.000000e+00
5.100000e+02	5.400000e+02	7.500000e+02	7.800000e+02	0.000000e+00	0.000000e+00	0.000000e+00
5.100000e+02	5.400000e+02	7.800000e+02	8.100000e+02	0.000000e+00	0.000000e+00	0.000000e+00
5.100000e+02	5.400000e+02	8.100000e+02	8.400000e+02	0.000000e+00	0.000000e+00	0.000000e+00
5.100000e+02	5.400000e+02	8.400000e+02	8.700000e+02	0.000000e+00	0.000000e+00	0.000000e+00
5.100000e+02	5.400000e+02	8.700000e+02	9.000000e+02	0.000000e+00	0.000000e+00	0.000000e+00
5.400000e+02	5.700000e+02	0.000000e+00	3.000000e+01	0.000000e+00	0.000000e+00	0.000000e+00
5.400000e+02	5.700000e+02	3.000000e+01	6.000000e+01	0.000000e+00	0.000000e+00	0.000000e+00
5.400000e+02	5.700000e+02	6.000000e+01	9.000000e+01	0.000000e+00	0.000000e+00	0.000000e+00
5.400000e+02	5.700000e+02	9.000000e+01	1.200000e+02	3.156367e-09	3.042994e-09	3.042994e-09
5.400000e+02	5.700000e+02	1.200000e+02	1.500000e+02	0.000000e+00	0.000000e+00	0.000000e+00
5.400000e+02	5.700000e+02	1.500000e+02	1.800000e+02	4.183137e-10	3.821818e-10	3.821818e-10
5.400000e+02	5.700000e+02	1.800000e+02	2.100000e+02	3.042281e-09	3.042281e-09	3.042281e-09
5.400000e+02	5.700000e+02	2.100000e+02	2.400000e+02	9.241406e-09	5.269797e-09	5.269797e-09
5.400000e+02	5.700000e+02	2.400000e+02	2.700000e+02	6.199123e-09	4.302940e-09	4.302940e-09
5.400000e+02	5.700000e+02	2.700000e+02	3.000000e+02	9.355967e-09	5.270210e-09	5.270210e-09
5.400000e+02	5.700000e+02	3.000000e+02	3.300000e+02	3.200106e-09	3.043236e-09	3.043236e-09
5.400000e+02	5.700000e+02	3.300000e+02	3.600000e+02	6.276667e-09	4.303276e-09	4.303276e-09
5.400000e+02	5.700000e+02	3.600000e+02	3.900000e+02	2.281711e-10	9.315046e-11	9.315046e-11
5.400000e+02	5.700000e+02	3.900000e+02	4.200000e+02	3.802852e-11	3.802851e-11	3.802851e-11
5.400000e+02	5.700000e+02	4.200000e+02	4.500000e+02	3.118339e-09	3.042757e-09	3.042757e-09
5.400000e+02	5.700000e+02	4.500000e+02	4.800000e+02	2.145807e-08	8.049482e-09	8.049482e-09
5.400000e+02	5.700000e+02	4.800000e+02	5.100000e+02	3.123092e-09	3.042760e-09	3.042760e-09
5.400000e+02	5.700000e+02	5.100000e+02	5.400000e+02	3.357966e-08	1.009032e-08	1.009032e-08
5.400000e+02	5.700000e+02	5.400000e+02	5.700000e+02	6.123067e-09	4.302603e-09	4.302603e-09
5.400000e+02	5.700000e+02	5.700000e+02	6.000000e+02	0.000000e+00	0.000000e+00	0.000000e+00
5.400000e+02	5.700000e+02	6.000000e+02	6.300000e+02	0.000000e+00	0.000000e+00	0.000000e+00
5.400000e+02	5.700000e+02	6.300000e+02	6.600000e+02	0.000000e+00	0.000000e+00	0.000000e+00
5.400000e+02	5.700000e+02	6.600000e+02	6.900000e+02	0.000000e+00	0.000000e+00	0.000000e+00
5.400000e+02	5.700000e+02	6.900000e+02	7.200000e+02	0.000000e+00	0.000000e+00	0.000000e+00
5.400000e+02	5.700000e+02	7.200000e+02	7.500000e+02	0.000000e+00	0.000000e+00	0.000000e+00
5.400000e+02	5.700000e+02	7.500000e+02	7.800000e+02	0.000000e+00	0.000000e+00	0.000000e+00
5.400000e+02	5.700000e+02	7.800000e+02	8.100000e+02	0.000000e+00	0.000000e+00	0.000000e+00
5.400000e+02	5.700000e+02	8.100000e+02	8.400000e+02	0.000000e+00	0.000000e+00	0.000000e+00
5.400000e+02	5.700000e+02	8.400000e+02	8.700000e+02	0.000000e+00	0.000000e+00	0.000000e+00
5.400000e+02	5.700000e+02	8.700000e+02	9.000000e+02	0.000000e+00	0.000000e+00	0.000000e+00
5.700000e+02	6.000000e+02	0.000000e+00	3.000000e+01	0.000000e+00	0.000000e+00	0.000000e+00
5.700000e+02	6.000000e+02	3.000000e+01	6.000000e+01	0.000000e+00	0.000000e+00	0.000000e+00
5.700000e+02	6.000000e+02	6.000000e+01	9.000000e+01	3.042281e-09	3.042281e-09	3.042281e-09
5.700000e+02	6.000000e+02	9.000000e+01	1.200000e+02	0.000000e+00	0.000000e+00	0.000000e+00
5.700000e+02	6.000000e+02	1.200000e+02	1.500000e+02	3.042281e-09	3.042281e-09	3.042281e-09
5.700000e+02	6.000000e+02	1.500000e+02	1.800000e+02	3.802852e-11	3.802851e-11	3.802851e-11
5.700000e+02	6.000000e+02	1.800000e+02	2.100000e+02	3.802852e-11	3.802851e-11	3.802851e-11
5.700000e+02	6.000000e+02	2.100000e+02	2.400000e+02	4.753564e-13	4.753565e-13	4.753565e-13
5.700000e+02	6.000000e+02	2.400000e+02	2.700000e+02	4.187891e-10	3.821822e-10	3.821822e-10
5.700000e+02	6.000000e+02	2.700000e+02	3.000000e+02	1.906180e-10	8.503568e-11	8.503568e-11
5.700000e+02	6.000000e+02	3.000000e+02	3.300000e+02	4.069527e-09	3.091089e-09	3.091089e-09
5.700000e+02	6.000000e+02	3.300000e+02	3.600000e+02	2.386349e-10	9.742141e-11	9.742141e-11
5.700000e+02	6.000000e+02	3.600000e+02	3.900000e+02	1.426069e-12	8.233416e-13	8.233416e-13
5.700000e+02	6.000000e+02	3.900000e+02	4.200000e+02	4.373280e-11	3.833035e-11	3.833035e-11
5.700000e+02	6.000000e+02	4.200000e+02	4.500000e+02	4.812984e-13	4.753937e-13	4.753937e-13
5.700000e+02	6.000000e+02	4.500000e+02	4.800000e+02	4.753564e-13	4.753565e-13	4.753565e-13
5.700000e+02	6.000000e+02	4.800000e+02	5.100000e+02	3.081261e-09	3.042519e-09	3.042519e-09
5.700000e+02	6.000000e+02	5.100000e+02	5.400000e+02	1.871146e-08	7.461928e-09	7.461928e-09
5.700000e+02	6.000000e+02	5.400000e+02	5.700000e+02	1.570578e-08	6.813687e-09	6.813687e-09
5.700000e+02	6.000000e+02	5.700000e+02	6.000000e+02	9.203377e-09	5.269660e-09	5.269660e-09
5.700000e+02	6.000000e+02	6.000000e+02	6.300000e+02	0.000000e+00	0.000000e+00	0.000000e+00
5.700000e+02	6.000000e+02	6.300000e+02	6.600000e+02	0.000000e+00	0.000000e+00	0.000000e+00
5.700000e+02	6.000000e+02	6.600000e+02	6.900000e+02	0.000000e+00	0.000000e+00	0.000000e+00
5.700000e+02	6.000000e+02	6.900000e+02	7.200000e+02	0.000000e+00	0.000000e+00	0.000000e+00
5.700000e+02	6.000000e+02	7.200000e+02	7.500000e+02	0.000000e+00	0.000000e+00	0.000000e+00
5.700000e+02	6.000000e+02	7.500000e+02	7.800000e+02	0.000000e+00	0.000000e+00	0.000000e+00
5.700000e+02	6.000000e+02	7.800000e+02	8.100000e+02	0.000000e+00	0.000000e+00	0.000000e+00
5.700000e+02	6.000000e+02	8.100000e+02	8.400000e+02	0.000000e+00	0.000000e+00	0.000000e+00
5.700000e+02	6.000000e+02	8.400000e+02	8.700000e+02	0.000000e+00	0.000000e+00	0.000000e+00
5.700000e+02	6.000000e+02	8.700000e+02	9.000000e+02	0.000000e+00	0.000000e+00	0.000000e+00
6.000000e+02	6.300000e+02	0.000000e+00	3.000000e+01	0.000000e+00	0.000000e+00	0.000000e+00
6.000000e+02	6.300000e+02	3.000000e+01	6.000000e+01	0.000000e+00	0.000000e+00	0.000000e+00
6.000000e+02	6.300000e+02	6.000000e+01	9.000000e+01	0.000000e+00	0.000000e+00	0.000000e+00
6.000000e+02	6.300000e+02	9.000000e+01	1.200000e+02	0.000000e+00	0.000000e+00	0.000000e+00
6.000000e+02	6.300000e+02	1.200000e+02	1.500000e+02	0.000000e+00	0.000000e+00	0.000000e+00
6.000000e+02	6.300000e+02	1.500000e+02	1.800000e+02	0.000000e+00	0.000000e+00	0.000000e+00
6.000000e+02	6.300000e+02	1.800000e+02	2.100000e+02	0.000000e+00	0.000000e+00	0.000000e+00
6.000000e+02	6.300000e+02	2.100000e+02	2.400000e+02	1.426069e-12	8.233416e-13	8.233416e-13
6.000000e+02	6.300000e+02	2.400000e+02	2.700000e+02	1.521141e-10	7.605704e-11	7.605704e-11
6.000000e+02	6.300000e+02	2.700000e+02	3.000000e+02	3.086490e-09	3.042523e-09	3.042523e-09
6.000000e+02	6.300000e+02	3.000000e+02	3.300000e+02	3.537662e-09	3.066665e-09	3.066665e-09
6.000000e+02	6.300000e+02	3.300000e+02	3.600000e+02	4.957968e-10	3.859482e-10	3.859482e-10
6.000000e+02	6.300000e+02	3.600000e+02	3.900000e+02	1.193204e-10	6.604034e-11	6.604034e-11
6.000000e+02	6.300000e+02	3.900000e+02	4.200000e+02	4.957968e-10	3.859482e-10	3.859482e-10
6.000000e+02	6.300000e+02	4.200000e+02	4.500000e+02	1.910933e-10	8.503701e-11	8.503701e-11
6.000000e+02	6.300000e+02	4.500000e+02	4.800000e+02	3.118813e-09	3.042757e-09	3.042757e-09
6.000000e+02	6.300000e+02	4.800000e+02	5.100000e+02	3.080786e-09	3.042519e-09	3.042519e-09
6.000000e+02	6.300000e+02	5.100000e+02	5.400000e+02	3.897923e-11	3.803445e-11	3.803445e-11
6.000000e+02	6.300000e+02	5.400000e+02	5.700000e+02	9.127320e-09	5.269386e-09	5.269386e-09
6.000000e+02	6.300000e+02	5.700000e+02	6.000000e+02	1.228321e-08	6.084920e-09	6.084920e-09
6.000000e+02	6.300000e+02	6.000000e+02	6.300000e+02	6.084563e-09	4.302435e-09	4.302435e-09
6.000000e+02	6.300000e+02	6.300000e+02	6.600000e+02	0.000000e+00	0.000000e+00	0.000000e+00
6.000000e+02	6.300000e+02	6.600000e+02	6.900000e+02	0.000000e+00	0.000000e+00	0.000000e+00
6.000000e+02	6.300000e+02	6.900000e+02	7.200000e+02	0.000000e+00	0.000000e+00	0.000000e+00
6.000000e+02	6.300000e+02	7.200000e+02	7.500000e+02	0.000000e+00	0.000000e+00	0.000000e+00
6.000000e+02	6.300000e+02	7.500000e+02	7.800000e+02	0.000000e+00	0.000000e+00	0.000000e+00
6.000000e+02	6.300000e+02	7.800000e+02	8.100000e+02	0.000000e+00	0.000000e+00	0.000000e+00
6.000000e+02	6.300000e+02	8.100000e+02	8.400000e+02	0.000000e+00	0.000000e+00	0.000000e+00
6.000000e+02	6.300000e+02	8.400000e+02	8.700000e+02	0.000000e+00	0.000000e+00	0.000000e+00
6.000000e+02	6.300000e+02	8.700000e+02	9.000000e+02	0.000000e+00	0.000000e+00	0.000000e+00
6.300000e+02	6.600000e+02	0.000000e+00	3.000000e+01	0.000000e+00	0.000000e+00	0.000000e+00
6.300000e+02	6.600000e+02	3.000000e+01	6.000000e+01	0.000000e+00	0.000000e+00	0.000000e+00
6.300000e+02	6.600000e+02	6.000000e+01	9.000000e+01	3.042281e-09	3.042281e-09	3.042281e-09
6.300000e+02	6.600000e+02	9.000000e+01	1.200000e+02	0.000000e+00	0.000000e+00	0.000000e+00
6.300000e+02	6.600000e+02	1.200000e+02	1.500000e+02	0.000000e+00	0.000000e+00	0.000000e+00
6.300000e+02	6.600000e+02	1.500000e+02	1.800000e+02	0.000000e+00	0.000000e+00	0.000000e+00
6.300000e+02	6.600000e+02	1.800000e+02	2.100000e+02	7.605703e-11	5.378044e-11	5.378044e-11
6.300000e+02	6.600000e+02	2.100000e+02	2.400000e+02	3.042757e-09	3.042281e-09	3.042281e-09
6.300000e+02	6.600000e+02	2.400000e+02	2.700000e+02	4.563422e-10	3.840692e-10	3.840692e-10
6.300000e+02	6.600000e+02	2.700000e+02	3.000000e+02	3.850388e-11	3.803148e-11	3.803148e-11
6.300000e+02	6.600000e+02	3.000000e+02	3.300000e+02	8.556417e-11	5.419898e-11	5.419898e-11
6.300000e+02	6.600000e+02	3.300000e+02	3.600000e+02	1.197898e-10	6.604206e-11	6.604206e-11
6.300000e+02	6.600000e+02	3.600000e+02	3.900000e+02	7.653833e-11	5.378255e-11	5.378255e-11
6.300000e+02	6.600000e+02	3.900000e+02	4.200000e+02	1.145609e-10	6.586904e-11	6.586904e-11
6.300000e+02	6.600000e+02	4.200000e+02	4.500000e+02	6.085038e-09	4.302435e-09	4.302435e-09
6.300000e+02	6.600000e+02	4.500000e+02	4.800000e+02	3.897923e-11	3.803445e-11	3.803445e-11
6.300000e+02	6.600000e+02	4.800000e+02	5.100000e+02	3.042281e-09	3.042281e-09	3.042281e-09
6.300000e+02	6.600000e+02	5.100000e+02	5.400000e+02	3.042281e-09	3.042281e-09	3.042281e-09
6.300000e+02	6.600000e+02	5.400000e+02	5.700000e+02	9.507130e-13	6.722556e-13	6.722556e-13
6.300000e+02	6.600000e+02	5.700000e+02	6.000000e+02	6.122591e-09	4.302603e-09	4.302603e-09
6.300000e+02	6.600000e+02	6.000000e+02	6.300000e+02	9.164873e-09	5.269523e-09	5.269523e-09
6.300000e+02	6.600000e+02	6.300000e+02	6.600000e+02	3.042281e-09	3.042281e-09	3.042281e-09
6.300000e+02	6.600000e+02	6.600000e+02	6.900000e+02	0.000000e+00	0.000000e+00	0.000000e+00
6.300000e+02	6.600000e+02	6.900000e+02	7.200000e+02	0.000000e+00	0.000000e+00	0.000000e+00
6.300000e+02	6.600000e+02	7.200000e+02	7.500000e+02	0.000000e+00	0.000000e+00	0.000000e+00
6.300000e+02	6.600000e+02	7.500000e+02	7.800000e+02	0.000000e+00	0.000000e+00	0.000000e+00
6.300000e+02	6.600000e+02	7.800000e+02	8.100000e+02	0.000000e+00	0.000000e+00	0.000000e+00
6.300000e+02	6.600000e+02	8.100000e+02	8.400000e+02	0.000000e+00	0.000000e+00	0.000000e+00
6.300000e+02	6.600000e+02	8.400000e+02	8.700000e+02	0.000000e+00	0.000000e+00	0.000000e+00
6.300000e+02	6.600000e+02	8.700000e+02	9.000000e+02	0.000000e+00	0.000000e+00	0.000000e+00
6.600000e+02	6.900000e+02	0.000000e+00	3.000000e+01	0.000000e+00	0.000000e+00	0.000000e+00
6.600000e+02	6.900000e+02	3.000000e+01	6.000000e+01	0.000000e+00	0.000000e+00	0.000000e+00
6.600000e+02	6.900000e+02	6.000000e+01	9.000000e+01	0.000000e+00	0.000000e+00	0.000000e+00
6.600000e+02	6.900000e+02	9.000000e+01	1.200000e+02	0.000000e+00	0.000000e+00	0.000000e+00
6.600000e+02	6.900000e+02	1.200000e+02	1.500000e+02	0.000000e+00	0.000000e+00	0.000000e+00
6.600000e+02	6.900000e+02	1.500000e+02	1.800000e+02	3.802852e-11	3.802851e-11	3.802851e-11
6.600000e+02	6.900000e+02	1.800000e+02	2.100000e+02	0.000000e+00	0.000000e+00	0.000000e+00
6.600000e+02	6.900000e+02	2.100000e+02	2.400000e+02	3.080310e-09	3.042519e-09	3.042519e-09
6.600000e+02	6.900000e+02	2.400000e+02	2.700000e+02	8.081060e-11	5.399012e-11	5.399012e-11
6.600000e+02	6.900000e+02	2.700000e+02	3.000000e+02	8.081060e-11	5.399012e-11	5.399012e-11
6.600000e+02	6.900000e+02	3.000000e+02	3.300000e+02	1.906239e-10	8.503568e-11	8.503568e-11
6.600000e+02	6.900000e+02	3.300000e+02	3.600000e+02	3.124999e-09	3.042761e-09	3.042761e-09
6.600000e+02	6.900000e+02	3.600000e+02	3.900000e+02	7.700774e-11	5.378465e-11	5.378465e-11
6.600000e+02	6.900000e+02	3.900000e+02	4.200000e+02	3.317988e-09	3.044078e-09	3.044078e-09
6.600000e+02	6.900000e+02	4.200000e+02	4.500000e+02	4.563422e-10	3.840692e-10	3.840692e-10
6.600000e+02	6.900000e+02	4.500000e+02	4.800000e+02	1.188391e-10	6.603863e-11	6.603863e-11
6.600000e+02	6.900000e+02	4.800000e+02	5.100000e+02	7.700774e-11	5.378465e-11	5.378465e-11
6.600000e+02	6.900000e+02	5.100000e+02	5.400000e+02	3.850388e-11	3.803148e-11	3.803148e-11
6.600000e+02	6.900000e+02	5.400000e+02	5.700000e+02	3.080786e-09	3.042519e-09	3.042519e-09
6.600000e+02	6.900000e+02	5.700000e+02	6.000000e+02	6.084563e-09	4.302435e-09	4.302435e-09
6.600000e+02	6.900000e+02	6.000000e+02	6.300000e+02	1.216912e-08	6.084563e-09	6.084563e-09
6.600000e+02	6.900000e+02	6.300000e+02	6.600000e+02	1.220858e-08	6.084682e-09	6.084682e-09
6.600000e+02	6.900000e+02	6.600000e+02	6.900000e+02	3.080310e-09	3.042519e-09	3.042519e-09
6.600000e+02	6.900000e+02	6.900000e+02	7.200000e+02	0.000000e+00	0.000000e+00	0.000000e+00
6.600000e+02	6.900000e+02	7.200000e+02	7.500000e+02	0.000000e+00	0.000000e+00	0.000000e+00
6.600000e+02	6.900000e+02	7.500000e+02	7.800000e+02	0.000000e+00	0.000000e+00	0.000000e+00
6.600000e+02	6.900000e+02	7.800000e+02	8.100000e+02	0.000000e+00	0.000000e+00	0.000000e+00
6.600000e+02	6.900000e+02	8.100000e+02	8.400000e+02	0.000000e+00	0.000000e+00	0.000000e+00
6.600000e+02	6.900000e+02	8.400000e+02	8.700000e+02	0.000000e+00	0.000000e+00	0.000000e+00
6.600000e+02	6.900000e+02	8.700000e+02	9.000000e+02	0.000000e+00	0.000000e+00	0.000000e+00
6.900000e+02	7.200000e+02	0.000000e+00	3.000000e+01	0.000000e+00	0.000000e+00	0.000000e+00
6.900000e+02	7.200000e+02	3.000000e+01	6.000000e+01	0.000000e+00	0.000000e+00	0.000000e+00
6.900000e+02	7.200000e+02	6.000000e+01	9.000000e+01	0.000000e+00	0.000000e+00	0.000000e+00
6.900000e+02	7.200000e+02	9.000000e+01	1.200000e+02	0.000000e+00	0.000000e+00	0.000000e+00
6.900000e+02	7.200000e+02	1.200000e+02	1.500000e+02	0.000000e+00	0.000000e+00	0.000000e+00
6.900000e+02	7.200000e+02	1.500000e+02	1.800000e+02	0.000000e+00	0.000000e+00	0.000000e+00
6.900000e+02	7.200000e+02	1.800000e+02	2.100000e+02	0.000000e+00	0.000000e+00	0.000000e+00
6.900000e+02	7.200000e+02	2.100000e+02	2.400000e+02	0.000000e+00	0.000000e+00	0.000000e+00
6.900000e+02	7.200000e+02	2.400000e+02	2.700000e+02	1.906180e-10	8.503568e-11	8.503568e-11
6.900000e+02	7.200000e+02	2.700000e+02	3.000000e+02	7.653239e-11	5.378255e-11	5.378255e-11
6.900000e+02	7.200000e+02	3.000000e+02	3.300000e+02	8.746559e-10	5.418229e-10	5.418229e-10
6.900000e+02	7.200000e+02	3.300000e+02	3.600000e+02	4.753564e-13	4.753565e-13	4.753565e-13
6.900000e+02	7.200000e+02	3.600000e+02	3.900000e+02	3.465830e-09	3.066197e-09	3.066197e-09
6.900000e+02	7.200000e+02	3.900000e+02	4.200000e+02	3.238722e-09	3.043473e-09	3.043473e-09
6.900000e+02	7.200000e+02	4.200000e+02	4.500000e+02	8.081060e-11	5.399012e-11	5.399012e-11
6.900000e+02	7.200000e+02	4.500000e+02	4.800000e+02	4.753564e-13	4.753565e-13	4.753565e-13
6.900000e+02	7.200000e+02	4.800000e+02	5.100000e+02	7.605703e-11	5.378044e-11	5.378044e-11
6.900000e+02	7.200000e+02	5.100000e+02	5.400000e+02	3.850388e-11	3.803148e-11	3.803148e-11
6.900000e+02	7.200000e+02	5.400000e+02	5.700000e+02	4.753564e-13	4.753565e-13	4.753565e-13
6.900000e+02	7.200000e+02	5.700000e+02	6.000000e+02	6.090267e-09	4.302438e-09	4.302438e-09
6.900000e+02	7.200000e+02	6.000000e+02	6.300000e+02	1.140856e-10	6.586733e-11	6.586733e-11
6.900000e+02	7.200000e+02	6.300000e+02	6.600000e+02	3.042281e-09	3.042281e-09	3.042281e-09
6.900000e+02	7.200000e+02	6.600000e+02	6.900000e+02	6.085038e-09	4.302435e-09	4.302435e-09
6.900000e+02	7.200000e+02	6.900000e+02	7.200000e+02	0.000000e+00	0.000000e+00	0.000000e+00
6.900000e+02	7.200000e+02	7.200000e+02	7.500000e+02	0.000000e+00	0.000000e+00	0.000000e+00
6.900000e+02	7.200000e+02	7.500000e+02	7.800000e+02	0.000000e+00	0.000000e+00	0.000000e+00
6.900000e+02	7.200000e+02	7.800000e+02	8.100000e+02	0.000000e+00	0.000000e+00	0.000000e+00
6.900000e+02	7.200000e+02	8.100000e+02	8.400000e+02	0.000000e+00	0.000000e+00	0.000000e+00
6.900000e+02	7.200000e+02	8.400000e+02	8.700000e+02	0.000000e+00	0.000000e+00	0.000000e+00
6.900000e+02	7.200000e+02	8.700000e+02	9.000000e+02	0.000000e+00	0.000000e+00	0.000000e+00
7.200000e+02	7.500000e+02	0.000000e+00	3.000000e+01	0.000000e+00	0.000000e+00	0.000000e+00
7.200000e+02	7.500000e+02	3.000000e+01	6.000000e+01	0.000000e+00	0.000000e+00	0.000000e+00
7.200000e+02	7.500000e+02	6.000000e+01	9.000000e+01	0.000000e+00	0.000000e+00	0.000000e+00
7.200000e+02	7.500000e+02	9.000000e+01	1.200000e+02	0.000000e+00	0.000000e+00	0.000000e+00
7.200000e+02	7.500000e+02	1.200000e+02	1.500000e+02	0.000000e+00	0.000000e+00	0.000000e+00
7.200000e+02	7.500000e+02	1.500000e+02	1.800000e+02	0.000000e+00	0.000000e+00	0.000000e+00
7.200000e+02	7.500000e+02	1.800000e+02	2.100000e+02	4.753564e-13	4.753565e-13	4.753565e-13
7.200000e+02	7.500000e+02	2.100000e+02	2.400000e+02	3.850388e-11	3.803148e-11	3.803148e-11
7.200000e+02	7.500000e+02	2.400000e+02	2.700000e+02	1.188391e-14	8.403195e-15	8.403195e-15
7.200000e+02	7.500000e+02	2.700000e+02	3.000000e+02	4.278208e-11	3.832446e-11	3.832446e-11
7.200000e+02	7.500000e+02	3.000000e+02	3.300000e+02	8.418563e-10	5.405079e-10	5.405079e-10
7.200000e+02	7.500000e+02	3.300000e+02	3.600000e+02	3.422567e-09	3.065957e-09	3.065957e-09
7.200000e+02	7.500000e+02	3.600000e+02	3.900000e+02	1.525894e-10	7.605852e-11	7.605852e-11
7.200000e+02	7.500000e+02	3.900000e+02	4.200000e+02	4.568176e-10	3.840695e-10	3.840695e-10
7.200000e+02	7.500000e+02	4.200000e+02	4.500000e+02	4.568176e-10	3.840695e-10	3.840695e-10
7.200000e+02	7.500000e+02	4.500000e+02	4.800000e+02	7.700774e-11	5.378465e-11	5.378465e-11
7.200000e+02	7.500000e+02	4.800000e+02	5.100000e+02	4.278208e-11	3.832446e-11	3.832446e-11
7.200000e+02	7.500000e+02	5.100000e+02	5.400000e+02	0.000000e+00	0.000000e+00	0.000000e+00
7.200000e+02	7.500000e+02	5.400000e+02	5.700000e+02	0.000000e+00	0.000000e+00	0.000000e+00
7.200000e+02	7.500000e+02	5.700000e+02	6.000000e+02	0.000000e+00	0.000000e+00	0.000000e+00
7.200000e+02	7.500000e+02	6.000000e+02	6.300000e+02	3.042757e-09	3.042281e-09	3.042281e-09
7.200000e+02	7.500000e+02	6.300000e+02	6.600000e+02	3.802852e-11	3.802851e-11	3.802851e-11
7.200000e+02	7.500000e+02	6.600000e+02	6.900000e+02	3.042281e-09	3.042281e-09	3.042281e-09
7.200000e+02	7.500000e+02	6.900000e+02	7.200000e+02	7.605703e-11	5.378044e-11	5.378044e-11
7.200000e+02	7.500000e+02	7.200000e+02	7.500000e+02	3.042281e-09	3.042281e-09	3.042281e-09
7.200000e+02	7.500000e+02	7.500000e+02	7.800000e+02	0.000000e+00	0.000000e+00	0.000000e+00
7.200000e+02	7.500000e+02	7.800000e+02	8.100000e+02	0.000000e+00	0.000000e+00	0.000000e+00
7.200000e+02	7.500000e+02	8.100000e+02	8.400000e+02	0.000000e+00	0.000000e+00	0.000000e+00
7.200000e+02	7.500000e+02	8.400000e+02	8.700000e+02	0.000000e+00	0.000000e+00	0.000000e+00
7.200000e+02	7.500000e+02	8.700000e+02	9.000000e+02	0.000000e+00	0.000000e+00	0.000000e+00
7.500000e+02	7.800000e+02	0.000000e+00	3.000000e+01	0.000000e+00	0.000000e+00	0.000000e+00
7.500000e+02	7.800000e+02	3.000000e+01	6.000000e+01	0.000000e+00	0.000000e+00	0.000000e+00
7.500000e+02	7.800000e+02	6.000000e+01	9.000000e+01	0.000000e+00	0.000000e+00	0.000000e+00
7.500000e+02	7.800000e+02	9.000000e+01	1.200000e+02	0.000000e+00	0.000000e+00	0.000000e+00
7.500000e+02	7.800000e+02	1.200000e+02	1.500000e+02	0.000000e+00	0.000000e+00	0.000000e+00
7.500000e+02	7.800000e+02	1.500000e+02	1.800000e+02	0.000000e+00	0.000000e+00	0.000000e+00
7.500000e+02	7.800000e+02	1.800000e+02	2.100000e+02	0.000000e+00	0.000000e+00	0.000000e+00
7.500000e+02	7.800000e+02	2.100000e+02	2.400000e+02	0.000000e+00	0.000000e+00	0.000000e+00
7.500000e+02	7.800000e+02	2.400000e+02	2.700000e+02	4.753564e-13	4.753565e-13	4.753565e-13
7.500000e+02	7.800000e+02	2.700000e+02	3.000000e+02	3.859894e-10	3.803155e-10	3.803155e-10
7.500000e+02	7.800000e+02	3.000000e+02	3.300000e+02	3.156842e-09	3.042994e-09	3.042994e-09
7.500000e+02	7.800000e+02	3.300000e+02	3.600000e+02	3.498636e-09	3.066429e-09	3.066429e-09
7.500000e+02	7.800000e+02	3.600000e+02	3.900000e+02	3.156848e-09	3.042994e-09	3.042994e-09
7.500000e+02	7.800000e+02	3.900000e+02	4.200000e+02	3.503378e-09	3.066433e-09	3.066433e-09
7.500000e+02	7.800000e+02	4.200000e+02	4.500000e+02	7.605703e-11	5.378044e-11	5.378044e-11
7.500000e+02	7.800000e+02	4.500000e+02	4.800000e+02	7.605703e-11	5.378044e-11	5.378044e-11
7.500000e+02	7.800000e+02	4.800000e+02	5.100000e+02	7.700774e-11	5.378465e-11	5.378465e-11
7.500000e+02	7.800000e+02	5.100000e+02	5.400000e+02	9.507130e-13	6.722556e-13	6.722556e-13
7.500000e+02	7.800000e+02	5.400000e+02	5.700000e+02	7.605703e-11	5.378044e-11	5.378044e-11
7.500000e+02	7.800000e+02	5.700000e+02	6.000000e+02	3.802852e-11	3.802851e-11	3.802851e-11
7.500000e+02	7.800000e+02	6.000000e+02	6.300000e+02	4.753564e-13	4.753565e-13	4.753565e-13
7.500000e+02	7.800000e+02	6.300000e+02	6.600000e+02	0.000000e+00	0.000000e+00	0.000000e+00
7.500000e+02	7.800000e+02	6.600000e+02	6.900000e+02	3.850388e-11	3.803148e-11	3.803148e-11
7.500000e+02	7.800000e+02	6.900000e+02	7.200000e+02	0.000000e+00	0.000000e+00	0.000000e+00
7.500000e+02	7.800000e+02	7.200000e+02	7.500000e+02	6.085038e-09	4.302435e-09	4.302435e-09
7.500000e+02	7.800000e+02	7.500000e+02	7.800000e+02	3.802852e-11	3.802851e-11	3.802851e-11
7.500000e+02	7.800000e+02	7.800000e+02	8.100000e+02	0.000000e+00	0.000000e+00	0.000000e+00
7.500000e+02	7.800000e+02	8.100000e+02	8.400000e+02	0.000000e+00	0.000000e+00	0.000000e+00
7.500000e+02	7.800000e+02	8.400000e+02	8.700000e+02	0.000000e+00	0.000000e+00	0.000000e+00
7.500000e+02	7.800000e+02	8.700000e+02	9.000000e+02	0.000000e+00	0.000000e+00	0.000000e+00
7.800000e+02	8.100000e+02	0.000000e+00	3.000000e+01	0.000000e+00	0.000000e+00	0.000000e+00
7.800000e+02	8.100000e+02	3.000000e+01	6.000000e+01	0.000000e+00	0.000000e+00	0.000000e+00
7.800000e+02	8.100000e+02	6.000000e+01	9.000000e+01	0.000000e+00	0.000000e+00	0.000000e+00
7.800000e+02	8.100000e+02	9.000000e+01	1.200000e+02	0.000000e+00	0.000000e+00	0.000000e+00
7.800000e+02	8.100000e+02	1.200000e+02	1.500000e+02	0.000000e+00	0.000000e+00	0.000000e+00
7.800000e+02	8.100000e+02	1.500000e+02	1.800000e+02	0.000000e+00	0.000000e+00	0.000000e+00
7.800000e+02	8.100000e+02	1.800000e+02	2.100000e+02	0.000000e+00	0.000000e+00	0.000000e+00
7.800000e+02	8.100000e+02	2.100000e+02	2.400000e+02	0.000000e+00	0.000000e+00	0.000000e+00
7.800000e+02	8.100000e+02	2.400000e+02	2.700000e+02	3.802852e-11	3.802851e-11	3.802851e-11
7.800000e+02	8.100000e+02	2.700000e+02	3.000000e+02	3.085063e-09	3.042523e-09	3.042523e-09
7.800000e+02	8.100000e+02	3.000000e+02	3.300000e+02	3.042281e-09	3.042281e-09	3.042281e-09
7.800000e+02	8.100000e+02	3.300000e+02	3.600000e+02	8.081060e-11	5.399012e-11	5.399012e-11
7.800000e+02	8.100000e+02	3.600000e+02	3.900000e+02	7.653833e-11	5.378255e-11	5.378255e-11
7.800000e+02	8.100000e+02	3.900000e+02	4.200000e+02	9.507130e-13	6.722556e-13	6.722556e-13
7.800000e+02	8.100000e+02	4.200000e+02	4.500000e+02	4.325744e-11	3.832741e-11	3.832741e-11
7.800000e+02	8.100000e+02	4.500000e+02	4.800000e+02	8.371028e-10	5.404870e-10	5.404870e-10
7.800000e+02	8.100000e+02	4.800000e+02	5.100000e+02	1.521141e-10	7.605704e-11	7.605704e-11
7.800000e+02	8.100000e+02	5.100000e+02	5.400000e+02	3.802852e-11	3.802851e-11	3.802851e-11
7.800000e+02	8.100000e+02	5.400000e+02	5.700000e+02	3.897923e-11	3.803445e-11	3.803445e-11
7.800000e+02	8.100000e+02	5.700000e+02	6.000000e+02	4.753564e-12	4.753565e-12	4.753565e-12
7.800000e+02	8.100000e+02	6.000000e+02	6.300000e+02	3.850388e-11	3.803148e-11	3.803148e-11
7.800000e+02	8.100000e+02	6.300000e+02	6.600000e+02	3.802852e-11	3.802851e-11	3.802851e-11
7.800000e+02	8.100000e+02	6.600000e+02	6.900000e+02	0.000000e+00	0.000000e+00	0.000000e+00
7.800000e+02	8.100000e+02	6.900000e+02	7.200000e+02	3.042281e-09	3.042281e-09	3.042281e-09
7.800000e+02	8.100000e+02	7.200000e+02	7.500000e+02	0.000000e+00	0.000000e+00	0.000000e+00
7.800000e+02	8.100000e+02	7.500000e+02	7.800000e+02	3.042757e-09	3.042281e-09	3.042281e-09
7.800000e+02	8.100000e+02	7.800000e+02	8.100000e+02	0.000000e+00	0.000000e+00	0.000000e+00
7.800000e+02	8.100000e+02	8.100000e+02	8.400000e+02	0.000000e+00	0.000000e+00	0.000000e+00
7.800000e+02	8.100000e+02	8.400000e+02	8.700000e+02	0.000000e+00	0.000000e+00	0.000000e+00
7.800000e+02	8.100000e+02	8.700000e+02	9.000000e+02	0.000000e+00	0.000000e+00	0.000000e+00
8.100000e+02	8.400000e+02	0.000000e+00	3.000000e+01	0.000000e+00	0.000000e+00	0.000000e+00
8.100000e+02	8.400000e+02	3.000000e+01	6.000000e+01	0.000000e+00	0.000000e+00	0.000000e+00
8.100000e+02	8.400000e+02	6.000000e+01	9.000000e+01	0.000000e+00	0.000000e+00	0.000000e+00
8.100000e+02	8.400000e+02	9.000000e+01	1.200000e+02	0.000000e+00	0.000000e+00	0.000000e+00
8.100000e+02	8.400000e+02	1.200000e+02	1.500000e+02	0.000000e+00	0.000000e+00	0.000000e+00
8.100000e+02	8.400000e+02	1.500000e+02	1.800000e+02	0.000000e+00	0.000000e+00	0.000000e+00
8.100000e+02	8.400000e+02	1.800000e+02	2.100000e+02	0.000000e+00	0.000000e+00	0.000000e+00
8.100000e+02	8.400000e+02	2.100000e+02	2.400000e+02	0.000000e+00	0.000000e+00	0.000000e+00
8.100000e+02	8.400000e+02	2.400000e+02	2.700000e+02	4.753564e-13	4.753565e-13	4.753565e-13
8.100000e+02	8.400000e+02	2.700000e+02	3.000000e+02	3.080310e-09	3.042519e-09	3.042519e-09
8.100000e+02	8.400000e+02	3.000000e+02	3.300000e+02	4.753564e-13	4.753565e-13	4.753565e-13
8.100000e+02	8.400000e+02	3.300000e+02	3.600000e+02	3.802911e-10	3.802851e-10	3.802851e-10
8.100000e+02	8.400000e+02	3.600000e+02	3.900000e+02	3.085539e-09	3.042523e-09	3.042523e-09
8.100000e+02	8.400000e+02	3.900000e+02	4.200000e+02	3.802852e-11	3.802851e-11	3.802851e-11
8.100000e+02	8.400000e+02	4.200000e+02	4.500000e+02	3.118339e-09	3.042757e-09	3.042757e-09
8.100000e+02	8.400000e+02	4.500000e+02	4.800000e+02	1.901426e-10	8.503435e-11	8.503435e-11
8.100000e+02	8.400000e+02	4.800000e+02	5.100000e+02	7.653239e-11	5.378255e-11	5.378255e-11
8.100000e+02	8.400000e+02	5.100000e+02	5.400000e+02	3.802852e-11	3.802851e-11	3.802851e-11
8.100000e+02	8.400000e+02	5.400000e+02	5.700000e+02	0.000000e+00	0.000000e+00	0.000000e+00
8.100000e+02	8.400000e+02	5.700000e+02	6.000000e+02	4.183137e-10	3.821818e-10	3.821818e-10
8.100000e+02	8.400000e+02	6.000000e+02	6.300000e+02	0.000000e+00	0.000000e+00	0.000000e+00
8.100000e+02	8.400000e+02	6.300000e+02	6.600000e+02	4.753564e-13	4.753565e-13	4.753565e-13
8.100000e+02	8.400000e+02	6.600000e+02	6.900000e+02	0.000000e+00	0.000000e+00	0.000000e+00
8.100000e+02	8.400000e+02	6.900000e+02	7.200000e+02	0.000000e+00	0.000000e+00	0.000000e+00
8.100000e+02	8.400000e+02	7.200000e+02	7.500000e+02	0.000000e+00	0.000000e+00	0.000000e+00
8.100000e+02	8.400000e+02	7.500000e+02	7.800000e+02	0.000000e+00	0.000000e+00	0.000000e+00
8.100000e+02	8.400000e+02	7.800000e+02	8.100000e+02	3.042281e-09	3.042281e-09	3.042281e-09
8.100000e+02	8.400000e+02	8.100000e+02	8.400000e+02	0.000000e+00	0.000000e+00	0.000000e+00
8.100000e+02	8.400000e+02	8.400000e+02	8.700000e+02	0.000000e+00	0.000000e+00	0.000000e+00
8.100000e+02	8.400000e+02	8.700000e+02	9.000000e+02	0.000000e+00	0.000000e+00	0.000000e+00
8.400000e+02	8.700000e+02	0.000000e+00	3.000000e+01	0.000000e+00	0.000000e+00	0.000000e+00
8.400000e+02	8.700000e+02	3.000000e+01	6.000000e+01	0.000000e+00	0.000000e+00	0.000000e+00
8.400000e+02	8.700000e+02	6.000000e+01	9.000000e+01	0.000000e+00	0.000000e+00	0.000000e+00
8.400000e+02	8.700000e+02	9.000000e+01	1.200000e+02	0.000000e+00	0.000000e+00	0.000000e+00
8.400000e+02	8.700000e+02	1.200000e+02	1.500000e+02	0.000000e+00	0.000000e+00	0.000000e+00
8.400000e+02	8.700000e+02	1.500000e+02	1.800000e+02	0.000000e+00	0.000000e+00	0.000000e+00
8.400000e+02	8.700000e+02	1.800000e+02	2.100000e+02	0.000000e+00	0.000000e+00	0.000000e+00
8.400000e+02	8.700000e+02	2.100000e+02	2.400000e+02	0.000000e+00	0.000000e+00	0.000000e+00
8.400000e+02	8.700000e+02	2.400000e+02	2.700000e+02	0.000000e+00	0.000000e+00	0.000000e+00
8.400000e+02	8.700000e+02	2.700000e+02	3.000000e+02	4.753564e-13	4.753565e-13	4.753565e-13
8.400000e+02	8.700000e+02	3.000000e+02	3.300000e+02	4.753564e-12	4.753565e-12	4.753565e-12
8.400000e+02	8.700000e+02	3.300000e+02	3.600000e+02	1.521141e-10	7.605704e-11	7.605704e-11
8.400000e+02	8.700000e+02	3.600000e+02	3.900000e+02	7.706717e-11	5.378468e-11	5.378468e-11
8.400000e+02	8.700000e+02	3.900000e+02	4.200000e+02	3.042281e-09	3.042281e-09	3.042281e-09
8.400000e+02	8.700000e+02	4.200000e+02	4.500000e+02	6.085513e-09	4.302435e-09	4.302435e-09
8.400000e+02	8.700000e+02	4.500000e+02	4.800000e+02	1.521141e-10	7.605704e-11	7.605704e-11
8.400000e+02	8.700000e+02	4.800000e+02	5.100000e+02	7.605703e-11	5.378044e-11	5.378044e-11
8.400000e+02	8.700000e+02	5.100000e+02	5.400000e+02	4.753564e-13	4.753565e-13	4.753565e-13
8.400000e+02	8.700000e+02	5.400000e+02	5.700000e+02	3.802852e-11	3.802851e-11	3.802851e-11
8.400000e+02	8.700000e+02	5.700000e+02	6.000000e+02	3.081261e-09	3.042519e-09	3.042519e-09
8.400000e+02	8.700000e+02	6.000000e+02	6.300000e+02	3.802852e-10	3.802851e-10	3.802851e-10
8.400000e+02	8.700000e+02	6.300000e+02	6.600000e+02	4.753564e-13	4.753565e-13	4.753565e-13
8.400000e+02	8.700000e+02	6.600000e+02	6.900000e+02	0.000000e+00	0.000000e+00	0.000000e+00
8.400000e+02	8.700000e+02	6.900000e+02	7.200000e+02	0.000000e+00	0.000000e+00	0.000000e+00
8.400000e+02	8.700000e+02	7.200000e+02	7.500000e+02	3.042281e-09	3.042281e-09	3.042281e-09
8.400000e+02	8.700000e+02	7.500000e+02	7.800000e+02	3.802852e-11	3.802851e-11	3.802851e-11
8.400000e+02	8.700000e+02	7.800000e+02	8.100000e+02	0.000000e+00	0.000000e+00	0.000000e+00
8.400000e+02	8.700000e+02	8.100000e+02	8.400000e+02	0.000000e+00	0.000000e+00	0.000000e+00
8.400000e+02	8.700000e+02	8.400000e+02	8.700000e+02	0.000000e+00	0.000000e+00	0.000000e+00
8.400000e+02	8.700000e+02	8.700000e+02	9.000000e+02	0.000000e+00	0.000000e+00	0.000000e+00
8.700000e+02	9.000000e+02	0.000000e+00	3.000000e+01	0.000000e+00	0.000000e+00	0.000000e+00
8.700000e+02	9.000000e+02	3.000000e+01	6.000000e+01	0.000000e+00	0.000000e+00	0.000000e+00
8.700000e+02	9.000000e+02	6.000000e+01	9.000000e+01	0.000000e+00	0.000000e+00	0.000000e+00
8.700000e+02	9.000000e+02	9.000000e+01	1.200000e+02	0.000000e+00	0.000000e+00	0.000000e+00
8.700000e+02	9.000000e+02	1.200000e+02	1.500000e+02	0.000000e+00	0.000000e+00	0.000000e+00
8.700000e+02	9.000000e+02	1.500000e+02	1.800000e+02	0.000000e+00	0.000000e+00	0.000000e+00
8.700000e+02	9.000000e+02	1.800000e+02	2.100000e+02	4.753564e-13	4.753565e-13	4.753565e-13
8.700000e+02	9.000000e+02	2.100000e+02	2.400000e+02	4.753564e-13	4.753565e-13	4.753565e-13
8.700000e+02	9.000000e+02	2.400000e+02	2.700000e+02	9.507130e-13	6.722556e-13	6.722556e-13
8.700000e+02	9.000000e+02	2.700000e+02	3.000000e+02	3.850388e-11	3.803148e-11	3.803148e-11
8.700000e+02	9.000000e+02	3.000000e+02	3.300000e+02	0.000000e+00	0.000000e+00	0.000000e+00
8.700000e+02	9.000000e+02	3.300000e+02	3.600000e+02	3.042281e-09	3.042281e-09	3.042281e-09
8.700000e+02	9.000000e+02	3.600000e+02	3.900000e+02	3.080786e-09	3.042519e-09	3.042519e-09
8.700000e+02	9.000000e+02	3.900000e+02	4.200000e+02	7.653239e-11	5.378255e-11	5.378255e-11
8.700000e+02	9.000000e+02	4.200000e+02	4.500000e+02	3.156367e-09	3.042994e-09	3.042994e-09
8.700000e+02	9.000000e+02	4.500000e+02	4.800000e+02	4.753564e-13	4.753565e-13	4.753565e-13
8.700000e+02	9.000000e+02	4.800000e+02	5.100000e+02	4.568176e-10	3.840695e-10	3.840695e-10
8.700000e+02	9.000000e+02	5.100000e+02	5.400000e+02	7.605703e-11	5.378044e-11	5.378044e-11
8.700000e+02	9.000000e+02	5.400000e+02	5.700000e+02	4.753564e-13	4.753565e-13	4.753565e-13
8.700000e+02	9.000000e+02	5.700000e+02	6.000000e+02	4.759507e-12	4.753568e-12	4.753568e-12
8.700000e+02	9.000000e+02	6.000000e+02	6.300000e+02	3.802852e-11	3.802851e-11	3.802851e-11
8.700000e+02	9.000000e+02	6.300000e+02	6.600000e+02	4.753564e-13	4.753565e-13	4.753565e-13
8.700000e+02	9.000000e+02	6.600000e+02	6.900000e+02	0.000000e+00	0.000000e+00	0.000000e+00
8.700000e+02	9.000000e+02	6.900000e+02	7.200000e+02	0.000000e+00	0.000000e+00	0.000000e+00
8.700000e+02	9.000000e+02	7.200000e+02	7.500000e+02	3.042281e-09	3.042281e-09	3.042281e-09
8.700000e+02	9.000000e+02	7.500000e+02	7.800000e+02	0.000000e+00	0.000000e+00	0.000000e+00
8.700000e+02	9.000000e+02	7.800000e+02	8.100000e+02	4.753564e-13	4.753565e-13	4.753565e-13
8.700000e+02	9.000000e+02	8.100000e+02	8.400000e+02	0.000000e+00	0.000000e+00	0.000000e+00
8.700000e+02	9.000000e+02	8.400000e+02	8.700000e+02	0.000000e+00	0.000000e+00	0.000000e+00
8.700000e+02	9.000000e+02	8.700000e+02	9.000000e+02	4.753564e-13	4.753565e-13	4.753565e-13
# END HISTO2D

