# BEGIN HISTO2D /res/100TeVlambda_oxford/histo_ptHptH_boost_C1e
Path=/res/100TeVlambda_oxford/histo_ptHptH_boost_C1e
ScaledBy=1
Title=ptHptH_boost_C1e
# xlow	 xhigh	 ylow	 yhigh	 val	 errminus	 errplus
0.000000e+00	3.000000e+01	0.000000e+00	3.000000e+01	0.000000e+00	0.000000e+00	0.000000e+00
0.000000e+00	3.000000e+01	3.000000e+01	6.000000e+01	0.000000e+00	0.000000e+00	0.000000e+00
0.000000e+00	3.000000e+01	6.000000e+01	9.000000e+01	0.000000e+00	0.000000e+00	0.000000e+00
0.000000e+00	3.000000e+01	9.000000e+01	1.200000e+02	0.000000e+00	0.000000e+00	0.000000e+00
0.000000e+00	3.000000e+01	1.200000e+02	1.500000e+02	0.000000e+00	0.000000e+00	0.000000e+00
0.000000e+00	3.000000e+01	1.500000e+02	1.800000e+02	0.000000e+00	0.000000e+00	0.000000e+00
0.000000e+00	3.000000e+01	1.800000e+02	2.100000e+02	0.000000e+00	0.000000e+00	0.000000e+00
0.000000e+00	3.000000e+01	2.100000e+02	2.400000e+02	0.000000e+00	0.000000e+00	0.000000e+00
0.000000e+00	3.000000e+01	2.400000e+02	2.700000e+02	0.000000e+00	0.000000e+00	0.000000e+00
0.000000e+00	3.000000e+01	2.700000e+02	3.000000e+02	0.000000e+00	0.000000e+00	0.000000e+00
0.000000e+00	3.000000e+01	3.000000e+02	3.300000e+02	0.000000e+00	0.000000e+00	0.000000e+00
0.000000e+00	3.000000e+01	3.300000e+02	3.600000e+02	0.000000e+00	0.000000e+00	0.000000e+00
0.000000e+00	3.000000e+01	3.600000e+02	3.900000e+02	0.000000e+00	0.000000e+00	0.000000e+00
0.000000e+00	3.000000e+01	3.900000e+02	4.200000e+02	0.000000e+00	0.000000e+00	0.000000e+00
0.000000e+00	3.000000e+01	4.200000e+02	4.500000e+02	0.000000e+00	0.000000e+00	0.000000e+00
0.000000e+00	3.000000e+01	4.500000e+02	4.800000e+02	0.000000e+00	0.000000e+00	0.000000e+00
0.000000e+00	3.000000e+01	4.800000e+02	5.100000e+02	0.000000e+00	0.000000e+00	0.000000e+00
0.000000e+00	3.000000e+01	5.100000e+02	5.400000e+02	0.000000e+00	0.000000e+00	0.000000e+00
0.000000e+00	3.000000e+01	5.400000e+02	5.700000e+02	0.000000e+00	0.000000e+00	0.000000e+00
0.000000e+00	3.000000e+01	5.700000e+02	6.000000e+02	0.000000e+00	0.000000e+00	0.000000e+00
0.000000e+00	3.000000e+01	6.000000e+02	6.300000e+02	0.000000e+00	0.000000e+00	0.000000e+00
0.000000e+00	3.000000e+01	6.300000e+02	6.600000e+02	0.000000e+00	0.000000e+00	0.000000e+00
0.000000e+00	3.000000e+01	6.600000e+02	6.900000e+02	0.000000e+00	0.000000e+00	0.000000e+00
0.000000e+00	3.000000e+01	6.900000e+02	7.200000e+02	0.000000e+00	0.000000e+00	0.000000e+00
0.000000e+00	3.000000e+01	7.200000e+02	7.500000e+02	0.000000e+00	0.000000e+00	0.000000e+00
0.000000e+00	3.000000e+01	7.500000e+02	7.800000e+02	0.000000e+00	0.000000e+00	0.000000e+00
0.000000e+00	3.000000e+01	7.800000e+02	8.100000e+02	0.000000e+00	0.000000e+00	0.000000e+00
0.000000e+00	3.000000e+01	8.100000e+02	8.400000e+02	0.000000e+00	0.000000e+00	0.000000e+00
0.000000e+00	3.000000e+01	8.400000e+02	8.700000e+02	0.000000e+00	0.000000e+00	0.000000e+00
0.000000e+00	3.000000e+01	8.700000e+02	9.000000e+02	0.000000e+00	0.000000e+00	0.000000e+00
3.000000e+01	6.000000e+01	0.000000e+00	3.000000e+01	0.000000e+00	0.000000e+00	0.000000e+00
3.000000e+01	6.000000e+01	3.000000e+01	6.000000e+01	0.000000e+00	0.000000e+00	0.000000e+00
3.000000e+01	6.000000e+01	6.000000e+01	9.000000e+01	0.000000e+00	0.000000e+00	0.000000e+00
3.000000e+01	6.000000e+01	9.000000e+01	1.200000e+02	0.000000e+00	0.000000e+00	0.000000e+00
3.000000e+01	6.000000e+01	1.200000e+02	1.500000e+02	0.000000e+00	0.000000e+00	0.000000e+00
3.000000e+01	6.000000e+01	1.500000e+02	1.800000e+02	0.000000e+00	0.000000e+00	0.000000e+00
3.000000e+01	6.000000e+01	1.800000e+02	2.100000e+02	0.000000e+00	0.000000e+00	0.000000e+00
3.000000e+01	6.000000e+01	2.100000e+02	2.400000e+02	0.000000e+00	0.000000e+00	0.000000e+00
3.000000e+01	6.000000e+01	2.400000e+02	2.700000e+02	0.000000e+00	0.000000e+00	0.000000e+00
3.000000e+01	6.000000e+01	2.700000e+02	3.000000e+02	0.000000e+00	0.000000e+00	0.000000e+00
3.000000e+01	6.000000e+01	3.000000e+02	3.300000e+02	0.000000e+00	0.000000e+00	0.000000e+00
3.000000e+01	6.000000e+01	3.300000e+02	3.600000e+02	0.000000e+00	0.000000e+00	0.000000e+00
3.000000e+01	6.000000e+01	3.600000e+02	3.900000e+02	0.000000e+00	0.000000e+00	0.000000e+00
3.000000e+01	6.000000e+01	3.900000e+02	4.200000e+02	0.000000e+00	0.000000e+00	0.000000e+00
3.000000e+01	6.000000e+01	4.200000e+02	4.500000e+02	0.000000e+00	0.000000e+00	0.000000e+00
3.000000e+01	6.000000e+01	4.500000e+02	4.800000e+02	0.000000e+00	0.000000e+00	0.000000e+00
3.000000e+01	6.000000e+01	4.800000e+02	5.100000e+02	0.000000e+00	0.000000e+00	0.000000e+00
3.000000e+01	6.000000e+01	5.100000e+02	5.400000e+02	0.000000e+00	0.000000e+00	0.000000e+00
3.000000e+01	6.000000e+01	5.400000e+02	5.700000e+02	0.000000e+00	0.000000e+00	0.000000e+00
3.000000e+01	6.000000e+01	5.700000e+02	6.000000e+02	0.000000e+00	0.000000e+00	0.000000e+00
3.000000e+01	6.000000e+01	6.000000e+02	6.300000e+02	0.000000e+00	0.000000e+00	0.000000e+00
3.000000e+01	6.000000e+01	6.300000e+02	6.600000e+02	0.000000e+00	0.000000e+00	0.000000e+00
3.000000e+01	6.000000e+01	6.600000e+02	6.900000e+02	0.000000e+00	0.000000e+00	0.000000e+00
3.000000e+01	6.000000e+01	6.900000e+02	7.200000e+02	0.000000e+00	0.000000e+00	0.000000e+00
3.000000e+01	6.000000e+01	7.200000e+02	7.500000e+02	0.000000e+00	0.000000e+00	0.000000e+00
3.000000e+01	6.000000e+01	7.500000e+02	7.800000e+02	0.000000e+00	0.000000e+00	0.000000e+00
3.000000e+01	6.000000e+01	7.800000e+02	8.100000e+02	0.000000e+00	0.000000e+00	0.000000e+00
3.000000e+01	6.000000e+01	8.100000e+02	8.400000e+02	0.000000e+00	0.000000e+00	0.000000e+00
3.000000e+01	6.000000e+01	8.400000e+02	8.700000e+02	0.000000e+00	0.000000e+00	0.000000e+00
3.000000e+01	6.000000e+01	8.700000e+02	9.000000e+02	0.000000e+00	0.000000e+00	0.000000e+00
6.000000e+01	9.000000e+01	0.000000e+00	3.000000e+01	0.000000e+00	0.000000e+00	0.000000e+00
6.000000e+01	9.000000e+01	3.000000e+01	6.000000e+01	0.000000e+00	0.000000e+00	0.000000e+00
6.000000e+01	9.000000e+01	6.000000e+01	9.000000e+01	0.000000e+00	0.000000e+00	0.000000e+00
6.000000e+01	9.000000e+01	9.000000e+01	1.200000e+02	0.000000e+00	0.000000e+00	0.000000e+00
6.000000e+01	9.000000e+01	1.200000e+02	1.500000e+02	0.000000e+00	0.000000e+00	0.000000e+00
6.000000e+01	9.000000e+01	1.500000e+02	1.800000e+02	0.000000e+00	0.000000e+00	0.000000e+00
6.000000e+01	9.000000e+01	1.800000e+02	2.100000e+02	0.000000e+00	0.000000e+00	0.000000e+00
6.000000e+01	9.000000e+01	2.100000e+02	2.400000e+02	0.000000e+00	0.000000e+00	0.000000e+00
6.000000e+01	9.000000e+01	2.400000e+02	2.700000e+02	0.000000e+00	0.000000e+00	0.000000e+00
6.000000e+01	9.000000e+01	2.700000e+02	3.000000e+02	0.000000e+00	0.000000e+00	0.000000e+00
6.000000e+01	9.000000e+01	3.000000e+02	3.300000e+02	0.000000e+00	0.000000e+00	0.000000e+00
6.000000e+01	9.000000e+01	3.300000e+02	3.600000e+02	0.000000e+00	0.000000e+00	0.000000e+00
6.000000e+01	9.000000e+01	3.600000e+02	3.900000e+02	0.000000e+00	0.000000e+00	0.000000e+00
6.000000e+01	9.000000e+01	3.900000e+02	4.200000e+02	0.000000e+00	0.000000e+00	0.000000e+00
6.000000e+01	9.000000e+01	4.200000e+02	4.500000e+02	0.000000e+00	0.000000e+00	0.000000e+00
6.000000e+01	9.000000e+01	4.500000e+02	4.800000e+02	0.000000e+00	0.000000e+00	0.000000e+00
6.000000e+01	9.000000e+01	4.800000e+02	5.100000e+02	0.000000e+00	0.000000e+00	0.000000e+00
6.000000e+01	9.000000e+01	5.100000e+02	5.400000e+02	0.000000e+00	0.000000e+00	0.000000e+00
6.000000e+01	9.000000e+01	5.400000e+02	5.700000e+02	0.000000e+00	0.000000e+00	0.000000e+00
6.000000e+01	9.000000e+01	5.700000e+02	6.000000e+02	0.000000e+00	0.000000e+00	0.000000e+00
6.000000e+01	9.000000e+01	6.000000e+02	6.300000e+02	0.000000e+00	0.000000e+00	0.000000e+00
6.000000e+01	9.000000e+01	6.300000e+02	6.600000e+02	0.000000e+00	0.000000e+00	0.000000e+00
6.000000e+01	9.000000e+01	6.600000e+02	6.900000e+02	0.000000e+00	0.000000e+00	0.000000e+00
6.000000e+01	9.000000e+01	6.900000e+02	7.200000e+02	0.000000e+00	0.000000e+00	0.000000e+00
6.000000e+01	9.000000e+01	7.200000e+02	7.500000e+02	0.000000e+00	0.000000e+00	0.000000e+00
6.000000e+01	9.000000e+01	7.500000e+02	7.800000e+02	0.000000e+00	0.000000e+00	0.000000e+00
6.000000e+01	9.000000e+01	7.800000e+02	8.100000e+02	0.000000e+00	0.000000e+00	0.000000e+00
6.000000e+01	9.000000e+01	8.100000e+02	8.400000e+02	0.000000e+00	0.000000e+00	0.000000e+00
6.000000e+01	9.000000e+01	8.400000e+02	8.700000e+02	0.000000e+00	0.000000e+00	0.000000e+00
6.000000e+01	9.000000e+01	8.700000e+02	9.000000e+02	0.000000e+00	0.000000e+00	0.000000e+00
9.000000e+01	1.200000e+02	0.000000e+00	3.000000e+01	0.000000e+00	0.000000e+00	0.000000e+00
9.000000e+01	1.200000e+02	3.000000e+01	6.000000e+01	0.000000e+00	0.000000e+00	0.000000e+00
9.000000e+01	1.200000e+02	6.000000e+01	9.000000e+01	0.000000e+00	0.000000e+00	0.000000e+00
9.000000e+01	1.200000e+02	9.000000e+01	1.200000e+02	0.000000e+00	0.000000e+00	0.000000e+00
9.000000e+01	1.200000e+02	1.200000e+02	1.500000e+02	0.000000e+00	0.000000e+00	0.000000e+00
9.000000e+01	1.200000e+02	1.500000e+02	1.800000e+02	0.000000e+00	0.000000e+00	0.000000e+00
9.000000e+01	1.200000e+02	1.800000e+02	2.100000e+02	0.000000e+00	0.000000e+00	0.000000e+00
9.000000e+01	1.200000e+02	2.100000e+02	2.400000e+02	0.000000e+00	0.000000e+00	0.000000e+00
9.000000e+01	1.200000e+02	2.400000e+02	2.700000e+02	0.000000e+00	0.000000e+00	0.000000e+00
9.000000e+01	1.200000e+02	2.700000e+02	3.000000e+02	0.000000e+00	0.000000e+00	0.000000e+00
9.000000e+01	1.200000e+02	3.000000e+02	3.300000e+02	0.000000e+00	0.000000e+00	0.000000e+00
9.000000e+01	1.200000e+02	3.300000e+02	3.600000e+02	0.000000e+00	0.000000e+00	0.000000e+00
9.000000e+01	1.200000e+02	3.600000e+02	3.900000e+02	0.000000e+00	0.000000e+00	0.000000e+00
9.000000e+01	1.200000e+02	3.900000e+02	4.200000e+02	0.000000e+00	0.000000e+00	0.000000e+00
9.000000e+01	1.200000e+02	4.200000e+02	4.500000e+02	0.000000e+00	0.000000e+00	0.000000e+00
9.000000e+01	1.200000e+02	4.500000e+02	4.800000e+02	0.000000e+00	0.000000e+00	0.000000e+00
9.000000e+01	1.200000e+02	4.800000e+02	5.100000e+02	0.000000e+00	0.000000e+00	0.000000e+00
9.000000e+01	1.200000e+02	5.100000e+02	5.400000e+02	0.000000e+00	0.000000e+00	0.000000e+00
9.000000e+01	1.200000e+02	5.400000e+02	5.700000e+02	0.000000e+00	0.000000e+00	0.000000e+00
9.000000e+01	1.200000e+02	5.700000e+02	6.000000e+02	0.000000e+00	0.000000e+00	0.000000e+00
9.000000e+01	1.200000e+02	6.000000e+02	6.300000e+02	0.000000e+00	0.000000e+00	0.000000e+00
9.000000e+01	1.200000e+02	6.300000e+02	6.600000e+02	0.000000e+00	0.000000e+00	0.000000e+00
9.000000e+01	1.200000e+02	6.600000e+02	6.900000e+02	0.000000e+00	0.000000e+00	0.000000e+00
9.000000e+01	1.200000e+02	6.900000e+02	7.200000e+02	0.000000e+00	0.000000e+00	0.000000e+00
9.000000e+01	1.200000e+02	7.200000e+02	7.500000e+02	0.000000e+00	0.000000e+00	0.000000e+00
9.000000e+01	1.200000e+02	7.500000e+02	7.800000e+02	0.000000e+00	0.000000e+00	0.000000e+00
9.000000e+01	1.200000e+02	7.800000e+02	8.100000e+02	0.000000e+00	0.000000e+00	0.000000e+00
9.000000e+01	1.200000e+02	8.100000e+02	8.400000e+02	0.000000e+00	0.000000e+00	0.000000e+00
9.000000e+01	1.200000e+02	8.400000e+02	8.700000e+02	0.000000e+00	0.000000e+00	0.000000e+00
9.000000e+01	1.200000e+02	8.700000e+02	9.000000e+02	0.000000e+00	0.000000e+00	0.000000e+00
1.200000e+02	1.500000e+02	0.000000e+00	3.000000e+01	0.000000e+00	0.000000e+00	0.000000e+00
1.200000e+02	1.500000e+02	3.000000e+01	6.000000e+01	0.000000e+00	0.000000e+00	0.000000e+00
1.200000e+02	1.500000e+02	6.000000e+01	9.000000e+01	0.000000e+00	0.000000e+00	0.000000e+00
1.200000e+02	1.500000e+02	9.000000e+01	1.200000e+02	0.000000e+00	0.000000e+00	0.000000e+00
1.200000e+02	1.500000e+02	1.200000e+02	1.500000e+02	0.000000e+00	0.000000e+00	0.000000e+00
1.200000e+02	1.500000e+02	1.500000e+02	1.800000e+02	0.000000e+00	0.000000e+00	0.000000e+00
1.200000e+02	1.500000e+02	1.800000e+02	2.100000e+02	0.000000e+00	0.000000e+00	0.000000e+00
1.200000e+02	1.500000e+02	2.100000e+02	2.400000e+02	0.000000e+00	0.000000e+00	0.000000e+00
1.200000e+02	1.500000e+02	2.400000e+02	2.700000e+02	0.000000e+00	0.000000e+00	0.000000e+00
1.200000e+02	1.500000e+02	2.700000e+02	3.000000e+02	0.000000e+00	0.000000e+00	0.000000e+00
1.200000e+02	1.500000e+02	3.000000e+02	3.300000e+02	0.000000e+00	0.000000e+00	0.000000e+00
1.200000e+02	1.500000e+02	3.300000e+02	3.600000e+02	0.000000e+00	0.000000e+00	0.000000e+00
1.200000e+02	1.500000e+02	3.600000e+02	3.900000e+02	0.000000e+00	0.000000e+00	0.000000e+00
1.200000e+02	1.500000e+02	3.900000e+02	4.200000e+02	0.000000e+00	0.000000e+00	0.000000e+00
1.200000e+02	1.500000e+02	4.200000e+02	4.500000e+02	0.000000e+00	0.000000e+00	0.000000e+00
1.200000e+02	1.500000e+02	4.500000e+02	4.800000e+02	0.000000e+00	0.000000e+00	0.000000e+00
1.200000e+02	1.500000e+02	4.800000e+02	5.100000e+02	0.000000e+00	0.000000e+00	0.000000e+00
1.200000e+02	1.500000e+02	5.100000e+02	5.400000e+02	0.000000e+00	0.000000e+00	0.000000e+00
1.200000e+02	1.500000e+02	5.400000e+02	5.700000e+02	0.000000e+00	0.000000e+00	0.000000e+00
1.200000e+02	1.500000e+02	5.700000e+02	6.000000e+02	0.000000e+00	0.000000e+00	0.000000e+00
1.200000e+02	1.500000e+02	6.000000e+02	6.300000e+02	0.000000e+00	0.000000e+00	0.000000e+00
1.200000e+02	1.500000e+02	6.300000e+02	6.600000e+02	0.000000e+00	0.000000e+00	0.000000e+00
1.200000e+02	1.500000e+02	6.600000e+02	6.900000e+02	0.000000e+00	0.000000e+00	0.000000e+00
1.200000e+02	1.500000e+02	6.900000e+02	7.200000e+02	0.000000e+00	0.000000e+00	0.000000e+00
1.200000e+02	1.500000e+02	7.200000e+02	7.500000e+02	0.000000e+00	0.000000e+00	0.000000e+00
1.200000e+02	1.500000e+02	7.500000e+02	7.800000e+02	0.000000e+00	0.000000e+00	0.000000e+00
1.200000e+02	1.500000e+02	7.800000e+02	8.100000e+02	0.000000e+00	0.000000e+00	0.000000e+00
1.200000e+02	1.500000e+02	8.100000e+02	8.400000e+02	0.000000e+00	0.000000e+00	0.000000e+00
1.200000e+02	1.500000e+02	8.400000e+02	8.700000e+02	0.000000e+00	0.000000e+00	0.000000e+00
1.200000e+02	1.500000e+02	8.700000e+02	9.000000e+02	0.000000e+00	0.000000e+00	0.000000e+00
1.500000e+02	1.800000e+02	0.000000e+00	3.000000e+01	0.000000e+00	0.000000e+00	0.000000e+00
1.500000e+02	1.800000e+02	3.000000e+01	6.000000e+01	0.000000e+00	0.000000e+00	0.000000e+00
1.500000e+02	1.800000e+02	6.000000e+01	9.000000e+01	0.000000e+00	0.000000e+00	0.000000e+00
1.500000e+02	1.800000e+02	9.000000e+01	1.200000e+02	0.000000e+00	0.000000e+00	0.000000e+00
1.500000e+02	1.800000e+02	1.200000e+02	1.500000e+02	0.000000e+00	0.000000e+00	0.000000e+00
1.500000e+02	1.800000e+02	1.500000e+02	1.800000e+02	0.000000e+00	0.000000e+00	0.000000e+00
1.500000e+02	1.800000e+02	1.800000e+02	2.100000e+02	0.000000e+00	0.000000e+00	0.000000e+00
1.500000e+02	1.800000e+02	2.100000e+02	2.400000e+02	0.000000e+00	0.000000e+00	0.000000e+00
1.500000e+02	1.800000e+02	2.400000e+02	2.700000e+02	0.000000e+00	0.000000e+00	0.000000e+00
1.500000e+02	1.800000e+02	2.700000e+02	3.000000e+02	0.000000e+00	0.000000e+00	0.000000e+00
1.500000e+02	1.800000e+02	3.000000e+02	3.300000e+02	0.000000e+00	0.000000e+00	0.000000e+00
1.500000e+02	1.800000e+02	3.300000e+02	3.600000e+02	0.000000e+00	0.000000e+00	0.000000e+00
1.500000e+02	1.800000e+02	3.600000e+02	3.900000e+02	0.000000e+00	0.000000e+00	0.000000e+00
1.500000e+02	1.800000e+02	3.900000e+02	4.200000e+02	0.000000e+00	0.000000e+00	0.000000e+00
1.500000e+02	1.800000e+02	4.200000e+02	4.500000e+02	0.000000e+00	0.000000e+00	0.000000e+00
1.500000e+02	1.800000e+02	4.500000e+02	4.800000e+02	0.000000e+00	0.000000e+00	0.000000e+00
1.500000e+02	1.800000e+02	4.800000e+02	5.100000e+02	0.000000e+00	0.000000e+00	0.000000e+00
1.500000e+02	1.800000e+02	5.100000e+02	5.400000e+02	0.000000e+00	0.000000e+00	0.000000e+00
1.500000e+02	1.800000e+02	5.400000e+02	5.700000e+02	0.000000e+00	0.000000e+00	0.000000e+00
1.500000e+02	1.800000e+02	5.700000e+02	6.000000e+02	0.000000e+00	0.000000e+00	0.000000e+00
1.500000e+02	1.800000e+02	6.000000e+02	6.300000e+02	0.000000e+00	0.000000e+00	0.000000e+00
1.500000e+02	1.800000e+02	6.300000e+02	6.600000e+02	0.000000e+00	0.000000e+00	0.000000e+00
1.500000e+02	1.800000e+02	6.600000e+02	6.900000e+02	0.000000e+00	0.000000e+00	0.000000e+00
1.500000e+02	1.800000e+02	6.900000e+02	7.200000e+02	0.000000e+00	0.000000e+00	0.000000e+00
1.500000e+02	1.800000e+02	7.200000e+02	7.500000e+02	0.000000e+00	0.000000e+00	0.000000e+00
1.500000e+02	1.800000e+02	7.500000e+02	7.800000e+02	0.000000e+00	0.000000e+00	0.000000e+00
1.500000e+02	1.800000e+02	7.800000e+02	8.100000e+02	0.000000e+00	0.000000e+00	0.000000e+00
1.500000e+02	1.800000e+02	8.100000e+02	8.400000e+02	0.000000e+00	0.000000e+00	0.000000e+00
1.500000e+02	1.800000e+02	8.400000e+02	8.700000e+02	0.000000e+00	0.000000e+00	0.000000e+00
1.500000e+02	1.800000e+02	8.700000e+02	9.000000e+02	0.000000e+00	0.000000e+00	0.000000e+00
1.800000e+02	2.100000e+02	0.000000e+00	3.000000e+01	0.000000e+00	0.000000e+00	0.000000e+00
1.800000e+02	2.100000e+02	3.000000e+01	6.000000e+01	0.000000e+00	0.000000e+00	0.000000e+00
1.800000e+02	2.100000e+02	6.000000e+01	9.000000e+01	0.000000e+00	0.000000e+00	0.000000e+00
1.800000e+02	2.100000e+02	9.000000e+01	1.200000e+02	0.000000e+00	0.000000e+00	0.000000e+00
1.800000e+02	2.100000e+02	1.200000e+02	1.500000e+02	0.000000e+00	0.000000e+00	0.000000e+00
1.800000e+02	2.100000e+02	1.500000e+02	1.800000e+02	0.000000e+00	0.000000e+00	0.000000e+00
1.800000e+02	2.100000e+02	1.800000e+02	2.100000e+02	3.808056e-06	1.017746e-06	1.017746e-06
1.800000e+02	2.100000e+02	2.100000e+02	2.400000e+02	0.000000e+00	0.000000e+00	0.000000e+00
1.800000e+02	2.100000e+02	2.400000e+02	2.700000e+02	0.000000e+00	0.000000e+00	0.000000e+00
1.800000e+02	2.100000e+02	2.700000e+02	3.000000e+02	0.000000e+00	0.000000e+00	0.000000e+00
1.800000e+02	2.100000e+02	3.000000e+02	3.300000e+02	0.000000e+00	0.000000e+00	0.000000e+00
1.800000e+02	2.100000e+02	3.300000e+02	3.600000e+02	0.000000e+00	0.000000e+00	0.000000e+00
1.800000e+02	2.100000e+02	3.600000e+02	3.900000e+02	0.000000e+00	0.000000e+00	0.000000e+00
1.800000e+02	2.100000e+02	3.900000e+02	4.200000e+02	0.000000e+00	0.000000e+00	0.000000e+00
1.800000e+02	2.100000e+02	4.200000e+02	4.500000e+02	0.000000e+00	0.000000e+00	0.000000e+00
1.800000e+02	2.100000e+02	4.500000e+02	4.800000e+02	0.000000e+00	0.000000e+00	0.000000e+00
1.800000e+02	2.100000e+02	4.800000e+02	5.100000e+02	0.000000e+00	0.000000e+00	0.000000e+00
1.800000e+02	2.100000e+02	5.100000e+02	5.400000e+02	0.000000e+00	0.000000e+00	0.000000e+00
1.800000e+02	2.100000e+02	5.400000e+02	5.700000e+02	0.000000e+00	0.000000e+00	0.000000e+00
1.800000e+02	2.100000e+02	5.700000e+02	6.000000e+02	0.000000e+00	0.000000e+00	0.000000e+00
1.800000e+02	2.100000e+02	6.000000e+02	6.300000e+02	0.000000e+00	0.000000e+00	0.000000e+00
1.800000e+02	2.100000e+02	6.300000e+02	6.600000e+02	0.000000e+00	0.000000e+00	0.000000e+00
1.800000e+02	2.100000e+02	6.600000e+02	6.900000e+02	0.000000e+00	0.000000e+00	0.000000e+00
1.800000e+02	2.100000e+02	6.900000e+02	7.200000e+02	0.000000e+00	0.000000e+00	0.000000e+00
1.800000e+02	2.100000e+02	7.200000e+02	7.500000e+02	0.000000e+00	0.000000e+00	0.000000e+00
1.800000e+02	2.100000e+02	7.500000e+02	7.800000e+02	0.000000e+00	0.000000e+00	0.000000e+00
1.800000e+02	2.100000e+02	7.800000e+02	8.100000e+02	0.000000e+00	0.000000e+00	0.000000e+00
1.800000e+02	2.100000e+02	8.100000e+02	8.400000e+02	0.000000e+00	0.000000e+00	0.000000e+00
1.800000e+02	2.100000e+02	8.400000e+02	8.700000e+02	0.000000e+00	0.000000e+00	0.000000e+00
1.800000e+02	2.100000e+02	8.700000e+02	9.000000e+02	0.000000e+00	0.000000e+00	0.000000e+00
2.100000e+02	2.400000e+02	0.000000e+00	3.000000e+01	0.000000e+00	0.000000e+00	0.000000e+00
2.100000e+02	2.400000e+02	3.000000e+01	6.000000e+01	0.000000e+00	0.000000e+00	0.000000e+00
2.100000e+02	2.400000e+02	6.000000e+01	9.000000e+01	0.000000e+00	0.000000e+00	0.000000e+00
2.100000e+02	2.400000e+02	9.000000e+01	1.200000e+02	0.000000e+00	0.000000e+00	0.000000e+00
2.100000e+02	2.400000e+02	1.200000e+02	1.500000e+02	0.000000e+00	0.000000e+00	0.000000e+00
2.100000e+02	2.400000e+02	1.500000e+02	1.800000e+02	0.000000e+00	0.000000e+00	0.000000e+00
2.100000e+02	2.400000e+02	1.800000e+02	2.100000e+02	4.352063e-05	3.440608e-06	3.440608e-06
2.100000e+02	2.400000e+02	2.100000e+02	2.400000e+02	1.000975e-04	5.217942e-06	5.217942e-06
2.100000e+02	2.400000e+02	2.400000e+02	2.700000e+02	0.000000e+00	0.000000e+00	0.000000e+00
2.100000e+02	2.400000e+02	2.700000e+02	3.000000e+02	0.000000e+00	0.000000e+00	0.000000e+00
2.100000e+02	2.400000e+02	3.000000e+02	3.300000e+02	0.000000e+00	0.000000e+00	0.000000e+00
2.100000e+02	2.400000e+02	3.300000e+02	3.600000e+02	0.000000e+00	0.000000e+00	0.000000e+00
2.100000e+02	2.400000e+02	3.600000e+02	3.900000e+02	0.000000e+00	0.000000e+00	0.000000e+00
2.100000e+02	2.400000e+02	3.900000e+02	4.200000e+02	0.000000e+00	0.000000e+00	0.000000e+00
2.100000e+02	2.400000e+02	4.200000e+02	4.500000e+02	0.000000e+00	0.000000e+00	0.000000e+00
2.100000e+02	2.400000e+02	4.500000e+02	4.800000e+02	0.000000e+00	0.000000e+00	0.000000e+00
2.100000e+02	2.400000e+02	4.800000e+02	5.100000e+02	0.000000e+00	0.000000e+00	0.000000e+00
2.100000e+02	2.400000e+02	5.100000e+02	5.400000e+02	0.000000e+00	0.000000e+00	0.000000e+00
2.100000e+02	2.400000e+02	5.400000e+02	5.700000e+02	0.000000e+00	0.000000e+00	0.000000e+00
2.100000e+02	2.400000e+02	5.700000e+02	6.000000e+02	0.000000e+00	0.000000e+00	0.000000e+00
2.100000e+02	2.400000e+02	6.000000e+02	6.300000e+02	0.000000e+00	0.000000e+00	0.000000e+00
2.100000e+02	2.400000e+02	6.300000e+02	6.600000e+02	0.000000e+00	0.000000e+00	0.000000e+00
2.100000e+02	2.400000e+02	6.600000e+02	6.900000e+02	0.000000e+00	0.000000e+00	0.000000e+00
2.100000e+02	2.400000e+02	6.900000e+02	7.200000e+02	0.000000e+00	0.000000e+00	0.000000e+00
2.100000e+02	2.400000e+02	7.200000e+02	7.500000e+02	0.000000e+00	0.000000e+00	0.000000e+00
2.100000e+02	2.400000e+02	7.500000e+02	7.800000e+02	0.000000e+00	0.000000e+00	0.000000e+00
2.100000e+02	2.400000e+02	7.800000e+02	8.100000e+02	0.000000e+00	0.000000e+00	0.000000e+00
2.100000e+02	2.400000e+02	8.100000e+02	8.400000e+02	0.000000e+00	0.000000e+00	0.000000e+00
2.100000e+02	2.400000e+02	8.400000e+02	8.700000e+02	0.000000e+00	0.000000e+00	0.000000e+00
2.100000e+02	2.400000e+02	8.700000e+02	9.000000e+02	0.000000e+00	0.000000e+00	0.000000e+00
2.400000e+02	2.700000e+02	0.000000e+00	3.000000e+01	0.000000e+00	0.000000e+00	0.000000e+00
2.400000e+02	2.700000e+02	3.000000e+01	6.000000e+01	0.000000e+00	0.000000e+00	0.000000e+00
2.400000e+02	2.700000e+02	6.000000e+01	9.000000e+01	0.000000e+00	0.000000e+00	0.000000e+00
2.400000e+02	2.700000e+02	9.000000e+01	1.200000e+02	0.000000e+00	0.000000e+00	0.000000e+00
2.400000e+02	2.700000e+02	1.200000e+02	1.500000e+02	0.000000e+00	0.000000e+00	0.000000e+00
2.400000e+02	2.700000e+02	1.500000e+02	1.800000e+02	0.000000e+00	0.000000e+00	0.000000e+00
2.400000e+02	2.700000e+02	1.800000e+02	2.100000e+02	4.841671e-05	3.628985e-06	3.628985e-06
2.400000e+02	2.700000e+02	2.100000e+02	2.400000e+02	3.280368e-04	9.446021e-06	9.446021e-06
2.400000e+02	2.700000e+02	2.400000e+02	2.700000e+02	3.386450e-04	9.597540e-06	9.597540e-06
2.400000e+02	2.700000e+02	2.700000e+02	3.000000e+02	0.000000e+00	0.000000e+00	0.000000e+00
2.400000e+02	2.700000e+02	3.000000e+02	3.300000e+02	0.000000e+00	0.000000e+00	0.000000e+00
2.400000e+02	2.700000e+02	3.300000e+02	3.600000e+02	0.000000e+00	0.000000e+00	0.000000e+00
2.400000e+02	2.700000e+02	3.600000e+02	3.900000e+02	0.000000e+00	0.000000e+00	0.000000e+00
2.400000e+02	2.700000e+02	3.900000e+02	4.200000e+02	0.000000e+00	0.000000e+00	0.000000e+00
2.400000e+02	2.700000e+02	4.200000e+02	4.500000e+02	0.000000e+00	0.000000e+00	0.000000e+00
2.400000e+02	2.700000e+02	4.500000e+02	4.800000e+02	0.000000e+00	0.000000e+00	0.000000e+00
2.400000e+02	2.700000e+02	4.800000e+02	5.100000e+02	0.000000e+00	0.000000e+00	0.000000e+00
2.400000e+02	2.700000e+02	5.100000e+02	5.400000e+02	0.000000e+00	0.000000e+00	0.000000e+00
2.400000e+02	2.700000e+02	5.400000e+02	5.700000e+02	0.000000e+00	0.000000e+00	0.000000e+00
2.400000e+02	2.700000e+02	5.700000e+02	6.000000e+02	0.000000e+00	0.000000e+00	0.000000e+00
2.400000e+02	2.700000e+02	6.000000e+02	6.300000e+02	0.000000e+00	0.000000e+00	0.000000e+00
2.400000e+02	2.700000e+02	6.300000e+02	6.600000e+02	0.000000e+00	0.000000e+00	0.000000e+00
2.400000e+02	2.700000e+02	6.600000e+02	6.900000e+02	0.000000e+00	0.000000e+00	0.000000e+00
2.400000e+02	2.700000e+02	6.900000e+02	7.200000e+02	0.000000e+00	0.000000e+00	0.000000e+00
2.400000e+02	2.700000e+02	7.200000e+02	7.500000e+02	0.000000e+00	0.000000e+00	0.000000e+00
2.400000e+02	2.700000e+02	7.500000e+02	7.800000e+02	0.000000e+00	0.000000e+00	0.000000e+00
2.400000e+02	2.700000e+02	7.800000e+02	8.100000e+02	0.000000e+00	0.000000e+00	0.000000e+00
2.400000e+02	2.700000e+02	8.100000e+02	8.400000e+02	0.000000e+00	0.000000e+00	0.000000e+00
2.400000e+02	2.700000e+02	8.400000e+02	8.700000e+02	0.000000e+00	0.000000e+00	0.000000e+00
2.400000e+02	2.700000e+02	8.700000e+02	9.000000e+02	0.000000e+00	0.000000e+00	0.000000e+00
2.700000e+02	3.000000e+02	0.000000e+00	3.000000e+01	0.000000e+00	0.000000e+00	0.000000e+00
2.700000e+02	3.000000e+02	3.000000e+01	6.000000e+01	0.000000e+00	0.000000e+00	0.000000e+00
2.700000e+02	3.000000e+02	6.000000e+01	9.000000e+01	0.000000e+00	0.000000e+00	0.000000e+00
2.700000e+02	3.000000e+02	9.000000e+01	1.200000e+02	0.000000e+00	0.000000e+00	0.000000e+00
2.700000e+02	3.000000e+02	1.200000e+02	1.500000e+02	0.000000e+00	0.000000e+00	0.000000e+00
2.700000e+02	3.000000e+02	1.500000e+02	1.800000e+02	0.000000e+00	0.000000e+00	0.000000e+00
2.700000e+02	3.000000e+02	1.800000e+02	2.100000e+02	4.705669e-05	3.577654e-06	3.577654e-06
2.700000e+02	3.000000e+02	2.100000e+02	2.400000e+02	2.720040e-04	8.601521e-06	8.601521e-06
2.700000e+02	3.000000e+02	2.400000e+02	2.700000e+02	6.207131e-04	1.299371e-05	1.299371e-05
2.700000e+02	3.000000e+02	2.700000e+02	3.000000e+02	4.452706e-04	1.100524e-05	1.100524e-05
2.700000e+02	3.000000e+02	3.000000e+02	3.300000e+02	0.000000e+00	0.000000e+00	0.000000e+00
2.700000e+02	3.000000e+02	3.300000e+02	3.600000e+02	0.000000e+00	0.000000e+00	0.000000e+00
2.700000e+02	3.000000e+02	3.600000e+02	3.900000e+02	0.000000e+00	0.000000e+00	0.000000e+00
2.700000e+02	3.000000e+02	3.900000e+02	4.200000e+02	0.000000e+00	0.000000e+00	0.000000e+00
2.700000e+02	3.000000e+02	4.200000e+02	4.500000e+02	0.000000e+00	0.000000e+00	0.000000e+00
2.700000e+02	3.000000e+02	4.500000e+02	4.800000e+02	0.000000e+00	0.000000e+00	0.000000e+00
2.700000e+02	3.000000e+02	4.800000e+02	5.100000e+02	0.000000e+00	0.000000e+00	0.000000e+00
2.700000e+02	3.000000e+02	5.100000e+02	5.400000e+02	0.000000e+00	0.000000e+00	0.000000e+00
2.700000e+02	3.000000e+02	5.400000e+02	5.700000e+02	0.000000e+00	0.000000e+00	0.000000e+00
2.700000e+02	3.000000e+02	5.700000e+02	6.000000e+02	0.000000e+00	0.000000e+00	0.000000e+00
2.700000e+02	3.000000e+02	6.000000e+02	6.300000e+02	0.000000e+00	0.000000e+00	0.000000e+00
2.700000e+02	3.000000e+02	6.300000e+02	6.600000e+02	0.000000e+00	0.000000e+00	0.000000e+00
2.700000e+02	3.000000e+02	6.600000e+02	6.900000e+02	0.000000e+00	0.000000e+00	0.000000e+00
2.700000e+02	3.000000e+02	6.900000e+02	7.200000e+02	0.000000e+00	0.000000e+00	0.000000e+00
2.700000e+02	3.000000e+02	7.200000e+02	7.500000e+02	0.000000e+00	0.000000e+00	0.000000e+00
2.700000e+02	3.000000e+02	7.500000e+02	7.800000e+02	0.000000e+00	0.000000e+00	0.000000e+00
2.700000e+02	3.000000e+02	7.800000e+02	8.100000e+02	0.000000e+00	0.000000e+00	0.000000e+00
2.700000e+02	3.000000e+02	8.100000e+02	8.400000e+02	0.000000e+00	0.000000e+00	0.000000e+00
2.700000e+02	3.000000e+02	8.400000e+02	8.700000e+02	0.000000e+00	0.000000e+00	0.000000e+00
2.700000e+02	3.000000e+02	8.700000e+02	9.000000e+02	0.000000e+00	0.000000e+00	0.000000e+00
3.000000e+02	3.300000e+02	0.000000e+00	3.000000e+01	0.000000e+00	0.000000e+00	0.000000e+00
3.000000e+02	3.300000e+02	3.000000e+01	6.000000e+01	0.000000e+00	0.000000e+00	0.000000e+00
3.000000e+02	3.300000e+02	6.000000e+01	9.000000e+01	0.000000e+00	0.000000e+00	0.000000e+00
3.000000e+02	3.300000e+02	9.000000e+01	1.200000e+02	0.000000e+00	0.000000e+00	0.000000e+00
3.000000e+02	3.300000e+02	1.200000e+02	1.500000e+02	0.000000e+00	0.000000e+00	0.000000e+00
3.000000e+02	3.300000e+02	1.500000e+02	1.800000e+02	0.000000e+00	0.000000e+00	0.000000e+00
3.000000e+02	3.300000e+02	1.800000e+02	2.100000e+02	3.454450e-05	3.065329e-06	3.065329e-06
3.000000e+02	3.300000e+02	2.100000e+02	2.400000e+02	1.789787e-04	6.977312e-06	6.977312e-06
3.000000e+02	3.300000e+02	2.400000e+02	2.700000e+02	4.469026e-04	1.102539e-05	1.102539e-05
3.000000e+02	3.300000e+02	2.700000e+02	3.000000e+02	7.240746e-04	1.403393e-05	1.403393e-05
3.000000e+02	3.300000e+02	3.000000e+02	3.300000e+02	4.477186e-04	1.103545e-05	1.103545e-05
3.000000e+02	3.300000e+02	3.300000e+02	3.600000e+02	0.000000e+00	0.000000e+00	0.000000e+00
3.000000e+02	3.300000e+02	3.600000e+02	3.900000e+02	0.000000e+00	0.000000e+00	0.000000e+00
3.000000e+02	3.300000e+02	3.900000e+02	4.200000e+02	0.000000e+00	0.000000e+00	0.000000e+00
3.000000e+02	3.300000e+02	4.200000e+02	4.500000e+02	0.000000e+00	0.000000e+00	0.000000e+00
3.000000e+02	3.300000e+02	4.500000e+02	4.800000e+02	0.000000e+00	0.000000e+00	0.000000e+00
3.000000e+02	3.300000e+02	4.800000e+02	5.100000e+02	0.000000e+00	0.000000e+00	0.000000e+00
3.000000e+02	3.300000e+02	5.100000e+02	5.400000e+02	0.000000e+00	0.000000e+00	0.000000e+00
3.000000e+02	3.300000e+02	5.400000e+02	5.700000e+02	0.000000e+00	0.000000e+00	0.000000e+00
3.000000e+02	3.300000e+02	5.700000e+02	6.000000e+02	0.000000e+00	0.000000e+00	0.000000e+00
3.000000e+02	3.300000e+02	6.000000e+02	6.300000e+02	0.000000e+00	0.000000e+00	0.000000e+00
3.000000e+02	3.300000e+02	6.300000e+02	6.600000e+02	0.000000e+00	0.000000e+00	0.000000e+00
3.000000e+02	3.300000e+02	6.600000e+02	6.900000e+02	0.000000e+00	0.000000e+00	0.000000e+00
3.000000e+02	3.300000e+02	6.900000e+02	7.200000e+02	0.000000e+00	0.000000e+00	0.000000e+00
3.000000e+02	3.300000e+02	7.200000e+02	7.500000e+02	0.000000e+00	0.000000e+00	0.000000e+00
3.000000e+02	3.300000e+02	7.500000e+02	7.800000e+02	0.000000e+00	0.000000e+00	0.000000e+00
3.000000e+02	3.300000e+02	7.800000e+02	8.100000e+02	0.000000e+00	0.000000e+00	0.000000e+00
3.000000e+02	3.300000e+02	8.100000e+02	8.400000e+02	0.000000e+00	0.000000e+00	0.000000e+00
3.000000e+02	3.300000e+02	8.400000e+02	8.700000e+02	0.000000e+00	0.000000e+00	0.000000e+00
3.000000e+02	3.300000e+02	8.700000e+02	9.000000e+02	0.000000e+00	0.000000e+00	0.000000e+00
3.300000e+02	3.600000e+02	0.000000e+00	3.000000e+01	0.000000e+00	0.000000e+00	0.000000e+00
3.300000e+02	3.600000e+02	3.000000e+01	6.000000e+01	0.000000e+00	0.000000e+00	0.000000e+00
3.300000e+02	3.600000e+02	6.000000e+01	9.000000e+01	0.000000e+00	0.000000e+00	0.000000e+00
3.300000e+02	3.600000e+02	9.000000e+01	1.200000e+02	0.000000e+00	0.000000e+00	0.000000e+00
3.300000e+02	3.600000e+02	1.200000e+02	1.500000e+02	0.000000e+00	0.000000e+00	0.000000e+00
3.300000e+02	3.600000e+02	1.500000e+02	1.800000e+02	0.000000e+00	0.000000e+00	0.000000e+00
3.300000e+02	3.600000e+02	1.800000e+02	2.100000e+02	1.985629e-05	2.324003e-06	2.324003e-06
3.300000e+02	3.600000e+02	2.100000e+02	2.400000e+02	1.346420e-04	6.051706e-06	6.051706e-06
3.300000e+02	3.600000e+02	2.400000e+02	2.700000e+02	3.000203e-04	9.033645e-06	9.033645e-06
3.300000e+02	3.600000e+02	2.700000e+02	3.000000e+02	4.950472e-04	1.160409e-05	1.160409e-05
3.300000e+02	3.600000e+02	3.000000e+02	3.300000e+02	6.786499e-04	1.358659e-05	1.358659e-05
3.300000e+02	3.600000e+02	3.300000e+02	3.600000e+02	3.769976e-04	1.012644e-05	1.012644e-05
3.300000e+02	3.600000e+02	3.600000e+02	3.900000e+02	0.000000e+00	0.000000e+00	0.000000e+00
3.300000e+02	3.600000e+02	3.900000e+02	4.200000e+02	0.000000e+00	0.000000e+00	0.000000e+00
3.300000e+02	3.600000e+02	4.200000e+02	4.500000e+02	0.000000e+00	0.000000e+00	0.000000e+00
3.300000e+02	3.600000e+02	4.500000e+02	4.800000e+02	0.000000e+00	0.000000e+00	0.000000e+00
3.300000e+02	3.600000e+02	4.800000e+02	5.100000e+02	0.000000e+00	0.000000e+00	0.000000e+00
3.300000e+02	3.600000e+02	5.100000e+02	5.400000e+02	0.000000e+00	0.000000e+00	0.000000e+00
3.300000e+02	3.600000e+02	5.400000e+02	5.700000e+02	0.000000e+00	0.000000e+00	0.000000e+00
3.300000e+02	3.600000e+02	5.700000e+02	6.000000e+02	0.000000e+00	0.000000e+00	0.000000e+00
3.300000e+02	3.600000e+02	6.000000e+02	6.300000e+02	0.000000e+00	0.000000e+00	0.000000e+00
3.300000e+02	3.600000e+02	6.300000e+02	6.600000e+02	0.000000e+00	0.000000e+00	0.000000e+00
3.300000e+02	3.600000e+02	6.600000e+02	6.900000e+02	0.000000e+00	0.000000e+00	0.000000e+00
3.300000e+02	3.600000e+02	6.900000e+02	7.200000e+02	0.000000e+00	0.000000e+00	0.000000e+00
3.300000e+02	3.600000e+02	7.200000e+02	7.500000e+02	0.000000e+00	0.000000e+00	0.000000e+00
3.300000e+02	3.600000e+02	7.500000e+02	7.800000e+02	0.000000e+00	0.000000e+00	0.000000e+00
3.300000e+02	3.600000e+02	7.800000e+02	8.100000e+02	0.000000e+00	0.000000e+00	0.000000e+00
3.300000e+02	3.600000e+02	8.100000e+02	8.400000e+02	0.000000e+00	0.000000e+00	0.000000e+00
3.300000e+02	3.600000e+02	8.400000e+02	8.700000e+02	0.000000e+00	0.000000e+00	0.000000e+00
3.300000e+02	3.600000e+02	8.700000e+02	9.000000e+02	0.000000e+00	0.000000e+00	0.000000e+00
3.600000e+02	3.900000e+02	0.000000e+00	3.000000e+01	0.000000e+00	0.000000e+00	0.000000e+00
3.600000e+02	3.900000e+02	3.000000e+01	6.000000e+01	0.000000e+00	0.000000e+00	0.000000e+00
3.600000e+02	3.900000e+02	6.000000e+01	9.000000e+01	0.000000e+00	0.000000e+00	0.000000e+00
3.600000e+02	3.900000e+02	9.000000e+01	1.200000e+02	0.000000e+00	0.000000e+00	0.000000e+00
3.600000e+02	3.900000e+02	1.200000e+02	1.500000e+02	0.000000e+00	0.000000e+00	0.000000e+00
3.600000e+02	3.900000e+02	1.500000e+02	1.800000e+02	0.000000e+00	0.000000e+00	0.000000e+00
3.600000e+02	3.900000e+02	1.800000e+02	2.100000e+02	1.768026e-05	2.192966e-06	2.192966e-06
3.600000e+02	3.900000e+02	2.100000e+02	2.400000e+02	9.656141e-05	5.124947e-06	5.124947e-06
3.600000e+02	3.900000e+02	2.400000e+02	2.700000e+02	2.083550e-04	7.528173e-06	7.528173e-06
3.600000e+02	3.900000e+02	2.700000e+02	3.000000e+02	3.220527e-04	9.359467e-06	9.359467e-06
3.600000e+02	3.900000e+02	3.000000e+02	3.300000e+02	4.485346e-04	1.104551e-05	1.104551e-05
3.600000e+02	3.900000e+02	3.300000e+02	3.600000e+02	5.864406e-04	1.262989e-05	1.262989e-05
3.600000e+02	3.900000e+02	3.600000e+02	3.900000e+02	3.171567e-04	9.288050e-06	9.288050e-06
3.600000e+02	3.900000e+02	3.900000e+02	4.200000e+02	0.000000e+00	0.000000e+00	0.000000e+00
3.600000e+02	3.900000e+02	4.200000e+02	4.500000e+02	0.000000e+00	0.000000e+00	0.000000e+00
3.600000e+02	3.900000e+02	4.500000e+02	4.800000e+02	0.000000e+00	0.000000e+00	0.000000e+00
3.600000e+02	3.900000e+02	4.800000e+02	5.100000e+02	0.000000e+00	0.000000e+00	0.000000e+00
3.600000e+02	3.900000e+02	5.100000e+02	5.400000e+02	0.000000e+00	0.000000e+00	0.000000e+00
3.600000e+02	3.900000e+02	5.400000e+02	5.700000e+02	0.000000e+00	0.000000e+00	0.000000e+00
3.600000e+02	3.900000e+02	5.700000e+02	6.000000e+02	0.000000e+00	0.000000e+00	0.000000e+00
3.600000e+02	3.900000e+02	6.000000e+02	6.300000e+02	0.000000e+00	0.000000e+00	0.000000e+00
3.600000e+02	3.900000e+02	6.300000e+02	6.600000e+02	0.000000e+00	0.000000e+00	0.000000e+00
3.600000e+02	3.900000e+02	6.600000e+02	6.900000e+02	0.000000e+00	0.000000e+00	0.000000e+00
3.600000e+02	3.900000e+02	6.900000e+02	7.200000e+02	0.000000e+00	0.000000e+00	0.000000e+00
3.600000e+02	3.900000e+02	7.200000e+02	7.500000e+02	0.000000e+00	0.000000e+00	0.000000e+00
3.600000e+02	3.900000e+02	7.500000e+02	7.800000e+02	0.000000e+00	0.000000e+00	0.000000e+00
3.600000e+02	3.900000e+02	7.800000e+02	8.100000e+02	0.000000e+00	0.000000e+00	0.000000e+00
3.600000e+02	3.900000e+02	8.100000e+02	8.400000e+02	0.000000e+00	0.000000e+00	0.000000e+00
3.600000e+02	3.900000e+02	8.400000e+02	8.700000e+02	0.000000e+00	0.000000e+00	0.000000e+00
3.600000e+02	3.900000e+02	8.700000e+02	9.000000e+02	0.000000e+00	0.000000e+00	0.000000e+00
3.900000e+02	4.200000e+02	0.000000e+00	3.000000e+01	0.000000e+00	0.000000e+00	0.000000e+00
3.900000e+02	4.200000e+02	3.000000e+01	6.000000e+01	0.000000e+00	0.000000e+00	0.000000e+00
3.900000e+02	4.200000e+02	6.000000e+01	9.000000e+01	0.000000e+00	0.000000e+00	0.000000e+00
3.900000e+02	4.200000e+02	9.000000e+01	1.200000e+02	0.000000e+00	0.000000e+00	0.000000e+00
3.900000e+02	4.200000e+02	1.200000e+02	1.500000e+02	0.000000e+00	0.000000e+00	0.000000e+00
3.900000e+02	4.200000e+02	1.500000e+02	1.800000e+02	0.000000e+00	0.000000e+00	0.000000e+00
3.900000e+02	4.200000e+02	1.800000e+02	2.100000e+02	1.169617e-05	1.783649e-06	1.783649e-06
3.900000e+02	4.200000e+02	2.100000e+02	2.400000e+02	6.392093e-05	4.169743e-06	4.169743e-06
3.900000e+02	4.200000e+02	2.400000e+02	2.700000e+02	1.340980e-04	6.039468e-06	6.039468e-06
3.900000e+02	4.200000e+02	2.700000e+02	3.000000e+02	2.102591e-04	7.562494e-06	7.562494e-06
3.900000e+02	4.200000e+02	3.000000e+02	3.300000e+02	2.847881e-04	8.801335e-06	8.801335e-06
3.900000e+02	4.200000e+02	3.300000e+02	3.600000e+02	3.691094e-04	1.001994e-05	1.001994e-05
3.900000e+02	4.200000e+02	3.600000e+02	3.900000e+02	4.621348e-04	1.121171e-05	1.121171e-05
3.900000e+02	4.200000e+02	3.900000e+02	4.200000e+02	2.328354e-04	7.958151e-06	7.958151e-06
3.900000e+02	4.200000e+02	4.200000e+02	4.500000e+02	0.000000e+00	0.000000e+00	0.000000e+00
3.900000e+02	4.200000e+02	4.500000e+02	4.800000e+02	0.000000e+00	0.000000e+00	0.000000e+00
3.900000e+02	4.200000e+02	4.800000e+02	5.100000e+02	0.000000e+00	0.000000e+00	0.000000e+00
3.900000e+02	4.200000e+02	5.100000e+02	5.400000e+02	0.000000e+00	0.000000e+00	0.000000e+00
3.900000e+02	4.200000e+02	5.400000e+02	5.700000e+02	0.000000e+00	0.000000e+00	0.000000e+00
3.900000e+02	4.200000e+02	5.700000e+02	6.000000e+02	0.000000e+00	0.000000e+00	0.000000e+00
3.900000e+02	4.200000e+02	6.000000e+02	6.300000e+02	0.000000e+00	0.000000e+00	0.000000e+00
3.900000e+02	4.200000e+02	6.300000e+02	6.600000e+02	0.000000e+00	0.000000e+00	0.000000e+00
3.900000e+02	4.200000e+02	6.600000e+02	6.900000e+02	0.000000e+00	0.000000e+00	0.000000e+00
3.900000e+02	4.200000e+02	6.900000e+02	7.200000e+02	0.000000e+00	0.000000e+00	0.000000e+00
3.900000e+02	4.200000e+02	7.200000e+02	7.500000e+02	0.000000e+00	0.000000e+00	0.000000e+00
3.900000e+02	4.200000e+02	7.500000e+02	7.800000e+02	0.000000e+00	0.000000e+00	0.000000e+00
3.900000e+02	4.200000e+02	7.800000e+02	8.100000e+02	0.000000e+00	0.000000e+00	0.000000e+00
3.900000e+02	4.200000e+02	8.100000e+02	8.400000e+02	0.000000e+00	0.000000e+00	0.000000e+00
3.900000e+02	4.200000e+02	8.400000e+02	8.700000e+02	0.000000e+00	0.000000e+00	0.000000e+00
3.900000e+02	4.200000e+02	8.700000e+02	9.000000e+02	0.000000e+00	0.000000e+00	0.000000e+00
4.200000e+02	4.500000e+02	0.000000e+00	3.000000e+01	0.000000e+00	0.000000e+00	0.000000e+00
4.200000e+02	4.500000e+02	3.000000e+01	6.000000e+01	0.000000e+00	0.000000e+00	0.000000e+00
4.200000e+02	4.500000e+02	6.000000e+01	9.000000e+01	0.000000e+00	0.000000e+00	0.000000e+00
4.200000e+02	4.500000e+02	9.000000e+01	1.200000e+02	0.000000e+00	0.000000e+00	0.000000e+00
4.200000e+02	4.500000e+02	1.200000e+02	1.500000e+02	0.000000e+00	0.000000e+00	0.000000e+00
4.200000e+02	4.500000e+02	1.500000e+02	1.800000e+02	0.000000e+00	0.000000e+00	0.000000e+00
4.200000e+02	4.500000e+02	1.800000e+02	2.100000e+02	8.432123e-06	1.514454e-06	1.514454e-06
4.200000e+02	4.500000e+02	2.100000e+02	2.400000e+02	5.032073e-05	3.699655e-06	3.699655e-06
4.200000e+02	4.500000e+02	2.400000e+02	2.700000e+02	9.112133e-05	4.978491e-06	4.978491e-06
4.200000e+02	4.500000e+02	2.700000e+02	3.000000e+02	1.504182e-04	6.396432e-06	6.396432e-06
4.200000e+02	4.500000e+02	3.000000e+02	3.300000e+02	2.004669e-04	7.384294e-06	7.384294e-06
4.200000e+02	4.500000e+02	3.300000e+02	3.600000e+02	2.382754e-04	8.050582e-06	8.050582e-06
4.200000e+02	4.500000e+02	3.600000e+02	3.900000e+02	2.986603e-04	9.013146e-06	9.013146e-06
4.200000e+02	4.500000e+02	3.900000e+02	4.200000e+02	3.560532e-04	9.841133e-06	9.841133e-06
4.200000e+02	4.500000e+02	4.200000e+02	4.500000e+02	1.925788e-04	7.237555e-06	7.237555e-06
4.200000e+02	4.500000e+02	4.500000e+02	4.800000e+02	0.000000e+00	0.000000e+00	0.000000e+00
4.200000e+02	4.500000e+02	4.800000e+02	5.100000e+02	0.000000e+00	0.000000e+00	0.000000e+00
4.200000e+02	4.500000e+02	5.100000e+02	5.400000e+02	0.000000e+00	0.000000e+00	0.000000e+00
4.200000e+02	4.500000e+02	5.400000e+02	5.700000e+02	0.000000e+00	0.000000e+00	0.000000e+00
4.200000e+02	4.500000e+02	5.700000e+02	6.000000e+02	0.000000e+00	0.000000e+00	0.000000e+00
4.200000e+02	4.500000e+02	6.000000e+02	6.300000e+02	0.000000e+00	0.000000e+00	0.000000e+00
4.200000e+02	4.500000e+02	6.300000e+02	6.600000e+02	0.000000e+00	0.000000e+00	0.000000e+00
4.200000e+02	4.500000e+02	6.600000e+02	6.900000e+02	0.000000e+00	0.000000e+00	0.000000e+00
4.200000e+02	4.500000e+02	6.900000e+02	7.200000e+02	0.000000e+00	0.000000e+00	0.000000e+00
4.200000e+02	4.500000e+02	7.200000e+02	7.500000e+02	0.000000e+00	0.000000e+00	0.000000e+00
4.200000e+02	4.500000e+02	7.500000e+02	7.800000e+02	0.000000e+00	0.000000e+00	0.000000e+00
4.200000e+02	4.500000e+02	7.800000e+02	8.100000e+02	0.000000e+00	0.000000e+00	0.000000e+00
4.200000e+02	4.500000e+02	8.100000e+02	8.400000e+02	0.000000e+00	0.000000e+00	0.000000e+00
4.200000e+02	4.500000e+02	8.400000e+02	8.700000e+02	0.000000e+00	0.000000e+00	0.000000e+00
4.200000e+02	4.500000e+02	8.700000e+02	9.000000e+02	0.000000e+00	0.000000e+00	0.000000e+00
4.500000e+02	4.800000e+02	0.000000e+00	3.000000e+01	0.000000e+00	0.000000e+00	0.000000e+00
4.500000e+02	4.800000e+02	3.000000e+01	6.000000e+01	0.000000e+00	0.000000e+00	0.000000e+00
4.500000e+02	4.800000e+02	6.000000e+01	9.000000e+01	0.000000e+00	0.000000e+00	0.000000e+00
4.500000e+02	4.800000e+02	9.000000e+01	1.200000e+02	0.000000e+00	0.000000e+00	0.000000e+00
4.500000e+02	4.800000e+02	1.200000e+02	1.500000e+02	0.000000e+00	0.000000e+00	0.000000e+00
4.500000e+02	4.800000e+02	1.500000e+02	1.800000e+02	0.000000e+00	0.000000e+00	0.000000e+00
4.500000e+02	4.800000e+02	1.800000e+02	2.100000e+02	6.800099e-06	1.360020e-06	1.360020e-06
4.500000e+02	4.800000e+02	2.100000e+02	2.400000e+02	3.291248e-05	2.992044e-06	2.992044e-06
4.500000e+02	4.800000e+02	2.400000e+02	2.700000e+02	6.772899e-05	4.292150e-06	4.292150e-06
4.500000e+02	4.800000e+02	2.700000e+02	3.000000e+02	1.120657e-04	5.521077e-06	5.521077e-06
4.500000e+02	4.800000e+02	3.000000e+02	3.300000e+02	1.357300e-04	6.076109e-06	6.076109e-06
4.500000e+02	4.800000e+02	3.300000e+02	3.600000e+02	1.531382e-04	6.454007e-06	6.454007e-06
4.500000e+02	4.800000e+02	3.600000e+02	3.900000e+02	1.925788e-04	7.237555e-06	7.237555e-06
4.500000e+02	4.800000e+02	3.900000e+02	4.200000e+02	2.347394e-04	7.990623e-06	7.990623e-06
4.500000e+02	4.800000e+02	4.200000e+02	4.500000e+02	2.679239e-04	8.536766e-06	8.536766e-06
4.500000e+02	4.800000e+02	4.500000e+02	4.800000e+02	1.408981e-04	6.190705e-06	6.190705e-06
4.500000e+02	4.800000e+02	4.800000e+02	5.100000e+02	0.000000e+00	0.000000e+00	0.000000e+00
4.500000e+02	4.800000e+02	5.100000e+02	5.400000e+02	0.000000e+00	0.000000e+00	0.000000e+00
4.500000e+02	4.800000e+02	5.400000e+02	5.700000e+02	0.000000e+00	0.000000e+00	0.000000e+00
4.500000e+02	4.800000e+02	5.700000e+02	6.000000e+02	0.000000e+00	0.000000e+00	0.000000e+00
4.500000e+02	4.800000e+02	6.000000e+02	6.300000e+02	0.000000e+00	0.000000e+00	0.000000e+00
4.500000e+02	4.800000e+02	6.300000e+02	6.600000e+02	0.000000e+00	0.000000e+00	0.000000e+00
4.500000e+02	4.800000e+02	6.600000e+02	6.900000e+02	0.000000e+00	0.000000e+00	0.000000e+00
4.500000e+02	4.800000e+02	6.900000e+02	7.200000e+02	0.000000e+00	0.000000e+00	0.000000e+00
4.500000e+02	4.800000e+02	7.200000e+02	7.500000e+02	0.000000e+00	0.000000e+00	0.000000e+00
4.500000e+02	4.800000e+02	7.500000e+02	7.800000e+02	0.000000e+00	0.000000e+00	0.000000e+00
4.500000e+02	4.800000e+02	7.800000e+02	8.100000e+02	0.000000e+00	0.000000e+00	0.000000e+00
4.500000e+02	4.800000e+02	8.100000e+02	8.400000e+02	0.000000e+00	0.000000e+00	0.000000e+00
4.500000e+02	4.800000e+02	8.400000e+02	8.700000e+02	0.000000e+00	0.000000e+00	0.000000e+00
4.500000e+02	4.800000e+02	8.700000e+02	9.000000e+02	0.000000e+00	0.000000e+00	0.000000e+00
4.800000e+02	5.100000e+02	0.000000e+00	3.000000e+01	0.000000e+00	0.000000e+00	0.000000e+00
4.800000e+02	5.100000e+02	3.000000e+01	6.000000e+01	0.000000e+00	0.000000e+00	0.000000e+00
4.800000e+02	5.100000e+02	6.000000e+01	9.000000e+01	0.000000e+00	0.000000e+00	0.000000e+00
4.800000e+02	5.100000e+02	9.000000e+01	1.200000e+02	0.000000e+00	0.000000e+00	0.000000e+00
4.800000e+02	5.100000e+02	1.200000e+02	1.500000e+02	0.000000e+00	0.000000e+00	0.000000e+00
4.800000e+02	5.100000e+02	1.500000e+02	1.800000e+02	0.000000e+00	0.000000e+00	0.000000e+00
4.800000e+02	5.100000e+02	1.800000e+02	2.100000e+02	4.352063e-06	1.088016e-06	1.088016e-06
4.800000e+02	5.100000e+02	2.100000e+02	2.400000e+02	2.828841e-05	2.773907e-06	2.773907e-06
4.800000e+02	5.100000e+02	2.400000e+02	2.700000e+02	4.787270e-05	3.608541e-06	3.608541e-06
4.800000e+02	5.100000e+02	2.700000e+02	3.000000e+02	7.153704e-05	4.411163e-06	4.411163e-06
4.800000e+02	5.100000e+02	3.000000e+02	3.300000e+02	9.955346e-05	5.203743e-06	5.203743e-06
4.800000e+02	5.100000e+02	3.300000e+02	3.600000e+02	1.177777e-04	5.660036e-06	5.660036e-06
4.800000e+02	5.100000e+02	3.600000e+02	3.900000e+02	1.365460e-04	6.094346e-06	6.094346e-06
4.800000e+02	5.100000e+02	3.900000e+02	4.200000e+02	1.539542e-04	6.471180e-06	6.471180e-06
4.800000e+02	5.100000e+02	4.200000e+02	4.500000e+02	1.969309e-04	7.318879e-06	7.318879e-06
4.800000e+02	5.100000e+02	4.500000e+02	4.800000e+02	2.208672e-04	7.750920e-06	7.750920e-06
4.800000e+02	5.100000e+02	4.800000e+02	5.100000e+02	1.049935e-04	5.344030e-06	5.344030e-06
4.800000e+02	5.100000e+02	5.100000e+02	5.400000e+02	0.000000e+00	0.000000e+00	0.000000e+00
4.800000e+02	5.100000e+02	5.400000e+02	5.700000e+02	0.000000e+00	0.000000e+00	0.000000e+00
4.800000e+02	5.100000e+02	5.700000e+02	6.000000e+02	0.000000e+00	0.000000e+00	0.000000e+00
4.800000e+02	5.100000e+02	6.000000e+02	6.300000e+02	0.000000e+00	0.000000e+00	0.000000e+00
4.800000e+02	5.100000e+02	6.300000e+02	6.600000e+02	0.000000e+00	0.000000e+00	0.000000e+00
4.800000e+02	5.100000e+02	6.600000e+02	6.900000e+02	0.000000e+00	0.000000e+00	0.000000e+00
4.800000e+02	5.100000e+02	6.900000e+02	7.200000e+02	0.000000e+00	0.000000e+00	0.000000e+00
4.800000e+02	5.100000e+02	7.200000e+02	7.500000e+02	0.000000e+00	0.000000e+00	0.000000e+00
4.800000e+02	5.100000e+02	7.500000e+02	7.800000e+02	0.000000e+00	0.000000e+00	0.000000e+00
4.800000e+02	5.100000e+02	7.800000e+02	8.100000e+02	0.000000e+00	0.000000e+00	0.000000e+00
4.800000e+02	5.100000e+02	8.100000e+02	8.400000e+02	0.000000e+00	0.000000e+00	0.000000e+00
4.800000e+02	5.100000e+02	8.400000e+02	8.700000e+02	0.000000e+00	0.000000e+00	0.000000e+00
4.800000e+02	5.100000e+02	8.700000e+02	9.000000e+02	0.000000e+00	0.000000e+00	0.000000e+00
5.100000e+02	5.400000e+02	0.000000e+00	3.000000e+01	0.000000e+00	0.000000e+00	0.000000e+00
5.100000e+02	5.400000e+02	3.000000e+01	6.000000e+01	0.000000e+00	0.000000e+00	0.000000e+00
5.100000e+02	5.400000e+02	6.000000e+01	9.000000e+01	0.000000e+00	0.000000e+00	0.000000e+00
5.100000e+02	5.400000e+02	9.000000e+01	1.200000e+02	0.000000e+00	0.000000e+00	0.000000e+00
5.100000e+02	5.400000e+02	1.200000e+02	1.500000e+02	0.000000e+00	0.000000e+00	0.000000e+00
5.100000e+02	5.400000e+02	1.500000e+02	1.800000e+02	0.000000e+00	0.000000e+00	0.000000e+00
5.100000e+02	5.400000e+02	1.800000e+02	2.100000e+02	2.176032e-06	7.693434e-07	7.693434e-07
5.100000e+02	5.400000e+02	2.100000e+02	2.400000e+02	1.441621e-05	1.980219e-06	1.980219e-06
5.100000e+02	5.400000e+02	2.400000e+02	2.700000e+02	3.644853e-05	3.148674e-06	3.148674e-06
5.100000e+02	5.400000e+02	2.700000e+02	3.000000e+02	5.168076e-05	3.749316e-06	3.749316e-06
5.100000e+02	5.400000e+02	3.000000e+02	3.300000e+02	6.990502e-05	4.360556e-06	4.360556e-06
5.100000e+02	5.400000e+02	3.300000e+02	3.600000e+02	8.921730e-05	4.926201e-06	4.926201e-06
5.100000e+02	5.400000e+02	3.600000e+02	3.900000e+02	9.846544e-05	5.175228e-06	5.175228e-06
5.100000e+02	5.400000e+02	3.900000e+02	4.200000e+02	1.139697e-04	5.567782e-06	5.567782e-06
5.100000e+02	5.400000e+02	4.200000e+02	4.500000e+02	1.259379e-04	5.852828e-06	5.852828e-06
5.100000e+02	5.400000e+02	4.500000e+02	4.800000e+02	1.373620e-04	6.112529e-06	6.112529e-06
5.100000e+02	5.400000e+02	4.800000e+02	5.100000e+02	1.765306e-04	6.929432e-06	6.929432e-06
5.100000e+02	5.400000e+02	5.100000e+02	5.400000e+02	8.214520e-05	4.726926e-06	4.726926e-06
5.100000e+02	5.400000e+02	5.400000e+02	5.700000e+02	0.000000e+00	0.000000e+00	0.000000e+00
5.100000e+02	5.400000e+02	5.700000e+02	6.000000e+02	0.000000e+00	0.000000e+00	0.000000e+00
5.100000e+02	5.400000e+02	6.000000e+02	6.300000e+02	0.000000e+00	0.000000e+00	0.000000e+00
5.100000e+02	5.400000e+02	6.300000e+02	6.600000e+02	0.000000e+00	0.000000e+00	0.000000e+00
5.100000e+02	5.400000e+02	6.600000e+02	6.900000e+02	0.000000e+00	0.000000e+00	0.000000e+00
5.100000e+02	5.400000e+02	6.900000e+02	7.200000e+02	0.000000e+00	0.000000e+00	0.000000e+00
5.100000e+02	5.400000e+02	7.200000e+02	7.500000e+02	0.000000e+00	0.000000e+00	0.000000e+00
5.100000e+02	5.400000e+02	7.500000e+02	7.800000e+02	0.000000e+00	0.000000e+00	0.000000e+00
5.100000e+02	5.400000e+02	7.800000e+02	8.100000e+02	0.000000e+00	0.000000e+00	0.000000e+00
5.100000e+02	5.400000e+02	8.100000e+02	8.400000e+02	0.000000e+00	0.000000e+00	0.000000e+00
5.100000e+02	5.400000e+02	8.400000e+02	8.700000e+02	0.000000e+00	0.000000e+00	0.000000e+00
5.100000e+02	5.400000e+02	8.700000e+02	9.000000e+02	0.000000e+00	0.000000e+00	0.000000e+00
5.400000e+02	5.700000e+02	0.000000e+00	3.000000e+01	0.000000e+00	0.000000e+00	0.000000e+00
5.400000e+02	5.700000e+02	3.000000e+01	6.000000e+01	0.000000e+00	0.000000e+00	0.000000e+00
5.400000e+02	5.700000e+02	6.000000e+01	9.000000e+01	0.000000e+00	0.000000e+00	0.000000e+00
5.400000e+02	5.700000e+02	9.000000e+01	1.200000e+02	0.000000e+00	0.000000e+00	0.000000e+00
5.400000e+02	5.700000e+02	1.200000e+02	1.500000e+02	0.000000e+00	0.000000e+00	0.000000e+00
5.400000e+02	5.700000e+02	1.500000e+02	1.800000e+02	0.000000e+00	0.000000e+00	0.000000e+00
5.400000e+02	5.700000e+02	1.800000e+02	2.100000e+02	1.904028e-06	7.196548e-07	7.196548e-07
5.400000e+02	5.700000e+02	2.100000e+02	2.400000e+02	1.822427e-05	2.226448e-06	2.226448e-06
5.400000e+02	5.700000e+02	2.400000e+02	2.700000e+02	2.720040e-05	2.720040e-06	2.720040e-06
5.400000e+02	5.700000e+02	2.700000e+02	3.000000e+02	4.107260e-05	3.342441e-06	3.342441e-06
5.400000e+02	5.700000e+02	3.000000e+02	3.300000e+02	5.249677e-05	3.778801e-06	3.778801e-06
5.400000e+02	5.700000e+02	3.300000e+02	3.600000e+02	6.120090e-05	4.080060e-06	4.080060e-06
5.400000e+02	5.700000e+02	3.600000e+02	3.900000e+02	7.180904e-05	4.419541e-06	4.419541e-06
5.400000e+02	5.700000e+02	3.900000e+02	4.200000e+02	8.105719e-05	4.695517e-06	4.695517e-06
5.400000e+02	5.700000e+02	4.200000e+02	4.500000e+02	8.758528e-05	4.880937e-06	4.880937e-06
5.400000e+02	5.700000e+02	4.500000e+02	4.800000e+02	1.117937e-04	5.514373e-06	5.514373e-06
5.400000e+02	5.700000e+02	4.800000e+02	5.100000e+02	1.036335e-04	5.309306e-06	5.309306e-06
5.400000e+02	5.700000e+02	5.100000e+02	5.400000e+02	1.267539e-04	5.871759e-06	5.871759e-06
5.400000e+02	5.700000e+02	5.400000e+02	5.700000e+02	6.528096e-05	4.213867e-06	4.213867e-06
5.400000e+02	5.700000e+02	5.700000e+02	6.000000e+02	0.000000e+00	0.000000e+00	0.000000e+00
5.400000e+02	5.700000e+02	6.000000e+02	6.300000e+02	0.000000e+00	0.000000e+00	0.000000e+00
5.400000e+02	5.700000e+02	6.300000e+02	6.600000e+02	0.000000e+00	0.000000e+00	0.000000e+00
5.400000e+02	5.700000e+02	6.600000e+02	6.900000e+02	0.000000e+00	0.000000e+00	0.000000e+00
5.400000e+02	5.700000e+02	6.900000e+02	7.200000e+02	0.000000e+00	0.000000e+00	0.000000e+00
5.400000e+02	5.700000e+02	7.200000e+02	7.500000e+02	0.000000e+00	0.000000e+00	0.000000e+00
5.400000e+02	5.700000e+02	7.500000e+02	7.800000e+02	0.000000e+00	0.000000e+00	0.000000e+00
5.400000e+02	5.700000e+02	7.800000e+02	8.100000e+02	0.000000e+00	0.000000e+00	0.000000e+00
5.400000e+02	5.700000e+02	8.100000e+02	8.400000e+02	0.000000e+00	0.000000e+00	0.000000e+00
5.400000e+02	5.700000e+02	8.400000e+02	8.700000e+02	0.000000e+00	0.000000e+00	0.000000e+00
5.400000e+02	5.700000e+02	8.700000e+02	9.000000e+02	0.000000e+00	0.000000e+00	0.000000e+00
5.700000e+02	6.000000e+02	0.000000e+00	3.000000e+01	0.000000e+00	0.000000e+00	0.000000e+00
5.700000e+02	6.000000e+02	3.000000e+01	6.000000e+01	0.000000e+00	0.000000e+00	0.000000e+00
5.700000e+02	6.000000e+02	6.000000e+01	9.000000e+01	0.000000e+00	0.000000e+00	0.000000e+00
5.700000e+02	6.000000e+02	9.000000e+01	1.200000e+02	0.000000e+00	0.000000e+00	0.000000e+00
5.700000e+02	6.000000e+02	1.200000e+02	1.500000e+02	0.000000e+00	0.000000e+00	0.000000e+00
5.700000e+02	6.000000e+02	1.500000e+02	1.800000e+02	0.000000e+00	0.000000e+00	0.000000e+00
5.700000e+02	6.000000e+02	1.800000e+02	2.100000e+02	1.632023e-06	6.662710e-07	6.662710e-07
5.700000e+02	6.000000e+02	2.100000e+02	2.400000e+02	1.224018e-05	1.824658e-06	1.824658e-06
5.700000e+02	6.000000e+02	2.400000e+02	2.700000e+02	1.849627e-05	2.243002e-06	2.243002e-06
5.700000e+02	6.000000e+02	2.700000e+02	3.000000e+02	2.720040e-05	2.720040e-06	2.720040e-06
5.700000e+02	6.000000e+02	3.000000e+02	3.300000e+02	3.726454e-05	3.183725e-06	3.183725e-06
5.700000e+02	6.000000e+02	3.300000e+02	3.600000e+02	4.324863e-05	3.429840e-06	3.429840e-06
5.700000e+02	6.000000e+02	3.600000e+02	3.900000e+02	6.038488e-05	4.052768e-06	4.052768e-06
5.700000e+02	6.000000e+02	3.900000e+02	4.200000e+02	5.793684e-05	3.969767e-06	3.969767e-06
5.700000e+02	6.000000e+02	4.200000e+02	4.500000e+02	6.256091e-05	4.125144e-06	4.125144e-06
5.700000e+02	6.000000e+02	4.500000e+02	4.800000e+02	7.208106e-05	4.427904e-06	4.427904e-06
5.700000e+02	6.000000e+02	4.800000e+02	5.100000e+02	8.840129e-05	4.903622e-06	4.903622e-06
5.700000e+02	6.000000e+02	5.100000e+02	5.400000e+02	8.976131e-05	4.941197e-06	4.941197e-06
5.700000e+02	6.000000e+02	5.400000e+02	5.700000e+02	1.028175e-04	5.288361e-06	5.288361e-06
5.700000e+02	6.000000e+02	5.700000e+02	6.000000e+02	5.331278e-05	3.808055e-06	3.808055e-06
5.700000e+02	6.000000e+02	6.000000e+02	6.300000e+02	0.000000e+00	0.000000e+00	0.000000e+00
5.700000e+02	6.000000e+02	6.300000e+02	6.600000e+02	0.000000e+00	0.000000e+00	0.000000e+00
5.700000e+02	6.000000e+02	6.600000e+02	6.900000e+02	0.000000e+00	0.000000e+00	0.000000e+00
5.700000e+02	6.000000e+02	6.900000e+02	7.200000e+02	0.000000e+00	0.000000e+00	0.000000e+00
5.700000e+02	6.000000e+02	7.200000e+02	7.500000e+02	0.000000e+00	0.000000e+00	0.000000e+00
5.700000e+02	6.000000e+02	7.500000e+02	7.800000e+02	0.000000e+00	0.000000e+00	0.000000e+00
5.700000e+02	6.000000e+02	7.800000e+02	8.100000e+02	0.000000e+00	0.000000e+00	0.000000e+00
5.700000e+02	6.000000e+02	8.100000e+02	8.400000e+02	0.000000e+00	0.000000e+00	0.000000e+00
5.700000e+02	6.000000e+02	8.400000e+02	8.700000e+02	0.000000e+00	0.000000e+00	0.000000e+00
5.700000e+02	6.000000e+02	8.700000e+02	9.000000e+02	0.000000e+00	0.000000e+00	0.000000e+00
6.000000e+02	6.300000e+02	0.000000e+00	3.000000e+01	0.000000e+00	0.000000e+00	0.000000e+00
6.000000e+02	6.300000e+02	3.000000e+01	6.000000e+01	0.000000e+00	0.000000e+00	0.000000e+00
6.000000e+02	6.300000e+02	6.000000e+01	9.000000e+01	0.000000e+00	0.000000e+00	0.000000e+00
6.000000e+02	6.300000e+02	9.000000e+01	1.200000e+02	0.000000e+00	0.000000e+00	0.000000e+00
6.000000e+02	6.300000e+02	1.200000e+02	1.500000e+02	0.000000e+00	0.000000e+00	0.000000e+00
6.000000e+02	6.300000e+02	1.500000e+02	1.800000e+02	0.000000e+00	0.000000e+00	0.000000e+00
6.000000e+02	6.300000e+02	1.800000e+02	2.100000e+02	1.904028e-06	7.196548e-07	7.196548e-07
6.000000e+02	6.300000e+02	2.100000e+02	2.400000e+02	7.344108e-06	1.413374e-06	1.413374e-06
6.000000e+02	6.300000e+02	2.400000e+02	2.700000e+02	1.931228e-05	2.291946e-06	2.291946e-06
6.000000e+02	6.300000e+02	2.700000e+02	3.000000e+02	2.203232e-05	2.448036e-06	2.448036e-06
6.000000e+02	6.300000e+02	3.000000e+02	3.300000e+02	2.665639e-05	2.692702e-06	2.692702e-06
6.000000e+02	6.300000e+02	3.300000e+02	3.600000e+02	2.393634e-05	2.551624e-06	2.551624e-06
6.000000e+02	6.300000e+02	3.600000e+02	3.900000e+02	3.780856e-05	3.206880e-06	3.206880e-06
6.000000e+02	6.300000e+02	3.900000e+02	4.200000e+02	4.080060e-05	3.331355e-06	3.331355e-06
6.000000e+02	6.300000e+02	4.200000e+02	4.500000e+02	4.705669e-05	3.577654e-06	3.577654e-06
6.000000e+02	6.300000e+02	4.500000e+02	4.800000e+02	5.576081e-05	3.894504e-06	3.894504e-06
6.000000e+02	6.300000e+02	4.800000e+02	5.100000e+02	5.603282e-05	3.903991e-06	3.903991e-06
6.000000e+02	6.300000e+02	5.100000e+02	5.400000e+02	6.147290e-05	4.089117e-06	4.089117e-06
6.000000e+02	6.300000e+02	5.400000e+02	5.700000e+02	7.425709e-05	4.494243e-06	4.494243e-06
6.000000e+02	6.300000e+02	5.700000e+02	6.000000e+02	8.459323e-05	4.796842e-06	4.796842e-06
6.000000e+02	6.300000e+02	6.000000e+02	6.300000e+02	3.862457e-05	3.241301e-06	3.241301e-06
6.000000e+02	6.300000e+02	6.300000e+02	6.600000e+02	0.000000e+00	0.000000e+00	0.000000e+00
6.000000e+02	6.300000e+02	6.600000e+02	6.900000e+02	0.000000e+00	0.000000e+00	0.000000e+00
6.000000e+02	6.300000e+02	6.900000e+02	7.200000e+02	0.000000e+00	0.000000e+00	0.000000e+00
6.000000e+02	6.300000e+02	7.200000e+02	7.500000e+02	0.000000e+00	0.000000e+00	0.000000e+00
6.000000e+02	6.300000e+02	7.500000e+02	7.800000e+02	0.000000e+00	0.000000e+00	0.000000e+00
6.000000e+02	6.300000e+02	7.800000e+02	8.100000e+02	0.000000e+00	0.000000e+00	0.000000e+00
6.000000e+02	6.300000e+02	8.100000e+02	8.400000e+02	0.000000e+00	0.000000e+00	0.000000e+00
6.000000e+02	6.300000e+02	8.400000e+02	8.700000e+02	0.000000e+00	0.000000e+00	0.000000e+00
6.000000e+02	6.300000e+02	8.700000e+02	9.000000e+02	0.000000e+00	0.000000e+00	0.000000e+00
6.300000e+02	6.600000e+02	0.000000e+00	3.000000e+01	0.000000e+00	0.000000e+00	0.000000e+00
6.300000e+02	6.600000e+02	3.000000e+01	6.000000e+01	0.000000e+00	0.000000e+00	0.000000e+00
6.300000e+02	6.600000e+02	6.000000e+01	9.000000e+01	0.000000e+00	0.000000e+00	0.000000e+00
6.300000e+02	6.600000e+02	9.000000e+01	1.200000e+02	0.000000e+00	0.000000e+00	0.000000e+00
6.300000e+02	6.600000e+02	1.200000e+02	1.500000e+02	0.000000e+00	0.000000e+00	0.000000e+00
6.300000e+02	6.600000e+02	1.500000e+02	1.800000e+02	0.000000e+00	0.000000e+00	0.000000e+00
6.300000e+02	6.600000e+02	1.800000e+02	2.100000e+02	1.360020e-06	6.082194e-07	6.082194e-07
6.300000e+02	6.600000e+02	2.100000e+02	2.400000e+02	6.256091e-06	1.304485e-06	1.304485e-06
6.300000e+02	6.600000e+02	2.400000e+02	2.700000e+02	1.251218e-05	1.844821e-06	1.844821e-06
6.300000e+02	6.600000e+02	2.700000e+02	3.000000e+02	1.768026e-05	2.192966e-06	2.192966e-06
6.300000e+02	6.600000e+02	3.000000e+02	3.300000e+02	1.876828e-05	2.259435e-06	2.259435e-06
6.300000e+02	6.600000e+02	3.300000e+02	3.600000e+02	2.420836e-05	2.566080e-06	2.566080e-06
6.300000e+02	6.600000e+02	3.600000e+02	3.900000e+02	2.910442e-05	2.813631e-06	2.813631e-06
6.300000e+02	6.600000e+02	3.900000e+02	4.200000e+02	3.617653e-05	3.136903e-06	3.136903e-06
6.300000e+02	6.600000e+02	4.200000e+02	4.500000e+02	3.998459e-05	3.297873e-06	3.297873e-06
6.300000e+02	6.600000e+02	4.500000e+02	4.800000e+02	4.107260e-05	3.342441e-06	3.342441e-06
6.300000e+02	6.600000e+02	4.800000e+02	5.100000e+02	4.188861e-05	3.375481e-06	3.375481e-06
6.300000e+02	6.600000e+02	5.100000e+02	5.400000e+02	4.379264e-05	3.451343e-06	3.451343e-06
6.300000e+02	6.600000e+02	5.400000e+02	5.700000e+02	5.113674e-05	3.729530e-06	3.729530e-06
6.300000e+02	6.600000e+02	5.700000e+02	6.000000e+02	6.228891e-05	4.116167e-06	4.116167e-06
6.300000e+02	6.600000e+02	6.000000e+02	6.300000e+02	6.120090e-05	4.080060e-06	4.080060e-06
6.300000e+02	6.600000e+02	6.300000e+02	6.600000e+02	3.345649e-05	3.016670e-06	3.016670e-06
6.300000e+02	6.600000e+02	6.600000e+02	6.900000e+02	0.000000e+00	0.000000e+00	0.000000e+00
6.300000e+02	6.600000e+02	6.900000e+02	7.200000e+02	0.000000e+00	0.000000e+00	0.000000e+00
6.300000e+02	6.600000e+02	7.200000e+02	7.500000e+02	0.000000e+00	0.000000e+00	0.000000e+00
6.300000e+02	6.600000e+02	7.500000e+02	7.800000e+02	0.000000e+00	0.000000e+00	0.000000e+00
6.300000e+02	6.600000e+02	7.800000e+02	8.100000e+02	0.000000e+00	0.000000e+00	0.000000e+00
6.300000e+02	6.600000e+02	8.100000e+02	8.400000e+02	0.000000e+00	0.000000e+00	0.000000e+00
6.300000e+02	6.600000e+02	8.400000e+02	8.700000e+02	0.000000e+00	0.000000e+00	0.000000e+00
6.300000e+02	6.600000e+02	8.700000e+02	9.000000e+02	0.000000e+00	0.000000e+00	0.000000e+00
6.600000e+02	6.900000e+02	0.000000e+00	3.000000e+01	0.000000e+00	0.000000e+00	0.000000e+00
6.600000e+02	6.900000e+02	3.000000e+01	6.000000e+01	0.000000e+00	0.000000e+00	0.000000e+00
6.600000e+02	6.900000e+02	6.000000e+01	9.000000e+01	0.000000e+00	0.000000e+00	0.000000e+00
6.600000e+02	6.900000e+02	9.000000e+01	1.200000e+02	0.000000e+00	0.000000e+00	0.000000e+00
6.600000e+02	6.900000e+02	1.200000e+02	1.500000e+02	0.000000e+00	0.000000e+00	0.000000e+00
6.600000e+02	6.900000e+02	1.500000e+02	1.800000e+02	0.000000e+00	0.000000e+00	0.000000e+00
6.600000e+02	6.900000e+02	1.800000e+02	2.100000e+02	1.088016e-06	5.440080e-07	5.440080e-07
6.600000e+02	6.900000e+02	2.100000e+02	2.400000e+02	4.624068e-06	1.121501e-06	1.121501e-06
6.600000e+02	6.900000e+02	2.400000e+02	2.700000e+02	8.160119e-06	1.489827e-06	1.489827e-06
6.600000e+02	6.900000e+02	2.700000e+02	3.000000e+02	1.523222e-05	2.035491e-06	2.035491e-06
6.600000e+02	6.900000e+02	3.000000e+02	3.300000e+02	1.740826e-05	2.176032e-06	2.176032e-06
6.600000e+02	6.900000e+02	3.300000e+02	3.600000e+02	1.795227e-05	2.209771e-06	2.209771e-06
6.600000e+02	6.900000e+02	3.600000e+02	3.900000e+02	2.584038e-05	2.651167e-06	2.651167e-06
6.600000e+02	6.900000e+02	3.900000e+02	4.200000e+02	2.393634e-05	2.551624e-06	2.551624e-06
6.600000e+02	6.900000e+02	4.200000e+02	4.500000e+02	2.964843e-05	2.839805e-06	2.839805e-06
6.600000e+02	6.900000e+02	4.500000e+02	4.800000e+02	3.073644e-05	2.891442e-06	2.891442e-06
6.600000e+02	6.900000e+02	4.800000e+02	5.100000e+02	3.454450e-05	3.065329e-06	3.065329e-06
6.600000e+02	6.900000e+02	5.100000e+02	5.400000e+02	3.400050e-05	3.041097e-06	3.041097e-06
6.600000e+02	6.900000e+02	5.400000e+02	5.700000e+02	3.644853e-05	3.148674e-06	3.148674e-06
6.600000e+02	6.900000e+02	5.700000e+02	6.000000e+02	3.753654e-05	3.195323e-06	3.195323e-06
6.600000e+02	6.900000e+02	6.000000e+02	6.300000e+02	4.243262e-05	3.397329e-06	3.397329e-06
6.600000e+02	6.900000e+02	6.300000e+02	6.600000e+02	4.950472e-05	3.669534e-06	3.669534e-06
6.600000e+02	6.900000e+02	6.600000e+02	6.900000e+02	2.992043e-05	2.852802e-06	2.852802e-06
6.600000e+02	6.900000e+02	6.900000e+02	7.200000e+02	0.000000e+00	0.000000e+00	0.000000e+00
6.600000e+02	6.900000e+02	7.200000e+02	7.500000e+02	0.000000e+00	0.000000e+00	0.000000e+00
6.600000e+02	6.900000e+02	7.500000e+02	7.800000e+02	0.000000e+00	0.000000e+00	0.000000e+00
6.600000e+02	6.900000e+02	7.800000e+02	8.100000e+02	0.000000e+00	0.000000e+00	0.000000e+00
6.600000e+02	6.900000e+02	8.100000e+02	8.400000e+02	0.000000e+00	0.000000e+00	0.000000e+00
6.600000e+02	6.900000e+02	8.400000e+02	8.700000e+02	0.000000e+00	0.000000e+00	0.000000e+00
6.600000e+02	6.900000e+02	8.700000e+02	9.000000e+02	0.000000e+00	0.000000e+00	0.000000e+00
6.900000e+02	7.200000e+02	0.000000e+00	3.000000e+01	0.000000e+00	0.000000e+00	0.000000e+00
6.900000e+02	7.200000e+02	3.000000e+01	6.000000e+01	0.000000e+00	0.000000e+00	0.000000e+00
6.900000e+02	7.200000e+02	6.000000e+01	9.000000e+01	0.000000e+00	0.000000e+00	0.000000e+00
6.900000e+02	7.200000e+02	9.000000e+01	1.200000e+02	0.000000e+00	0.000000e+00	0.000000e+00
6.900000e+02	7.200000e+02	1.200000e+02	1.500000e+02	0.000000e+00	0.000000e+00	0.000000e+00
6.900000e+02	7.200000e+02	1.500000e+02	1.800000e+02	0.000000e+00	0.000000e+00	0.000000e+00
6.900000e+02	7.200000e+02	1.800000e+02	2.100000e+02	8.160119e-07	4.711247e-07	4.711247e-07
6.900000e+02	7.200000e+02	2.100000e+02	2.400000e+02	5.984088e-06	1.275812e-06	1.275812e-06
6.900000e+02	7.200000e+02	2.400000e+02	2.700000e+02	8.704127e-06	1.538687e-06	1.538687e-06
6.900000e+02	7.200000e+02	2.700000e+02	3.000000e+02	1.142417e-05	1.762787e-06	1.762787e-06
6.900000e+02	7.200000e+02	3.000000e+02	3.300000e+02	1.169617e-05	1.783649e-06	1.783649e-06
6.900000e+02	7.200000e+02	3.300000e+02	3.600000e+02	1.468821e-05	1.998813e-06	1.998813e-06
6.900000e+02	7.200000e+02	3.600000e+02	3.900000e+02	1.740826e-05	2.176032e-06	2.176032e-06
6.900000e+02	7.200000e+02	3.900000e+02	4.200000e+02	1.904028e-05	2.275748e-06	2.275748e-06
6.900000e+02	7.200000e+02	4.200000e+02	4.500000e+02	2.420836e-05	2.566080e-06	2.566080e-06
6.900000e+02	7.200000e+02	4.500000e+02	4.800000e+02	2.420836e-05	2.566080e-06	2.566080e-06
6.900000e+02	7.200000e+02	4.800000e+02	5.100000e+02	2.339234e-05	2.522461e-06	2.522461e-06
6.900000e+02	7.200000e+02	5.100000e+02	5.400000e+02	2.176032e-05	2.432877e-06	2.432877e-06
6.900000e+02	7.200000e+02	5.400000e+02	5.700000e+02	2.910442e-05	2.813631e-06	2.813631e-06
6.900000e+02	7.200000e+02	5.700000e+02	6.000000e+02	2.910442e-05	2.813631e-06	2.813631e-06
6.900000e+02	7.200000e+02	6.000000e+02	6.300000e+02	3.318449e-05	3.004382e-06	3.004382e-06
6.900000e+02	7.200000e+02	6.300000e+02	6.600000e+02	3.699254e-05	3.172084e-06	3.172084e-06
6.900000e+02	7.200000e+02	6.600000e+02	6.900000e+02	4.270462e-05	3.408200e-06	3.408200e-06
6.900000e+02	7.200000e+02	6.900000e+02	7.200000e+02	1.713626e-05	2.158965e-06	2.158965e-06
6.900000e+02	7.200000e+02	7.200000e+02	7.500000e+02	0.000000e+00	0.000000e+00	0.000000e+00
6.900000e+02	7.200000e+02	7.500000e+02	7.800000e+02	0.000000e+00	0.000000e+00	0.000000e+00
6.900000e+02	7.200000e+02	7.800000e+02	8.100000e+02	0.000000e+00	0.000000e+00	0.000000e+00
6.900000e+02	7.200000e+02	8.100000e+02	8.400000e+02	0.000000e+00	0.000000e+00	0.000000e+00
6.900000e+02	7.200000e+02	8.400000e+02	8.700000e+02	0.000000e+00	0.000000e+00	0.000000e+00
6.900000e+02	7.200000e+02	8.700000e+02	9.000000e+02	0.000000e+00	0.000000e+00	0.000000e+00
7.200000e+02	7.500000e+02	0.000000e+00	3.000000e+01	0.000000e+00	0.000000e+00	0.000000e+00
7.200000e+02	7.500000e+02	3.000000e+01	6.000000e+01	0.000000e+00	0.000000e+00	0.000000e+00
7.200000e+02	7.500000e+02	6.000000e+01	9.000000e+01	0.000000e+00	0.000000e+00	0.000000e+00
7.200000e+02	7.500000e+02	9.000000e+01	1.200000e+02	0.000000e+00	0.000000e+00	0.000000e+00
7.200000e+02	7.500000e+02	1.200000e+02	1.500000e+02	0.000000e+00	0.000000e+00	0.000000e+00
7.200000e+02	7.500000e+02	1.500000e+02	1.800000e+02	0.000000e+00	0.000000e+00	0.000000e+00
7.200000e+02	7.500000e+02	1.800000e+02	2.100000e+02	1.088016e-06	5.440080e-07	5.440080e-07
7.200000e+02	7.500000e+02	2.100000e+02	2.400000e+02	3.536052e-06	9.807243e-07	9.807243e-07
7.200000e+02	7.500000e+02	2.400000e+02	2.700000e+02	6.528096e-06	1.332542e-06	1.332542e-06
7.200000e+02	7.500000e+02	2.700000e+02	3.000000e+02	7.616111e-06	1.439310e-06	1.439310e-06
7.200000e+02	7.500000e+02	3.000000e+02	3.300000e+02	9.792143e-06	1.632024e-06	1.632024e-06
7.200000e+02	7.500000e+02	3.300000e+02	3.600000e+02	1.115217e-05	1.741675e-06	1.741675e-06
7.200000e+02	7.500000e+02	3.600000e+02	3.900000e+02	1.468821e-05	1.998813e-06	1.998813e-06
7.200000e+02	7.500000e+02	3.900000e+02	4.200000e+02	1.496022e-05	2.017236e-06	2.017236e-06
7.200000e+02	7.500000e+02	4.200000e+02	4.500000e+02	1.713626e-05	2.158965e-06	2.158965e-06
7.200000e+02	7.500000e+02	4.500000e+02	4.800000e+02	1.795227e-05	2.209771e-06	2.209771e-06
7.200000e+02	7.500000e+02	4.800000e+02	5.100000e+02	1.740826e-05	2.176032e-06	2.176032e-06
7.200000e+02	7.500000e+02	5.100000e+02	5.400000e+02	2.339234e-05	2.522461e-06	2.522461e-06
7.200000e+02	7.500000e+02	5.400000e+02	5.700000e+02	2.148831e-05	2.417624e-06	2.417624e-06
7.200000e+02	7.500000e+02	5.700000e+02	6.000000e+02	2.611238e-05	2.665084e-06	2.665084e-06
7.200000e+02	7.500000e+02	6.000000e+02	6.300000e+02	1.985629e-05	2.324003e-06	2.324003e-06
7.200000e+02	7.500000e+02	6.300000e+02	6.600000e+02	2.801641e-05	2.760539e-06	2.760539e-06
7.200000e+02	7.500000e+02	6.600000e+02	6.900000e+02	2.556838e-05	2.637176e-06	2.637176e-06
7.200000e+02	7.500000e+02	6.900000e+02	7.200000e+02	3.454450e-05	3.065329e-06	3.065329e-06
7.200000e+02	7.500000e+02	7.200000e+02	7.500000e+02	1.795227e-05	2.209771e-06	2.209771e-06
7.200000e+02	7.500000e+02	7.500000e+02	7.800000e+02	0.000000e+00	0.000000e+00	0.000000e+00
7.200000e+02	7.500000e+02	7.800000e+02	8.100000e+02	0.000000e+00	0.000000e+00	0.000000e+00
7.200000e+02	7.500000e+02	8.100000e+02	8.400000e+02	0.000000e+00	0.000000e+00	0.000000e+00
7.200000e+02	7.500000e+02	8.400000e+02	8.700000e+02	0.000000e+00	0.000000e+00	0.000000e+00
7.200000e+02	7.500000e+02	8.700000e+02	9.000000e+02	0.000000e+00	0.000000e+00	0.000000e+00
7.500000e+02	7.800000e+02	0.000000e+00	3.000000e+01	0.000000e+00	0.000000e+00	0.000000e+00
7.500000e+02	7.800000e+02	3.000000e+01	6.000000e+01	0.000000e+00	0.000000e+00	0.000000e+00
7.500000e+02	7.800000e+02	6.000000e+01	9.000000e+01	0.000000e+00	0.000000e+00	0.000000e+00
7.500000e+02	7.800000e+02	9.000000e+01	1.200000e+02	0.000000e+00	0.000000e+00	0.000000e+00
7.500000e+02	7.800000e+02	1.200000e+02	1.500000e+02	0.000000e+00	0.000000e+00	0.000000e+00
7.500000e+02	7.800000e+02	1.500000e+02	1.800000e+02	0.000000e+00	0.000000e+00	0.000000e+00
7.500000e+02	7.800000e+02	1.800000e+02	2.100000e+02	5.440080e-07	3.846717e-07	3.846717e-07
7.500000e+02	7.800000e+02	2.100000e+02	2.400000e+02	5.440080e-06	1.216439e-06	1.216439e-06
7.500000e+02	7.800000e+02	2.400000e+02	2.700000e+02	4.352063e-06	1.088016e-06	1.088016e-06
7.500000e+02	7.800000e+02	2.700000e+02	3.000000e+02	6.528096e-06	1.332542e-06	1.332542e-06
7.500000e+02	7.800000e+02	3.000000e+02	3.300000e+02	7.888116e-06	1.464786e-06	1.464786e-06
7.500000e+02	7.800000e+02	3.300000e+02	3.600000e+02	7.616111e-06	1.439310e-06	1.439310e-06
7.500000e+02	7.800000e+02	3.600000e+02	3.900000e+02	1.196818e-05	1.804270e-06	1.804270e-06
7.500000e+02	7.800000e+02	3.900000e+02	4.200000e+02	1.496022e-05	2.017236e-06	2.017236e-06
7.500000e+02	7.800000e+02	4.200000e+02	4.500000e+02	1.414421e-05	1.961449e-06	1.961449e-06
7.500000e+02	7.800000e+02	4.500000e+02	4.800000e+02	1.713626e-05	2.158965e-06	2.158965e-06
7.500000e+02	7.800000e+02	4.800000e+02	5.100000e+02	1.387220e-05	1.942497e-06	1.942497e-06
7.500000e+02	7.800000e+02	5.100000e+02	5.400000e+02	1.468821e-05	1.998813e-06	1.998813e-06
7.500000e+02	7.800000e+02	5.400000e+02	5.700000e+02	1.740826e-05	2.176032e-06	2.176032e-06
7.500000e+02	7.800000e+02	5.700000e+02	6.000000e+02	1.795227e-05	2.209771e-06	2.209771e-06
7.500000e+02	7.800000e+02	6.000000e+02	6.300000e+02	1.795227e-05	2.209771e-06	2.209771e-06
7.500000e+02	7.800000e+02	6.300000e+02	6.600000e+02	1.713626e-05	2.158965e-06	2.158965e-06
7.500000e+02	7.800000e+02	6.600000e+02	6.900000e+02	2.910442e-05	2.813631e-06	2.813631e-06
7.500000e+02	7.800000e+02	6.900000e+02	7.200000e+02	2.611238e-05	2.665084e-06	2.665084e-06
7.500000e+02	7.800000e+02	7.200000e+02	7.500000e+02	3.046444e-05	2.878620e-06	2.878620e-06
7.500000e+02	7.800000e+02	7.500000e+02	7.800000e+02	1.115217e-05	1.741675e-06	1.741675e-06
7.500000e+02	7.800000e+02	7.800000e+02	8.100000e+02	0.000000e+00	0.000000e+00	0.000000e+00
7.500000e+02	7.800000e+02	8.100000e+02	8.400000e+02	0.000000e+00	0.000000e+00	0.000000e+00
7.500000e+02	7.800000e+02	8.400000e+02	8.700000e+02	0.000000e+00	0.000000e+00	0.000000e+00
7.500000e+02	7.800000e+02	8.700000e+02	9.000000e+02	0.000000e+00	0.000000e+00	0.000000e+00
7.800000e+02	8.100000e+02	0.000000e+00	3.000000e+01	0.000000e+00	0.000000e+00	0.000000e+00
7.800000e+02	8.100000e+02	3.000000e+01	6.000000e+01	0.000000e+00	0.000000e+00	0.000000e+00
7.800000e+02	8.100000e+02	6.000000e+01	9.000000e+01	0.000000e+00	0.000000e+00	0.000000e+00
7.800000e+02	8.100000e+02	9.000000e+01	1.200000e+02	0.000000e+00	0.000000e+00	0.000000e+00
7.800000e+02	8.100000e+02	1.200000e+02	1.500000e+02	0.000000e+00	0.000000e+00	0.000000e+00
7.800000e+02	8.100000e+02	1.500000e+02	1.800000e+02	0.000000e+00	0.000000e+00	0.000000e+00
7.800000e+02	8.100000e+02	1.800000e+02	2.100000e+02	2.720040e-07	2.720040e-07	2.720040e-07
7.800000e+02	8.100000e+02	2.100000e+02	2.400000e+02	1.904028e-06	7.196548e-07	7.196548e-07
7.800000e+02	8.100000e+02	2.400000e+02	2.700000e+02	4.896071e-06	1.154015e-06	1.154015e-06
7.800000e+02	8.100000e+02	2.700000e+02	3.000000e+02	6.528096e-06	1.332542e-06	1.332542e-06
7.800000e+02	8.100000e+02	3.000000e+02	3.300000e+02	6.528096e-06	1.332542e-06	1.332542e-06
7.800000e+02	8.100000e+02	3.300000e+02	3.600000e+02	7.888116e-06	1.464786e-06	1.464786e-06
7.800000e+02	8.100000e+02	3.600000e+02	3.900000e+02	8.704127e-06	1.538687e-06	1.538687e-06
7.800000e+02	8.100000e+02	3.900000e+02	4.200000e+02	9.520139e-06	1.609197e-06	1.609197e-06
7.800000e+02	8.100000e+02	4.200000e+02	4.500000e+02	1.033615e-05	1.676745e-06	1.676745e-06
7.800000e+02	8.100000e+02	4.500000e+02	4.800000e+02	1.088016e-05	1.720304e-06	1.720304e-06
7.800000e+02	8.100000e+02	4.800000e+02	5.100000e+02	1.305619e-05	1.884499e-06	1.884499e-06
7.800000e+02	8.100000e+02	5.100000e+02	5.400000e+02	1.414421e-05	1.961449e-06	1.961449e-06
7.800000e+02	8.100000e+02	5.400000e+02	5.700000e+02	1.196818e-05	1.804270e-06	1.804270e-06
7.800000e+02	8.100000e+02	5.700000e+02	6.000000e+02	1.604823e-05	2.089302e-06	2.089302e-06
7.800000e+02	8.100000e+02	6.000000e+02	6.300000e+02	1.604823e-05	2.089302e-06	2.089302e-06
7.800000e+02	8.100000e+02	6.300000e+02	6.600000e+02	1.496022e-05	2.017236e-06	2.017236e-06
7.800000e+02	8.100000e+02	6.600000e+02	6.900000e+02	2.284833e-05	2.492958e-06	2.492958e-06
7.800000e+02	8.100000e+02	6.900000e+02	7.200000e+02	2.148831e-05	2.417624e-06	2.417624e-06
7.800000e+02	8.100000e+02	7.200000e+02	7.500000e+02	2.230432e-05	2.463101e-06	2.463101e-06
7.800000e+02	8.100000e+02	7.500000e+02	7.800000e+02	1.931228e-05	2.291946e-06	2.291946e-06
7.800000e+02	8.100000e+02	7.800000e+02	8.100000e+02	1.169617e-05	1.783649e-06	1.783649e-06
7.800000e+02	8.100000e+02	8.100000e+02	8.400000e+02	0.000000e+00	0.000000e+00	0.000000e+00
7.800000e+02	8.100000e+02	8.400000e+02	8.700000e+02	0.000000e+00	0.000000e+00	0.000000e+00
7.800000e+02	8.100000e+02	8.700000e+02	9.000000e+02	0.000000e+00	0.000000e+00	0.000000e+00
8.100000e+02	8.400000e+02	0.000000e+00	3.000000e+01	0.000000e+00	0.000000e+00	0.000000e+00
8.100000e+02	8.400000e+02	3.000000e+01	6.000000e+01	0.000000e+00	0.000000e+00	0.000000e+00
8.100000e+02	8.400000e+02	6.000000e+01	9.000000e+01	0.000000e+00	0.000000e+00	0.000000e+00
8.100000e+02	8.400000e+02	9.000000e+01	1.200000e+02	0.000000e+00	0.000000e+00	0.000000e+00
8.100000e+02	8.400000e+02	1.200000e+02	1.500000e+02	0.000000e+00	0.000000e+00	0.000000e+00
8.100000e+02	8.400000e+02	1.500000e+02	1.800000e+02	0.000000e+00	0.000000e+00	0.000000e+00
8.100000e+02	8.400000e+02	1.800000e+02	2.100000e+02	2.720040e-07	2.720040e-07	2.720040e-07
8.100000e+02	8.400000e+02	2.100000e+02	2.400000e+02	3.808056e-06	1.017746e-06	1.017746e-06
8.100000e+02	8.400000e+02	2.400000e+02	2.700000e+02	2.720040e-06	8.601521e-07	8.601521e-07
8.100000e+02	8.400000e+02	2.700000e+02	3.000000e+02	5.712083e-06	1.246479e-06	1.246479e-06
8.100000e+02	8.400000e+02	3.000000e+02	3.300000e+02	5.712083e-06	1.246479e-06	1.246479e-06
8.100000e+02	8.400000e+02	3.300000e+02	3.600000e+02	5.712083e-06	1.246479e-06	1.246479e-06
8.100000e+02	8.400000e+02	3.600000e+02	3.900000e+02	5.984088e-06	1.275812e-06	1.275812e-06
8.100000e+02	8.400000e+02	3.900000e+02	4.200000e+02	7.616111e-06	1.439310e-06	1.439310e-06
8.100000e+02	8.400000e+02	4.200000e+02	4.500000e+02	7.344108e-06	1.413374e-06	1.413374e-06
8.100000e+02	8.400000e+02	4.500000e+02	4.800000e+02	9.248136e-06	1.586042e-06	1.586042e-06
8.100000e+02	8.400000e+02	4.800000e+02	5.100000e+02	1.060816e-05	1.698664e-06	1.698664e-06
8.100000e+02	8.400000e+02	5.100000e+02	5.400000e+02	1.196818e-05	1.804270e-06	1.804270e-06
8.100000e+02	8.400000e+02	5.400000e+02	5.700000e+02	1.060816e-05	1.698664e-06	1.698664e-06
8.100000e+02	8.400000e+02	5.700000e+02	6.000000e+02	1.060816e-05	1.698664e-06	1.698664e-06
8.100000e+02	8.400000e+02	6.000000e+02	6.300000e+02	1.060816e-05	1.698664e-06	1.698664e-06
8.100000e+02	8.400000e+02	6.300000e+02	6.600000e+02	1.006415e-05	1.654535e-06	1.654535e-06
8.100000e+02	8.400000e+02	6.600000e+02	6.900000e+02	1.387220e-05	1.942497e-06	1.942497e-06
8.100000e+02	8.400000e+02	6.900000e+02	7.200000e+02	1.441621e-05	1.980219e-06	1.980219e-06
8.100000e+02	8.400000e+02	7.200000e+02	7.500000e+02	1.550422e-05	2.053585e-06	2.053585e-06
8.100000e+02	8.400000e+02	7.500000e+02	7.800000e+02	1.659224e-05	2.124419e-06	2.124419e-06
8.100000e+02	8.400000e+02	7.800000e+02	8.100000e+02	1.904028e-05	2.275748e-06	2.275748e-06
8.100000e+02	8.400000e+02	8.100000e+02	8.400000e+02	8.976131e-06	1.562544e-06	1.562544e-06
8.100000e+02	8.400000e+02	8.400000e+02	8.700000e+02	0.000000e+00	0.000000e+00	0.000000e+00
8.100000e+02	8.400000e+02	8.700000e+02	9.000000e+02	0.000000e+00	0.000000e+00	0.000000e+00
8.400000e+02	8.700000e+02	0.000000e+00	3.000000e+01	0.000000e+00	0.000000e+00	0.000000e+00
8.400000e+02	8.700000e+02	3.000000e+01	6.000000e+01	0.000000e+00	0.000000e+00	0.000000e+00
8.400000e+02	8.700000e+02	6.000000e+01	9.000000e+01	0.000000e+00	0.000000e+00	0.000000e+00
8.400000e+02	8.700000e+02	9.000000e+01	1.200000e+02	0.000000e+00	0.000000e+00	0.000000e+00
8.400000e+02	8.700000e+02	1.200000e+02	1.500000e+02	0.000000e+00	0.000000e+00	0.000000e+00
8.400000e+02	8.700000e+02	1.500000e+02	1.800000e+02	0.000000e+00	0.000000e+00	0.000000e+00
8.400000e+02	8.700000e+02	1.800000e+02	2.100000e+02	0.000000e+00	0.000000e+00	0.000000e+00
8.400000e+02	8.700000e+02	2.100000e+02	2.400000e+02	1.360020e-06	6.082194e-07	6.082194e-07
8.400000e+02	8.700000e+02	2.400000e+02	2.700000e+02	3.264048e-06	9.422494e-07	9.422494e-07
8.400000e+02	8.700000e+02	2.700000e+02	3.000000e+02	3.808056e-06	1.017746e-06	1.017746e-06
8.400000e+02	8.700000e+02	3.000000e+02	3.300000e+02	1.632023e-06	6.662710e-07	6.662710e-07
8.400000e+02	8.700000e+02	3.300000e+02	3.600000e+02	5.712083e-06	1.246479e-06	1.246479e-06
8.400000e+02	8.700000e+02	3.600000e+02	3.900000e+02	5.712083e-06	1.246479e-06	1.246479e-06
8.400000e+02	8.700000e+02	3.900000e+02	4.200000e+02	6.800099e-06	1.360020e-06	1.360020e-06
8.400000e+02	8.700000e+02	4.200000e+02	4.500000e+02	5.984088e-06	1.275812e-06	1.275812e-06
8.400000e+02	8.700000e+02	4.500000e+02	4.800000e+02	5.984088e-06	1.275812e-06	1.275812e-06
8.400000e+02	8.700000e+02	4.800000e+02	5.100000e+02	5.712083e-06	1.246479e-06	1.246479e-06
8.400000e+02	8.700000e+02	5.100000e+02	5.400000e+02	9.792143e-06	1.632024e-06	1.632024e-06
8.400000e+02	8.700000e+02	5.400000e+02	5.700000e+02	8.432123e-06	1.514454e-06	1.514454e-06
8.400000e+02	8.700000e+02	5.700000e+02	6.000000e+02	1.060816e-05	1.698664e-06	1.698664e-06
8.400000e+02	8.700000e+02	6.000000e+02	6.300000e+02	1.088016e-05	1.720304e-06	1.720304e-06
8.400000e+02	8.700000e+02	6.300000e+02	6.600000e+02	1.196818e-05	1.804270e-06	1.804270e-06
8.400000e+02	8.700000e+02	6.600000e+02	6.900000e+02	1.305619e-05	1.884499e-06	1.884499e-06
8.400000e+02	8.700000e+02	6.900000e+02	7.200000e+02	8.976131e-06	1.562544e-06	1.562544e-06
8.400000e+02	8.700000e+02	7.200000e+02	7.500000e+02	1.115217e-05	1.741675e-06	1.741675e-06
8.400000e+02	8.700000e+02	7.500000e+02	7.800000e+02	1.332820e-05	1.904028e-06	1.904028e-06
8.400000e+02	8.700000e+02	7.800000e+02	8.100000e+02	1.006415e-05	1.654535e-06	1.654535e-06
8.400000e+02	8.700000e+02	8.100000e+02	8.400000e+02	1.849627e-05	2.243002e-06	2.243002e-06
8.400000e+02	8.700000e+02	8.400000e+02	8.700000e+02	6.800099e-06	1.360020e-06	1.360020e-06
8.400000e+02	8.700000e+02	8.700000e+02	9.000000e+02	0.000000e+00	0.000000e+00	0.000000e+00
8.700000e+02	9.000000e+02	0.000000e+00	3.000000e+01	0.000000e+00	0.000000e+00	0.000000e+00
8.700000e+02	9.000000e+02	3.000000e+01	6.000000e+01	0.000000e+00	0.000000e+00	0.000000e+00
8.700000e+02	9.000000e+02	6.000000e+01	9.000000e+01	0.000000e+00	0.000000e+00	0.000000e+00
8.700000e+02	9.000000e+02	9.000000e+01	1.200000e+02	0.000000e+00	0.000000e+00	0.000000e+00
8.700000e+02	9.000000e+02	1.200000e+02	1.500000e+02	0.000000e+00	0.000000e+00	0.000000e+00
8.700000e+02	9.000000e+02	1.500000e+02	1.800000e+02	0.000000e+00	0.000000e+00	0.000000e+00
8.700000e+02	9.000000e+02	1.800000e+02	2.100000e+02	0.000000e+00	0.000000e+00	0.000000e+00
8.700000e+02	9.000000e+02	2.100000e+02	2.400000e+02	1.360020e-06	6.082194e-07	6.082194e-07
8.700000e+02	9.000000e+02	2.400000e+02	2.700000e+02	1.088016e-06	5.440080e-07	5.440080e-07
8.700000e+02	9.000000e+02	2.700000e+02	3.000000e+02	2.448036e-06	8.160119e-07	8.160119e-07
8.700000e+02	9.000000e+02	3.000000e+02	3.300000e+02	2.448036e-06	8.160119e-07	8.160119e-07
8.700000e+02	9.000000e+02	3.300000e+02	3.600000e+02	3.808056e-06	1.017746e-06	1.017746e-06
8.700000e+02	9.000000e+02	3.600000e+02	3.900000e+02	4.624068e-06	1.121501e-06	1.121501e-06
8.700000e+02	9.000000e+02	3.900000e+02	4.200000e+02	5.712083e-06	1.246479e-06	1.246479e-06
8.700000e+02	9.000000e+02	4.200000e+02	4.500000e+02	4.896071e-06	1.154015e-06	1.154015e-06
8.700000e+02	9.000000e+02	4.500000e+02	4.800000e+02	7.072103e-06	1.386954e-06	1.386954e-06
8.700000e+02	9.000000e+02	4.800000e+02	5.100000e+02	6.256091e-06	1.304485e-06	1.304485e-06
8.700000e+02	9.000000e+02	5.100000e+02	5.400000e+02	8.704127e-06	1.538687e-06	1.538687e-06
8.700000e+02	9.000000e+02	5.400000e+02	5.700000e+02	7.344108e-06	1.413374e-06	1.413374e-06
8.700000e+02	9.000000e+02	5.700000e+02	6.000000e+02	6.800099e-06	1.360020e-06	1.360020e-06
8.700000e+02	9.000000e+02	6.000000e+02	6.300000e+02	1.006415e-05	1.654535e-06	1.654535e-06
8.700000e+02	9.000000e+02	6.300000e+02	6.600000e+02	8.976131e-06	1.562544e-06	1.562544e-06
8.700000e+02	9.000000e+02	6.600000e+02	6.900000e+02	8.704127e-06	1.538687e-06	1.538687e-06
8.700000e+02	9.000000e+02	6.900000e+02	7.200000e+02	7.344108e-06	1.413374e-06	1.413374e-06
8.700000e+02	9.000000e+02	7.200000e+02	7.500000e+02	8.704127e-06	1.538687e-06	1.538687e-06
8.700000e+02	9.000000e+02	7.500000e+02	7.800000e+02	1.169617e-05	1.783649e-06	1.783649e-06
8.700000e+02	9.000000e+02	7.800000e+02	8.100000e+02	1.251218e-05	1.844821e-06	1.844821e-06
8.700000e+02	9.000000e+02	8.100000e+02	8.400000e+02	1.006415e-05	1.654535e-06	1.654535e-06
8.700000e+02	9.000000e+02	8.400000e+02	8.700000e+02	1.224018e-05	1.824658e-06	1.824658e-06
8.700000e+02	9.000000e+02	8.700000e+02	9.000000e+02	8.160119e-06	1.489827e-06	1.489827e-06
# END HISTO2D

