# BEGIN HISTO2D /res/oxford_combined_rw2/histo_mHmH_res_C1d
Path=/res/oxford_combined_rw2/histo_mHmH_res_C1d
Title=mHmH_res_C1d
# xlow	 xhigh	 ylow	 yhigh	 val	 errminus	 errplus
0.000000e+00	6.000000e+00	0.000000e+00	6.000000e+00	0.000000e+00	0.000000e+00	0.000000e+00
0.000000e+00	6.000000e+00	6.000000e+00	1.200000e+01	0.000000e+00	0.000000e+00	0.000000e+00
0.000000e+00	6.000000e+00	1.200000e+01	1.800000e+01	0.000000e+00	0.000000e+00	0.000000e+00
0.000000e+00	6.000000e+00	1.800000e+01	2.400000e+01	0.000000e+00	0.000000e+00	0.000000e+00
0.000000e+00	6.000000e+00	2.400000e+01	3.000000e+01	0.000000e+00	0.000000e+00	0.000000e+00
0.000000e+00	6.000000e+00	3.000000e+01	3.600000e+01	0.000000e+00	0.000000e+00	0.000000e+00
0.000000e+00	6.000000e+00	3.600000e+01	4.200000e+01	0.000000e+00	0.000000e+00	0.000000e+00
0.000000e+00	6.000000e+00	4.200000e+01	4.800000e+01	0.000000e+00	0.000000e+00	0.000000e+00
0.000000e+00	6.000000e+00	4.800000e+01	5.400000e+01	0.000000e+00	0.000000e+00	0.000000e+00
0.000000e+00	6.000000e+00	5.400000e+01	6.000000e+01	0.000000e+00	0.000000e+00	0.000000e+00
0.000000e+00	6.000000e+00	6.000000e+01	6.600000e+01	0.000000e+00	0.000000e+00	0.000000e+00
0.000000e+00	6.000000e+00	6.600000e+01	7.200000e+01	0.000000e+00	0.000000e+00	0.000000e+00
0.000000e+00	6.000000e+00	7.200000e+01	7.800000e+01	0.000000e+00	0.000000e+00	0.000000e+00
0.000000e+00	6.000000e+00	7.800000e+01	8.400000e+01	0.000000e+00	0.000000e+00	0.000000e+00
0.000000e+00	6.000000e+00	8.400000e+01	9.000000e+01	0.000000e+00	0.000000e+00	0.000000e+00
0.000000e+00	6.000000e+00	9.000000e+01	9.600000e+01	0.000000e+00	0.000000e+00	0.000000e+00
0.000000e+00	6.000000e+00	9.600000e+01	1.020000e+02	0.000000e+00	0.000000e+00	0.000000e+00
0.000000e+00	6.000000e+00	1.020000e+02	1.080000e+02	0.000000e+00	0.000000e+00	0.000000e+00
0.000000e+00	6.000000e+00	1.080000e+02	1.140000e+02	0.000000e+00	0.000000e+00	0.000000e+00
0.000000e+00	6.000000e+00	1.140000e+02	1.200000e+02	0.000000e+00	0.000000e+00	0.000000e+00
0.000000e+00	6.000000e+00	1.200000e+02	1.260000e+02	0.000000e+00	0.000000e+00	0.000000e+00
0.000000e+00	6.000000e+00	1.260000e+02	1.320000e+02	0.000000e+00	0.000000e+00	0.000000e+00
0.000000e+00	6.000000e+00	1.320000e+02	1.380000e+02	0.000000e+00	0.000000e+00	0.000000e+00
0.000000e+00	6.000000e+00	1.380000e+02	1.440000e+02	0.000000e+00	0.000000e+00	0.000000e+00
0.000000e+00	6.000000e+00	1.440000e+02	1.500000e+02	0.000000e+00	0.000000e+00	0.000000e+00
0.000000e+00	6.000000e+00	1.500000e+02	1.560000e+02	0.000000e+00	0.000000e+00	0.000000e+00
0.000000e+00	6.000000e+00	1.560000e+02	1.620000e+02	0.000000e+00	0.000000e+00	0.000000e+00
0.000000e+00	6.000000e+00	1.620000e+02	1.680000e+02	0.000000e+00	0.000000e+00	0.000000e+00
0.000000e+00	6.000000e+00	1.680000e+02	1.740000e+02	0.000000e+00	0.000000e+00	0.000000e+00
0.000000e+00	6.000000e+00	1.740000e+02	1.800000e+02	0.000000e+00	0.000000e+00	0.000000e+00
6.000000e+00	1.200000e+01	0.000000e+00	6.000000e+00	0.000000e+00	0.000000e+00	0.000000e+00
6.000000e+00	1.200000e+01	6.000000e+00	1.200000e+01	0.000000e+00	0.000000e+00	0.000000e+00
6.000000e+00	1.200000e+01	1.200000e+01	1.800000e+01	0.000000e+00	0.000000e+00	0.000000e+00
6.000000e+00	1.200000e+01	1.800000e+01	2.400000e+01	0.000000e+00	0.000000e+00	0.000000e+00
6.000000e+00	1.200000e+01	2.400000e+01	3.000000e+01	0.000000e+00	0.000000e+00	0.000000e+00
6.000000e+00	1.200000e+01	3.000000e+01	3.600000e+01	0.000000e+00	0.000000e+00	0.000000e+00
6.000000e+00	1.200000e+01	3.600000e+01	4.200000e+01	0.000000e+00	0.000000e+00	0.000000e+00
6.000000e+00	1.200000e+01	4.200000e+01	4.800000e+01	0.000000e+00	0.000000e+00	0.000000e+00
6.000000e+00	1.200000e+01	4.800000e+01	5.400000e+01	0.000000e+00	0.000000e+00	0.000000e+00
6.000000e+00	1.200000e+01	5.400000e+01	6.000000e+01	0.000000e+00	0.000000e+00	0.000000e+00
6.000000e+00	1.200000e+01	6.000000e+01	6.600000e+01	0.000000e+00	0.000000e+00	0.000000e+00
6.000000e+00	1.200000e+01	6.600000e+01	7.200000e+01	0.000000e+00	0.000000e+00	0.000000e+00
6.000000e+00	1.200000e+01	7.200000e+01	7.800000e+01	0.000000e+00	0.000000e+00	0.000000e+00
6.000000e+00	1.200000e+01	7.800000e+01	8.400000e+01	0.000000e+00	0.000000e+00	0.000000e+00
6.000000e+00	1.200000e+01	8.400000e+01	9.000000e+01	0.000000e+00	0.000000e+00	0.000000e+00
6.000000e+00	1.200000e+01	9.000000e+01	9.600000e+01	0.000000e+00	0.000000e+00	0.000000e+00
6.000000e+00	1.200000e+01	9.600000e+01	1.020000e+02	0.000000e+00	0.000000e+00	0.000000e+00
6.000000e+00	1.200000e+01	1.020000e+02	1.080000e+02	0.000000e+00	0.000000e+00	0.000000e+00
6.000000e+00	1.200000e+01	1.080000e+02	1.140000e+02	0.000000e+00	0.000000e+00	0.000000e+00
6.000000e+00	1.200000e+01	1.140000e+02	1.200000e+02	0.000000e+00	0.000000e+00	0.000000e+00
6.000000e+00	1.200000e+01	1.200000e+02	1.260000e+02	0.000000e+00	0.000000e+00	0.000000e+00
6.000000e+00	1.200000e+01	1.260000e+02	1.320000e+02	0.000000e+00	0.000000e+00	0.000000e+00
6.000000e+00	1.200000e+01	1.320000e+02	1.380000e+02	0.000000e+00	0.000000e+00	0.000000e+00
6.000000e+00	1.200000e+01	1.380000e+02	1.440000e+02	0.000000e+00	0.000000e+00	0.000000e+00
6.000000e+00	1.200000e+01	1.440000e+02	1.500000e+02	0.000000e+00	0.000000e+00	0.000000e+00
6.000000e+00	1.200000e+01	1.500000e+02	1.560000e+02	0.000000e+00	0.000000e+00	0.000000e+00
6.000000e+00	1.200000e+01	1.560000e+02	1.620000e+02	0.000000e+00	0.000000e+00	0.000000e+00
6.000000e+00	1.200000e+01	1.620000e+02	1.680000e+02	0.000000e+00	0.000000e+00	0.000000e+00
6.000000e+00	1.200000e+01	1.680000e+02	1.740000e+02	0.000000e+00	0.000000e+00	0.000000e+00
6.000000e+00	1.200000e+01	1.740000e+02	1.800000e+02	0.000000e+00	0.000000e+00	0.000000e+00
1.200000e+01	1.800000e+01	0.000000e+00	6.000000e+00	0.000000e+00	0.000000e+00	0.000000e+00
1.200000e+01	1.800000e+01	6.000000e+00	1.200000e+01	0.000000e+00	0.000000e+00	0.000000e+00
1.200000e+01	1.800000e+01	1.200000e+01	1.800000e+01	0.000000e+00	0.000000e+00	0.000000e+00
1.200000e+01	1.800000e+01	1.800000e+01	2.400000e+01	0.000000e+00	0.000000e+00	0.000000e+00
1.200000e+01	1.800000e+01	2.400000e+01	3.000000e+01	0.000000e+00	0.000000e+00	0.000000e+00
1.200000e+01	1.800000e+01	3.000000e+01	3.600000e+01	0.000000e+00	0.000000e+00	0.000000e+00
1.200000e+01	1.800000e+01	3.600000e+01	4.200000e+01	0.000000e+00	0.000000e+00	0.000000e+00
1.200000e+01	1.800000e+01	4.200000e+01	4.800000e+01	0.000000e+00	0.000000e+00	0.000000e+00
1.200000e+01	1.800000e+01	4.800000e+01	5.400000e+01	0.000000e+00	0.000000e+00	0.000000e+00
1.200000e+01	1.800000e+01	5.400000e+01	6.000000e+01	0.000000e+00	0.000000e+00	0.000000e+00
1.200000e+01	1.800000e+01	6.000000e+01	6.600000e+01	0.000000e+00	0.000000e+00	0.000000e+00
1.200000e+01	1.800000e+01	6.600000e+01	7.200000e+01	0.000000e+00	0.000000e+00	0.000000e+00
1.200000e+01	1.800000e+01	7.200000e+01	7.800000e+01	0.000000e+00	0.000000e+00	0.000000e+00
1.200000e+01	1.800000e+01	7.800000e+01	8.400000e+01	0.000000e+00	0.000000e+00	0.000000e+00
1.200000e+01	1.800000e+01	8.400000e+01	9.000000e+01	0.000000e+00	0.000000e+00	0.000000e+00
1.200000e+01	1.800000e+01	9.000000e+01	9.600000e+01	0.000000e+00	0.000000e+00	0.000000e+00
1.200000e+01	1.800000e+01	9.600000e+01	1.020000e+02	0.000000e+00	0.000000e+00	0.000000e+00
1.200000e+01	1.800000e+01	1.020000e+02	1.080000e+02	0.000000e+00	0.000000e+00	0.000000e+00
1.200000e+01	1.800000e+01	1.080000e+02	1.140000e+02	0.000000e+00	0.000000e+00	0.000000e+00
1.200000e+01	1.800000e+01	1.140000e+02	1.200000e+02	0.000000e+00	0.000000e+00	0.000000e+00
1.200000e+01	1.800000e+01	1.200000e+02	1.260000e+02	0.000000e+00	0.000000e+00	0.000000e+00
1.200000e+01	1.800000e+01	1.260000e+02	1.320000e+02	0.000000e+00	0.000000e+00	0.000000e+00
1.200000e+01	1.800000e+01	1.320000e+02	1.380000e+02	0.000000e+00	0.000000e+00	0.000000e+00
1.200000e+01	1.800000e+01	1.380000e+02	1.440000e+02	0.000000e+00	0.000000e+00	0.000000e+00
1.200000e+01	1.800000e+01	1.440000e+02	1.500000e+02	0.000000e+00	0.000000e+00	0.000000e+00
1.200000e+01	1.800000e+01	1.500000e+02	1.560000e+02	0.000000e+00	0.000000e+00	0.000000e+00
1.200000e+01	1.800000e+01	1.560000e+02	1.620000e+02	0.000000e+00	0.000000e+00	0.000000e+00
1.200000e+01	1.800000e+01	1.620000e+02	1.680000e+02	0.000000e+00	0.000000e+00	0.000000e+00
1.200000e+01	1.800000e+01	1.680000e+02	1.740000e+02	0.000000e+00	0.000000e+00	0.000000e+00
1.200000e+01	1.800000e+01	1.740000e+02	1.800000e+02	0.000000e+00	0.000000e+00	0.000000e+00
1.800000e+01	2.400000e+01	0.000000e+00	6.000000e+00	0.000000e+00	0.000000e+00	0.000000e+00
1.800000e+01	2.400000e+01	6.000000e+00	1.200000e+01	0.000000e+00	0.000000e+00	0.000000e+00
1.800000e+01	2.400000e+01	1.200000e+01	1.800000e+01	0.000000e+00	0.000000e+00	0.000000e+00
1.800000e+01	2.400000e+01	1.800000e+01	2.400000e+01	0.000000e+00	0.000000e+00	0.000000e+00
1.800000e+01	2.400000e+01	2.400000e+01	3.000000e+01	1.321642e+02	7.630503e+01	7.630503e+01
1.800000e+01	2.400000e+01	3.000000e+01	3.600000e+01	0.000000e+00	0.000000e+00	0.000000e+00
1.800000e+01	2.400000e+01	3.600000e+01	4.200000e+01	0.000000e+00	0.000000e+00	0.000000e+00
1.800000e+01	2.400000e+01	4.200000e+01	4.800000e+01	0.000000e+00	0.000000e+00	0.000000e+00
1.800000e+01	2.400000e+01	4.800000e+01	5.400000e+01	0.000000e+00	0.000000e+00	0.000000e+00
1.800000e+01	2.400000e+01	5.400000e+01	6.000000e+01	0.000000e+00	0.000000e+00	0.000000e+00
1.800000e+01	2.400000e+01	6.000000e+01	6.600000e+01	8.810947e+01	6.230280e+01	6.230280e+01
1.800000e+01	2.400000e+01	6.600000e+01	7.200000e+01	0.000000e+00	0.000000e+00	0.000000e+00
1.800000e+01	2.400000e+01	7.200000e+01	7.800000e+01	4.405472e+01	4.405473e+01	4.405473e+01
1.800000e+01	2.400000e+01	7.800000e+01	8.400000e+01	4.405472e+01	4.405473e+01	4.405473e+01
1.800000e+01	2.400000e+01	8.400000e+01	9.000000e+01	0.000000e+00	0.000000e+00	0.000000e+00
1.800000e+01	2.400000e+01	9.000000e+01	9.600000e+01	0.000000e+00	0.000000e+00	0.000000e+00
1.800000e+01	2.400000e+01	9.600000e+01	1.020000e+02	4.405472e+01	4.405473e+01	4.405473e+01
1.800000e+01	2.400000e+01	1.020000e+02	1.080000e+02	1.321642e+02	7.630503e+01	7.630503e+01
1.800000e+01	2.400000e+01	1.080000e+02	1.140000e+02	4.405472e+01	4.405473e+01	4.405473e+01
1.800000e+01	2.400000e+01	1.140000e+02	1.200000e+02	0.000000e+00	0.000000e+00	0.000000e+00
1.800000e+01	2.400000e+01	1.200000e+02	1.260000e+02	4.405472e+01	4.405473e+01	4.405473e+01
1.800000e+01	2.400000e+01	1.260000e+02	1.320000e+02	0.000000e+00	0.000000e+00	0.000000e+00
1.800000e+01	2.400000e+01	1.320000e+02	1.380000e+02	4.405472e+01	4.405473e+01	4.405473e+01
1.800000e+01	2.400000e+01	1.380000e+02	1.440000e+02	5.558647e+01	5.558647e+01	5.558647e+01
1.800000e+01	2.400000e+01	1.440000e+02	1.500000e+02	0.000000e+00	0.000000e+00	0.000000e+00
1.800000e+01	2.400000e+01	1.500000e+02	1.560000e+02	0.000000e+00	0.000000e+00	0.000000e+00
1.800000e+01	2.400000e+01	1.560000e+02	1.620000e+02	4.405472e+01	4.405473e+01	4.405473e+01
1.800000e+01	2.400000e+01	1.620000e+02	1.680000e+02	4.405472e+01	4.405473e+01	4.405473e+01
1.800000e+01	2.400000e+01	1.680000e+02	1.740000e+02	0.000000e+00	0.000000e+00	0.000000e+00
1.800000e+01	2.400000e+01	1.740000e+02	1.800000e+02	4.405472e+01	4.405473e+01	4.405473e+01
2.400000e+01	3.000000e+01	0.000000e+00	6.000000e+00	0.000000e+00	0.000000e+00	0.000000e+00
2.400000e+01	3.000000e+01	6.000000e+00	1.200000e+01	0.000000e+00	0.000000e+00	0.000000e+00
2.400000e+01	3.000000e+01	1.200000e+01	1.800000e+01	0.000000e+00	0.000000e+00	0.000000e+00
2.400000e+01	3.000000e+01	1.800000e+01	2.400000e+01	1.321642e+02	7.630503e+01	7.630503e+01
2.400000e+01	3.000000e+01	2.400000e+01	3.000000e+01	6.167661e+02	1.648377e+02	1.648377e+02
2.400000e+01	3.000000e+01	3.000000e+01	3.600000e+01	4.846019e+02	1.461130e+02	1.461130e+02
2.400000e+01	3.000000e+01	3.600000e+01	4.200000e+01	7.048756e+02	1.762189e+02	1.762189e+02
2.400000e+01	3.000000e+01	4.200000e+01	4.800000e+01	3.083831e+02	1.165579e+02	1.165579e+02
2.400000e+01	3.000000e+01	4.800000e+01	5.400000e+01	1.321642e+02	7.630503e+01	7.630503e+01
2.400000e+01	3.000000e+01	5.400000e+01	6.000000e+01	2.643284e+02	1.079116e+02	1.079116e+02
2.400000e+01	3.000000e+01	6.000000e+01	6.600000e+01	3.083831e+02	1.165579e+02	1.165579e+02
2.400000e+01	3.000000e+01	6.600000e+01	7.200000e+01	1.321642e+02	7.630503e+01	7.630503e+01
2.400000e+01	3.000000e+01	7.200000e+01	7.800000e+01	1.321642e+02	7.630503e+01	7.630503e+01
2.400000e+01	3.000000e+01	7.800000e+01	8.400000e+01	1.762189e+02	8.810947e+01	8.810947e+01
2.400000e+01	3.000000e+01	8.400000e+01	9.000000e+01	2.643284e+02	1.079116e+02	1.079116e+02
2.400000e+01	3.000000e+01	9.000000e+01	9.600000e+01	1.321642e+02	7.630503e+01	7.630503e+01
2.400000e+01	3.000000e+01	9.600000e+01	1.020000e+02	1.321642e+02	7.630503e+01	7.630503e+01
2.400000e+01	3.000000e+01	1.020000e+02	1.080000e+02	1.321642e+02	7.630503e+01	7.630503e+01
2.400000e+01	3.000000e+01	1.080000e+02	1.140000e+02	1.321642e+02	7.630503e+01	7.630503e+01
2.400000e+01	3.000000e+01	1.140000e+02	1.200000e+02	8.810944e+01	6.230280e+01	6.230280e+01
2.400000e+01	3.000000e+01	1.200000e+02	1.260000e+02	1.762189e+02	8.810947e+01	8.810947e+01
2.400000e+01	3.000000e+01	1.260000e+02	1.320000e+02	3.964925e+02	1.321642e+02	1.321642e+02
2.400000e+01	3.000000e+01	1.320000e+02	1.380000e+02	1.321642e+02	7.630503e+01	7.630503e+01
2.400000e+01	3.000000e+01	1.380000e+02	1.440000e+02	1.762189e+02	8.810947e+01	8.810947e+01
2.400000e+01	3.000000e+01	1.440000e+02	1.500000e+02	1.762189e+02	8.810947e+01	8.810947e+01
2.400000e+01	3.000000e+01	1.500000e+02	1.560000e+02	8.810944e+01	6.230280e+01	6.230280e+01
2.400000e+01	3.000000e+01	1.560000e+02	1.620000e+02	8.810944e+01	6.230280e+01	6.230280e+01
2.400000e+01	3.000000e+01	1.620000e+02	1.680000e+02	1.762189e+02	8.810947e+01	8.810947e+01
2.400000e+01	3.000000e+01	1.680000e+02	1.740000e+02	2.643284e+02	1.079116e+02	1.079116e+02
2.400000e+01	3.000000e+01	1.740000e+02	1.800000e+02	8.810944e+01	6.230280e+01	6.230280e+01
3.000000e+01	3.600000e+01	0.000000e+00	6.000000e+00	0.000000e+00	0.000000e+00	0.000000e+00
3.000000e+01	3.600000e+01	6.000000e+00	1.200000e+01	0.000000e+00	0.000000e+00	0.000000e+00
3.000000e+01	3.600000e+01	1.200000e+01	1.800000e+01	0.000000e+00	0.000000e+00	0.000000e+00
3.000000e+01	3.600000e+01	1.800000e+01	2.400000e+01	4.405472e+02	1.393133e+02	1.393133e+02
3.000000e+01	3.600000e+01	2.400000e+01	3.000000e+01	1.189477e+03	2.289151e+02	2.289151e+02
3.000000e+01	3.600000e+01	3.000000e+01	3.600000e+01	1.938408e+03	2.922261e+02	2.922261e+02
3.000000e+01	3.600000e+01	3.600000e+01	4.200000e+01	1.409751e+03	2.492112e+02	2.492112e+02
3.000000e+01	3.600000e+01	4.200000e+01	4.800000e+01	8.370400e+02	1.920301e+02	1.920301e+02
3.000000e+01	3.600000e+01	4.800000e+01	5.400000e+01	1.189477e+03	2.289151e+02	2.289151e+02
3.000000e+01	3.600000e+01	5.400000e+01	6.000000e+01	7.048758e+02	1.762189e+02	1.762189e+02
3.000000e+01	3.600000e+01	6.000000e+01	6.600000e+01	4.846019e+02	1.461130e+02	1.461130e+02
3.000000e+01	3.600000e+01	6.600000e+01	7.200000e+01	6.167661e+02	1.648377e+02	1.648377e+02
3.000000e+01	3.600000e+01	7.200000e+01	7.800000e+01	5.727114e+02	1.588416e+02	1.588416e+02
3.000000e+01	3.600000e+01	7.800000e+01	8.400000e+01	3.524378e+02	1.246056e+02	1.246056e+02
3.000000e+01	3.600000e+01	8.400000e+01	9.000000e+01	5.286567e+02	1.526101e+02	1.526101e+02
3.000000e+01	3.600000e+01	9.000000e+01	9.600000e+01	6.167664e+02	1.648377e+02	1.648377e+02
3.000000e+01	3.600000e+01	9.600000e+01	1.020000e+02	2.643284e+02	1.079116e+02	1.079116e+02
3.000000e+01	3.600000e+01	1.020000e+02	1.080000e+02	3.524378e+02	1.246056e+02	1.246056e+02
3.000000e+01	3.600000e+01	1.080000e+02	1.140000e+02	1.762189e+02	8.810947e+01	8.810947e+01
3.000000e+01	3.600000e+01	1.140000e+02	1.200000e+02	6.167661e+02	1.648377e+02	1.648377e+02
3.000000e+01	3.600000e+01	1.200000e+02	1.260000e+02	5.286567e+02	1.526101e+02	1.526101e+02
3.000000e+01	3.600000e+01	1.260000e+02	1.320000e+02	3.083831e+02	1.165579e+02	1.165579e+02
3.000000e+01	3.600000e+01	1.320000e+02	1.380000e+02	2.202736e+02	9.850938e+01	9.850938e+01
3.000000e+01	3.600000e+01	1.380000e+02	1.440000e+02	4.405472e+02	1.393133e+02	1.393133e+02
3.000000e+01	3.600000e+01	1.440000e+02	1.500000e+02	3.524378e+02	1.246056e+02	1.246056e+02
3.000000e+01	3.600000e+01	1.500000e+02	1.560000e+02	2.643284e+02	1.079116e+02	1.079116e+02
3.000000e+01	3.600000e+01	1.560000e+02	1.620000e+02	2.643284e+02	1.079116e+02	1.079116e+02
3.000000e+01	3.600000e+01	1.620000e+02	1.680000e+02	4.846019e+02	1.461130e+02	1.461130e+02
3.000000e+01	3.600000e+01	1.680000e+02	1.740000e+02	3.524378e+02	1.246056e+02	1.246056e+02
3.000000e+01	3.600000e+01	1.740000e+02	1.800000e+02	3.524378e+02	1.246056e+02	1.246056e+02
3.600000e+01	4.200000e+01	0.000000e+00	6.000000e+00	0.000000e+00	0.000000e+00	0.000000e+00
3.600000e+01	4.200000e+01	6.000000e+00	1.200000e+01	0.000000e+00	0.000000e+00	0.000000e+00
3.600000e+01	4.200000e+01	1.200000e+01	1.800000e+01	0.000000e+00	0.000000e+00	0.000000e+00
3.600000e+01	4.200000e+01	1.800000e+01	2.400000e+01	1.321642e+02	7.630503e+01	7.630503e+01
3.600000e+01	4.200000e+01	2.400000e+01	3.000000e+01	7.489306e+02	1.816423e+02	1.816423e+02
3.600000e+01	4.200000e+01	3.000000e+01	3.600000e+01	1.674079e+03	2.715716e+02	2.715716e+02
3.600000e+01	4.200000e+01	3.600000e+01	4.200000e+01	2.070572e+03	3.020240e+02	3.020240e+02
3.600000e+01	4.200000e+01	4.200000e+01	4.800000e+01	2.378955e+03	3.237348e+02	3.237348e+02
3.600000e+01	4.200000e+01	4.800000e+01	5.400000e+01	1.409751e+03	2.492112e+02	2.492112e+02
3.600000e+01	4.200000e+01	5.400000e+01	6.000000e+01	1.057314e+03	2.158232e+02	2.158232e+02
3.600000e+01	4.200000e+01	6.000000e+01	6.600000e+01	1.189478e+03	2.289151e+02	2.289151e+02
3.600000e+01	4.200000e+01	6.600000e+01	7.200000e+01	5.286567e+02	1.526101e+02	1.526101e+02
3.600000e+01	4.200000e+01	7.200000e+01	7.800000e+01	7.929850e+02	1.869084e+02	1.869084e+02
3.600000e+01	4.200000e+01	7.800000e+01	8.400000e+01	6.167661e+02	1.648377e+02	1.648377e+02
3.600000e+01	4.200000e+01	8.400000e+01	9.000000e+01	5.727114e+02	1.588416e+02	1.588416e+02
3.600000e+01	4.200000e+01	9.000000e+01	9.600000e+01	6.167661e+02	1.648377e+02	1.648377e+02
3.600000e+01	4.200000e+01	9.600000e+01	1.020000e+02	7.048758e+02	1.762189e+02	1.762189e+02
3.600000e+01	4.200000e+01	1.020000e+02	1.080000e+02	7.929850e+02	1.869084e+02	1.869084e+02
3.600000e+01	4.200000e+01	1.080000e+02	1.140000e+02	5.286567e+02	1.526101e+02	1.526101e+02
3.600000e+01	4.200000e+01	1.140000e+02	1.200000e+02	7.489303e+02	1.816423e+02	1.816423e+02
3.600000e+01	4.200000e+01	1.200000e+02	1.260000e+02	7.929850e+02	1.869084e+02	1.869084e+02
3.600000e+01	4.200000e+01	1.260000e+02	1.320000e+02	6.167661e+02	1.648377e+02	1.648377e+02
3.600000e+01	4.200000e+01	1.320000e+02	1.380000e+02	7.929853e+02	1.869084e+02	1.869084e+02
3.600000e+01	4.200000e+01	1.380000e+02	1.440000e+02	6.608211e+02	1.706232e+02	1.706232e+02
3.600000e+01	4.200000e+01	1.440000e+02	1.500000e+02	7.489306e+02	1.816423e+02	1.816423e+02
3.600000e+01	4.200000e+01	1.500000e+02	1.560000e+02	4.405472e+02	1.393133e+02	1.393133e+02
3.600000e+01	4.200000e+01	1.560000e+02	1.620000e+02	5.286567e+02	1.526101e+02	1.526101e+02
3.600000e+01	4.200000e+01	1.620000e+02	1.680000e+02	5.286567e+02	1.526101e+02	1.526101e+02
3.600000e+01	4.200000e+01	1.680000e+02	1.740000e+02	6.167661e+02	1.648377e+02	1.648377e+02
3.600000e+01	4.200000e+01	1.740000e+02	1.800000e+02	5.286567e+02	1.526101e+02	1.526101e+02
4.200000e+01	4.800000e+01	0.000000e+00	6.000000e+00	0.000000e+00	0.000000e+00	0.000000e+00
4.200000e+01	4.800000e+01	6.000000e+00	1.200000e+01	0.000000e+00	0.000000e+00	0.000000e+00
4.200000e+01	4.800000e+01	1.200000e+01	1.800000e+01	0.000000e+00	0.000000e+00	0.000000e+00
4.200000e+01	4.800000e+01	1.800000e+01	2.400000e+01	8.810944e+01	6.230280e+01	6.230280e+01
4.200000e+01	4.800000e+01	2.400000e+01	3.000000e+01	8.370397e+02	1.920301e+02	1.920301e+02
4.200000e+01	4.800000e+01	3.000000e+01	3.600000e+01	1.059757e+03	2.163354e+02	2.163354e+02
4.200000e+01	4.800000e+01	3.600000e+01	4.200000e+01	1.894353e+03	2.888862e+02	2.888862e+02
4.200000e+01	4.800000e+01	4.200000e+01	4.800000e+01	2.731394e+03	3.468873e+02	3.468873e+02
4.200000e+01	4.800000e+01	4.800000e+01	5.400000e+01	2.114627e+03	3.052201e+02	3.052201e+02
4.200000e+01	4.800000e+01	5.400000e+01	6.000000e+01	1.894353e+03	2.888862e+02	2.888862e+02
4.200000e+01	4.800000e+01	6.000000e+01	6.600000e+01	1.585970e+03	2.643284e+02	2.643284e+02
4.200000e+01	4.800000e+01	6.600000e+01	7.200000e+01	1.541915e+03	2.606313e+02	2.606313e+02
4.200000e+01	4.800000e+01	7.200000e+01	7.800000e+01	8.810947e+02	1.970188e+02	1.970188e+02
4.200000e+01	4.800000e+01	7.800000e+01	8.400000e+01	8.370397e+02	1.920301e+02	1.920301e+02
4.200000e+01	4.800000e+01	8.400000e+01	9.000000e+01	1.233532e+03	2.331158e+02	2.331158e+02
4.200000e+01	4.800000e+01	9.000000e+01	9.600000e+01	1.057314e+03	2.158232e+02	2.158232e+02
4.200000e+01	4.800000e+01	9.600000e+01	1.020000e+02	7.929850e+02	1.869084e+02	1.869084e+02
4.200000e+01	4.800000e+01	1.020000e+02	1.080000e+02	8.810944e+02	1.970188e+02	1.970188e+02
4.200000e+01	4.800000e+01	1.080000e+02	1.140000e+02	5.727114e+02	1.588416e+02	1.588416e+02
4.200000e+01	4.800000e+01	1.140000e+02	1.200000e+02	6.608211e+02	1.706232e+02	1.706232e+02
4.200000e+01	4.800000e+01	1.200000e+02	1.260000e+02	8.370397e+02	1.920301e+02	1.920301e+02
4.200000e+01	4.800000e+01	1.260000e+02	1.320000e+02	1.101368e+03	2.202736e+02	2.202736e+02
4.200000e+01	4.800000e+01	1.320000e+02	1.380000e+02	1.145423e+03	2.246359e+02	2.246359e+02
4.200000e+01	4.800000e+01	1.380000e+02	1.440000e+02	9.251492e+02	2.018842e+02	2.018842e+02
4.200000e+01	4.800000e+01	1.440000e+02	1.500000e+02	6.167661e+02	1.648377e+02	1.648377e+02
4.200000e+01	4.800000e+01	1.500000e+02	1.560000e+02	8.370397e+02	1.920301e+02	1.920301e+02
4.200000e+01	4.800000e+01	1.560000e+02	1.620000e+02	7.929853e+02	1.869084e+02	1.869084e+02
4.200000e+01	4.800000e+01	1.620000e+02	1.680000e+02	6.608208e+02	1.706233e+02	1.706233e+02
4.200000e+01	4.800000e+01	1.680000e+02	1.740000e+02	5.727114e+02	1.588416e+02	1.588416e+02
4.200000e+01	4.800000e+01	1.740000e+02	1.800000e+02	3.524378e+02	1.246056e+02	1.246056e+02
4.800000e+01	5.400000e+01	0.000000e+00	6.000000e+00	0.000000e+00	0.000000e+00	0.000000e+00
4.800000e+01	5.400000e+01	6.000000e+00	1.200000e+01	0.000000e+00	0.000000e+00	0.000000e+00
4.800000e+01	5.400000e+01	1.200000e+01	1.800000e+01	0.000000e+00	0.000000e+00	0.000000e+00
4.800000e+01	5.400000e+01	1.800000e+01	2.400000e+01	8.810944e+01	6.230280e+01	6.230280e+01
4.800000e+01	5.400000e+01	2.400000e+01	3.000000e+01	7.953731e+02	1.980982e+02	1.980982e+02
4.800000e+01	5.400000e+01	3.000000e+01	3.600000e+01	1.365696e+03	2.452864e+02	2.452864e+02
4.800000e+01	5.400000e+01	3.600000e+01	4.200000e+01	1.894353e+03	2.888862e+02	2.888862e+02
4.800000e+01	5.400000e+01	4.200000e+01	4.800000e+01	2.499160e+03	4.033260e+02	4.033260e+02
4.800000e+01	5.400000e+01	4.800000e+01	5.400000e+01	1.894353e+03	2.888862e+02	2.888862e+02
4.800000e+01	5.400000e+01	5.400000e+01	6.000000e+01	2.643284e+03	3.412465e+02	3.412465e+02
4.800000e+01	5.400000e+01	6.000000e+01	6.600000e+01	1.938408e+03	2.922261e+02	2.922261e+02
4.800000e+01	5.400000e+01	6.600000e+01	7.200000e+01	1.233532e+03	2.331157e+02	2.331157e+02
4.800000e+01	5.400000e+01	7.200000e+01	7.800000e+01	1.630025e+03	2.679745e+02	2.679745e+02
4.800000e+01	5.400000e+01	7.800000e+01	8.400000e+01	1.057313e+03	2.158232e+02	2.158232e+02
4.800000e+01	5.400000e+01	8.400000e+01	9.000000e+01	9.692042e+02	2.066350e+02	2.066350e+02
4.800000e+01	5.400000e+01	9.000000e+01	9.600000e+01	1.405174e+03	4.093738e+02	4.093738e+02
4.800000e+01	5.400000e+01	9.600000e+01	1.020000e+02	1.321642e+03	2.412977e+02	2.412977e+02
4.800000e+01	5.400000e+01	1.020000e+02	1.080000e+02	1.057314e+03	2.158232e+02	2.158232e+02
4.800000e+01	5.400000e+01	1.080000e+02	1.140000e+02	1.277587e+03	2.372420e+02	2.372420e+02
4.800000e+01	5.400000e+01	1.140000e+02	1.200000e+02	1.145423e+03	2.246359e+02	2.246359e+02
4.800000e+01	5.400000e+01	1.200000e+02	1.260000e+02	8.370400e+02	1.920301e+02	1.920301e+02
4.800000e+01	5.400000e+01	1.260000e+02	1.320000e+02	1.018724e+03	2.225163e+02	2.225163e+02
4.800000e+01	5.400000e+01	1.320000e+02	1.380000e+02	1.145423e+03	2.246360e+02	2.246360e+02
4.800000e+01	5.400000e+01	1.380000e+02	1.440000e+02	1.057314e+03	2.158232e+02	2.158232e+02
4.800000e+01	5.400000e+01	1.440000e+02	1.500000e+02	7.048758e+02	1.762189e+02	1.762189e+02
4.800000e+01	5.400000e+01	1.500000e+02	1.560000e+02	8.757086e+02	2.028951e+02	2.028951e+02
4.800000e+01	5.400000e+01	1.560000e+02	1.620000e+02	9.251494e+02	2.018841e+02	2.018841e+02
4.800000e+01	5.400000e+01	1.620000e+02	1.680000e+02	9.849156e+02	2.105451e+02	2.105451e+02
4.800000e+01	5.400000e+01	1.680000e+02	1.740000e+02	6.167661e+02	1.648377e+02	1.648377e+02
4.800000e+01	5.400000e+01	1.740000e+02	1.800000e+02	5.286567e+02	1.526101e+02	1.526101e+02
5.400000e+01	6.000000e+01	0.000000e+00	6.000000e+00	0.000000e+00	0.000000e+00	0.000000e+00
5.400000e+01	6.000000e+01	6.000000e+00	1.200000e+01	0.000000e+00	0.000000e+00	0.000000e+00
5.400000e+01	6.000000e+01	1.200000e+01	1.800000e+01	0.000000e+00	0.000000e+00	0.000000e+00
5.400000e+01	6.000000e+01	1.800000e+01	2.400000e+01	4.405472e+01	4.405473e+01	4.405473e+01
5.400000e+01	6.000000e+01	2.400000e+01	3.000000e+01	8.370397e+02	1.920301e+02	1.920301e+02
5.400000e+01	6.000000e+01	3.000000e+01	3.600000e+01	1.365696e+03	2.452864e+02	2.452864e+02
5.400000e+01	6.000000e+01	3.600000e+01	4.200000e+01	1.982463e+03	2.955281e+02	2.955281e+02
5.400000e+01	6.000000e+01	4.200000e+01	4.800000e+01	2.599229e+03	3.383908e+02	3.383908e+02
5.400000e+01	6.000000e+01	4.800000e+01	5.400000e+01	2.378956e+03	3.237348e+02	3.237348e+02
5.400000e+01	6.000000e+01	5.400000e+01	6.000000e+01	2.687339e+03	3.440784e+02	3.440784e+02
5.400000e+01	6.000000e+01	6.000000e+01	6.600000e+01	3.039778e+03	3.659461e+02	3.659461e+02
5.400000e+01	6.000000e+01	6.600000e+01	7.200000e+01	2.070572e+03	3.020240e+02	3.020240e+02
5.400000e+01	6.000000e+01	7.200000e+01	7.800000e+01	2.026517e+03	2.987937e+02	2.987937e+02
5.400000e+01	6.000000e+01	7.800000e+01	8.400000e+01	1.453806e+03	2.530752e+02	2.530752e+02
5.400000e+01	6.000000e+01	8.400000e+01	9.000000e+01	1.233532e+03	2.331157e+02	2.331157e+02
5.400000e+01	6.000000e+01	9.000000e+01	9.600000e+01	1.013259e+03	2.112791e+02	2.112791e+02
5.400000e+01	6.000000e+01	9.600000e+01	1.020000e+02	1.365696e+03	2.452864e+02	2.452864e+02
5.400000e+01	6.000000e+01	1.020000e+02	1.080000e+02	8.370400e+02	1.920301e+02	1.920301e+02
5.400000e+01	6.000000e+01	1.080000e+02	1.140000e+02	1.541916e+03	2.606313e+02	2.606313e+02
5.400000e+01	6.000000e+01	1.140000e+02	1.200000e+02	1.674079e+03	2.715716e+02	2.715716e+02
5.400000e+01	6.000000e+01	1.200000e+02	1.260000e+02	1.057314e+03	2.158232e+02	2.158232e+02
5.400000e+01	6.000000e+01	1.260000e+02	1.320000e+02	1.233532e+03	2.331157e+02	2.331157e+02
5.400000e+01	6.000000e+01	1.320000e+02	1.380000e+02	1.353203e+03	3.059967e+02	3.059967e+02
5.400000e+01	6.000000e+01	1.380000e+02	1.440000e+02	1.453806e+03	2.530752e+02	2.530752e+02
5.400000e+01	6.000000e+01	1.440000e+02	1.500000e+02	3.964925e+02	1.321642e+02	1.321642e+02
5.400000e+01	6.000000e+01	1.500000e+02	1.560000e+02	1.013259e+03	2.112791e+02	2.112791e+02
5.400000e+01	6.000000e+01	1.560000e+02	1.620000e+02	8.810944e+02	1.970188e+02	1.970188e+02
5.400000e+01	6.000000e+01	1.620000e+02	1.680000e+02	9.692042e+02	2.066350e+02	2.066350e+02
5.400000e+01	6.000000e+01	1.680000e+02	1.740000e+02	7.929850e+02	1.869084e+02	1.869084e+02
5.400000e+01	6.000000e+01	1.740000e+02	1.800000e+02	8.810944e+02	1.970187e+02	1.970187e+02
6.000000e+01	6.600000e+01	0.000000e+00	6.000000e+00	0.000000e+00	0.000000e+00	0.000000e+00
6.000000e+01	6.600000e+01	6.000000e+00	1.200000e+01	0.000000e+00	0.000000e+00	0.000000e+00
6.000000e+01	6.600000e+01	1.200000e+01	1.800000e+01	0.000000e+00	0.000000e+00	0.000000e+00
6.000000e+01	6.600000e+01	1.800000e+01	2.400000e+01	8.810944e+01	6.230280e+01	6.230280e+01
6.000000e+01	6.600000e+01	2.400000e+01	3.000000e+01	2.643284e+02	1.079116e+02	1.079116e+02
6.000000e+01	6.600000e+01	3.000000e+01	3.600000e+01	1.758001e+03	8.987667e+02	8.987667e+02
6.000000e+01	6.600000e+01	3.600000e+01	4.200000e+01	1.497861e+03	2.568810e+02	2.568810e+02
6.000000e+01	6.600000e+01	4.200000e+01	4.800000e+01	1.541915e+03	2.606313e+02	2.606313e+02
6.000000e+01	6.600000e+01	4.800000e+01	5.400000e+01	2.158681e+03	3.083831e+02	3.083831e+02
6.000000e+01	6.600000e+01	5.400000e+01	6.000000e+01	2.290846e+03	3.176832e+02	3.176832e+02
6.000000e+01	6.600000e+01	6.000000e+01	6.600000e+01	2.511120e+03	3.326059e+02	3.326059e+02
6.000000e+01	6.600000e+01	6.600000e+01	7.200000e+01	2.252281e+03	3.524723e+02	3.524723e+02
6.000000e+01	6.600000e+01	7.200000e+01	7.800000e+01	1.718134e+03	2.751217e+02	2.751217e+02
6.000000e+01	6.600000e+01	7.800000e+01	8.400000e+01	1.708231e+03	2.791533e+02	2.791533e+02
6.000000e+01	6.600000e+01	8.400000e+01	9.000000e+01	1.321642e+03	2.412977e+02	2.412977e+02
6.000000e+01	6.600000e+01	9.000000e+01	9.600000e+01	1.850298e+03	2.855073e+02	2.855073e+02
6.000000e+01	6.600000e+01	9.600000e+01	1.020000e+02	1.718134e+03	2.751217e+02	2.751217e+02
6.000000e+01	6.600000e+01	1.020000e+02	1.080000e+02	1.189478e+03	2.289151e+02	2.289151e+02
6.000000e+01	6.600000e+01	1.080000e+02	1.140000e+02	1.497861e+03	2.568810e+02	2.568810e+02
6.000000e+01	6.600000e+01	1.140000e+02	1.200000e+02	1.321642e+03	2.412977e+02	2.412977e+02
6.000000e+01	6.600000e+01	1.200000e+02	1.260000e+02	1.277587e+03	2.372420e+02	2.372420e+02
6.000000e+01	6.600000e+01	1.260000e+02	1.320000e+02	1.189478e+03	2.289151e+02	2.289151e+02
6.000000e+01	6.600000e+01	1.320000e+02	1.380000e+02	9.692042e+02	2.066350e+02	2.066350e+02
6.000000e+01	6.600000e+01	1.380000e+02	1.440000e+02	1.460462e+03	2.608068e+02	2.608068e+02
6.000000e+01	6.600000e+01	1.440000e+02	1.500000e+02	1.820196e+03	2.934427e+02	2.934427e+02
6.000000e+01	6.600000e+01	1.500000e+02	1.560000e+02	1.013259e+03	2.112791e+02	2.112791e+02
6.000000e+01	6.600000e+01	1.560000e+02	1.620000e+02	9.692039e+02	2.066350e+02	2.066350e+02
6.000000e+01	6.600000e+01	1.620000e+02	1.680000e+02	7.489303e+02	1.816423e+02	1.816423e+02
6.000000e+01	6.600000e+01	1.680000e+02	1.740000e+02	9.692039e+02	2.066350e+02	2.066350e+02
6.000000e+01	6.600000e+01	1.740000e+02	1.800000e+02	4.846019e+02	1.461130e+02	1.461130e+02
6.600000e+01	7.200000e+01	0.000000e+00	6.000000e+00	0.000000e+00	0.000000e+00	0.000000e+00
6.600000e+01	7.200000e+01	6.000000e+00	1.200000e+01	0.000000e+00	0.000000e+00	0.000000e+00
6.600000e+01	7.200000e+01	1.200000e+01	1.800000e+01	0.000000e+00	0.000000e+00	0.000000e+00
6.600000e+01	7.200000e+01	1.800000e+01	2.400000e+01	0.000000e+00	0.000000e+00	0.000000e+00
6.600000e+01	7.200000e+01	2.400000e+01	3.000000e+01	3.964925e+02	1.321642e+02	1.321642e+02
6.600000e+01	7.200000e+01	3.000000e+01	3.600000e+01	6.167661e+02	1.648377e+02	1.648377e+02
6.600000e+01	7.200000e+01	3.600000e+01	4.200000e+01	1.189477e+03	2.289151e+02	2.289151e+02
6.600000e+01	7.200000e+01	4.200000e+01	4.800000e+01	1.279693e+03	2.376421e+02	2.376421e+02
6.600000e+01	7.200000e+01	4.800000e+01	5.400000e+01	2.343552e+03	3.220257e+02	3.220257e+02
6.600000e+01	7.200000e+01	5.400000e+01	6.000000e+01	2.202736e+03	3.115140e+02	3.115140e+02
6.600000e+01	7.200000e+01	6.000000e+01	6.600000e+01	1.850298e+03	2.855073e+02	2.855073e+02
6.600000e+01	7.200000e+01	6.600000e+01	7.200000e+01	2.246791e+03	3.146137e+02	3.146137e+02
6.600000e+01	7.200000e+01	7.200000e+01	7.800000e+01	1.718134e+03	2.751217e+02	2.751217e+02
6.600000e+01	7.200000e+01	7.800000e+01	8.400000e+01	2.290846e+03	3.176832e+02	3.176832e+02
6.600000e+01	7.200000e+01	8.400000e+01	9.000000e+01	1.762189e+03	2.786266e+02	2.786266e+02
6.600000e+01	7.200000e+01	9.000000e+01	9.600000e+01	1.585970e+03	2.643284e+02	2.643284e+02
6.600000e+01	7.200000e+01	9.600000e+01	1.020000e+02	1.718134e+03	2.751217e+02	2.751217e+02
6.600000e+01	7.200000e+01	1.020000e+02	1.080000e+02	1.864293e+03	2.967456e+02	2.967456e+02
6.600000e+01	7.200000e+01	1.080000e+02	1.140000e+02	1.369235e+03	2.459465e+02	2.459465e+02
6.600000e+01	7.200000e+01	1.140000e+02	1.200000e+02	2.202736e+03	3.115140e+02	3.115140e+02
6.600000e+01	7.200000e+01	1.200000e+02	1.260000e+02	1.850299e+03	2.855073e+02	2.855073e+02
6.600000e+01	7.200000e+01	1.260000e+02	1.320000e+02	1.676661e+03	2.934026e+02	2.934026e+02
6.600000e+01	7.200000e+01	1.320000e+02	1.380000e+02	1.365696e+03	2.452864e+02	2.452864e+02
6.600000e+01	7.200000e+01	1.380000e+02	1.440000e+02	1.674079e+03	2.715716e+02	2.715716e+02
6.600000e+01	7.200000e+01	1.440000e+02	1.500000e+02	1.189477e+03	2.289151e+02	2.289151e+02
6.600000e+01	7.200000e+01	1.500000e+02	1.560000e+02	1.189477e+03	2.289151e+02	2.289151e+02
6.600000e+01	7.200000e+01	1.560000e+02	1.620000e+02	1.101368e+03	2.202736e+02	2.202736e+02
6.600000e+01	7.200000e+01	1.620000e+02	1.680000e+02	1.101368e+03	2.202737e+02	2.202737e+02
6.600000e+01	7.200000e+01	1.680000e+02	1.740000e+02	8.810947e+02	1.970188e+02	1.970188e+02
6.600000e+01	7.200000e+01	1.740000e+02	1.800000e+02	1.101368e+03	2.202737e+02	2.202737e+02
7.200000e+01	7.800000e+01	0.000000e+00	6.000000e+00	0.000000e+00	0.000000e+00	0.000000e+00
7.200000e+01	7.800000e+01	6.000000e+00	1.200000e+01	0.000000e+00	0.000000e+00	0.000000e+00
7.200000e+01	7.800000e+01	1.200000e+01	1.800000e+01	0.000000e+00	0.000000e+00	0.000000e+00
7.200000e+01	7.800000e+01	1.800000e+01	2.400000e+01	0.000000e+00	0.000000e+00	0.000000e+00
7.200000e+01	7.800000e+01	2.400000e+01	3.000000e+01	1.321642e+02	7.630503e+01	7.630503e+01
7.200000e+01	7.800000e+01	3.000000e+01	3.600000e+01	5.727114e+02	1.588416e+02	1.588416e+02
7.200000e+01	7.800000e+01	3.600000e+01	4.200000e+01	7.929850e+02	1.869084e+02	1.869084e+02
7.200000e+01	7.800000e+01	4.200000e+01	4.800000e+01	1.484560e+03	3.148356e+02	3.148356e+02
7.200000e+01	7.800000e+01	4.800000e+01	5.400000e+01	1.541915e+03	2.606313e+02	2.606313e+02
7.200000e+01	7.800000e+01	5.400000e+01	6.000000e+01	1.938408e+03	2.922261e+02	2.922261e+02
7.200000e+01	7.800000e+01	6.000000e+01	6.600000e+01	1.938408e+03	2.922261e+02	2.922261e+02
7.200000e+01	7.800000e+01	6.600000e+01	7.200000e+01	2.290846e+03	3.176832e+02	3.176832e+02
7.200000e+01	7.800000e+01	7.200000e+01	7.800000e+01	2.687339e+03	3.440784e+02	3.440784e+02
7.200000e+01	7.800000e+01	7.800000e+01	8.400000e+01	2.819503e+03	3.524378e+02	3.524378e+02
7.200000e+01	7.800000e+01	8.400000e+01	9.000000e+01	2.555175e+03	3.355108e+02	3.355108e+02
7.200000e+01	7.800000e+01	9.000000e+01	9.600000e+01	2.016100e+03	3.134923e+02	3.134923e+02
7.200000e+01	7.800000e+01	9.600000e+01	1.020000e+02	1.982462e+03	2.955281e+02	2.955281e+02
7.200000e+01	7.800000e+01	1.020000e+02	1.080000e+02	1.938408e+03	2.922261e+02	2.922261e+02
7.200000e+01	7.800000e+01	1.080000e+02	1.140000e+02	1.630025e+03	2.679745e+02	2.679745e+02
7.200000e+01	7.800000e+01	1.140000e+02	1.200000e+02	2.262598e+03	3.172135e+02	3.172135e+02
7.200000e+01	7.800000e+01	1.200000e+02	1.260000e+02	2.118860e+03	3.127376e+02	3.127376e+02
7.200000e+01	7.800000e+01	1.260000e+02	1.320000e+02	1.718134e+03	2.751217e+02	2.751217e+02
7.200000e+01	7.800000e+01	1.320000e+02	1.380000e+02	1.365696e+03	2.452864e+02	2.452864e+02
7.200000e+01	7.800000e+01	1.380000e+02	1.440000e+02	1.145423e+03	2.246359e+02	2.246359e+02
7.200000e+01	7.800000e+01	1.440000e+02	1.500000e+02	1.630025e+03	2.679745e+02	2.679745e+02
7.200000e+01	7.800000e+01	1.500000e+02	1.560000e+02	1.585970e+03	2.643284e+02	2.643284e+02
7.200000e+01	7.800000e+01	1.560000e+02	1.620000e+02	1.497861e+03	2.568810e+02	2.568810e+02
7.200000e+01	7.800000e+01	1.620000e+02	1.680000e+02	1.189477e+03	2.289151e+02	2.289151e+02
7.200000e+01	7.800000e+01	1.680000e+02	1.740000e+02	1.066922e+03	2.285757e+02	2.285757e+02
7.200000e+01	7.800000e+01	1.740000e+02	1.800000e+02	1.189478e+03	2.289151e+02	2.289151e+02
7.800000e+01	8.400000e+01	0.000000e+00	6.000000e+00	0.000000e+00	0.000000e+00	0.000000e+00
7.800000e+01	8.400000e+01	6.000000e+00	1.200000e+01	0.000000e+00	0.000000e+00	0.000000e+00
7.800000e+01	8.400000e+01	1.200000e+01	1.800000e+01	0.000000e+00	0.000000e+00	0.000000e+00
7.800000e+01	8.400000e+01	1.800000e+01	2.400000e+01	4.405472e+01	4.405473e+01	4.405473e+01
7.800000e+01	8.400000e+01	2.400000e+01	3.000000e+01	2.643284e+02	1.079116e+02	1.079116e+02
7.800000e+01	8.400000e+01	3.000000e+01	3.600000e+01	3.964925e+02	1.321642e+02	1.321642e+02
7.800000e+01	8.400000e+01	3.600000e+01	4.200000e+01	7.048756e+02	1.762189e+02	1.762189e+02
7.800000e+01	8.400000e+01	4.200000e+01	4.800000e+01	6.167661e+02	1.648377e+02	1.648377e+02
7.800000e+01	8.400000e+01	4.800000e+01	5.400000e+01	1.013259e+03	2.112791e+02	2.112791e+02
7.800000e+01	8.400000e+01	5.400000e+01	6.000000e+01	1.233532e+03	2.331157e+02	2.331157e+02
7.800000e+01	8.400000e+01	6.000000e+01	6.600000e+01	1.321642e+03	2.412977e+02	2.412977e+02
7.800000e+01	8.400000e+01	6.600000e+01	7.200000e+01	1.365696e+03	2.452864e+02	2.452864e+02
7.800000e+01	8.400000e+01	7.200000e+01	7.800000e+01	1.541915e+03	2.606313e+02	2.606313e+02
7.800000e+01	8.400000e+01	7.800000e+01	8.400000e+01	2.511120e+03	3.326059e+02	3.326059e+02
7.800000e+01	8.400000e+01	8.400000e+01	9.000000e+01	2.378955e+03	3.237348e+02	3.237348e+02
7.800000e+01	8.400000e+01	9.000000e+01	9.600000e+01	2.334901e+03	3.207233e+02	3.207233e+02
7.800000e+01	8.400000e+01	9.600000e+01	1.020000e+02	2.246791e+03	3.146137e+02	3.146137e+02
7.800000e+01	8.400000e+01	1.020000e+02	1.080000e+02	2.814925e+03	4.792631e+02	4.792631e+02
7.800000e+01	8.400000e+01	1.080000e+02	1.140000e+02	2.246791e+03	3.146137e+02	3.146137e+02
7.800000e+01	8.400000e+01	1.140000e+02	1.200000e+02	1.863850e+03	2.879099e+02	2.879099e+02
7.800000e+01	8.400000e+01	1.200000e+02	1.260000e+02	1.850298e+03	2.855073e+02	2.855073e+02
7.800000e+01	8.400000e+01	1.260000e+02	1.320000e+02	1.982463e+03	2.955281e+02	2.955281e+02
7.800000e+01	8.400000e+01	1.320000e+02	1.380000e+02	1.762189e+03	2.786266e+02	2.786266e+02
7.800000e+01	8.400000e+01	1.380000e+02	1.440000e+02	2.158682e+03	3.083831e+02	3.083831e+02
7.800000e+01	8.400000e+01	1.440000e+02	1.500000e+02	1.630025e+03	2.679745e+02	2.679745e+02
7.800000e+01	8.400000e+01	1.500000e+02	1.560000e+02	1.369597e+03	2.460169e+02	2.460169e+02
7.800000e+01	8.400000e+01	1.560000e+02	1.620000e+02	1.894353e+03	2.888862e+02	2.888862e+02
7.800000e+01	8.400000e+01	1.620000e+02	1.680000e+02	6.608208e+02	1.706232e+02	1.706232e+02
7.800000e+01	8.400000e+01	1.680000e+02	1.740000e+02	1.189478e+03	2.289151e+02	2.289151e+02
7.800000e+01	8.400000e+01	1.740000e+02	1.800000e+02	8.810947e+02	1.970188e+02	1.970188e+02
8.400000e+01	9.000000e+01	0.000000e+00	6.000000e+00	0.000000e+00	0.000000e+00	0.000000e+00
8.400000e+01	9.000000e+01	6.000000e+00	1.200000e+01	0.000000e+00	0.000000e+00	0.000000e+00
8.400000e+01	9.000000e+01	1.200000e+01	1.800000e+01	0.000000e+00	0.000000e+00	0.000000e+00
8.400000e+01	9.000000e+01	1.800000e+01	2.400000e+01	8.810944e+01	6.230280e+01	6.230280e+01
8.400000e+01	9.000000e+01	2.400000e+01	3.000000e+01	2.202737e+02	9.850938e+01	9.850938e+01
8.400000e+01	9.000000e+01	3.000000e+01	3.600000e+01	4.846019e+02	1.461130e+02	1.461130e+02
8.400000e+01	9.000000e+01	3.600000e+01	4.200000e+01	3.964925e+02	1.321642e+02	1.321642e+02
8.400000e+01	9.000000e+01	4.200000e+01	4.800000e+01	9.251494e+02	2.018841e+02	2.018841e+02
8.400000e+01	9.000000e+01	4.800000e+01	5.400000e+01	1.145423e+03	2.246360e+02	2.246360e+02
8.400000e+01	9.000000e+01	5.400000e+01	6.000000e+01	7.929853e+02	1.869084e+02	1.869084e+02
8.400000e+01	9.000000e+01	6.000000e+01	6.600000e+01	7.489303e+02	1.816423e+02	1.816423e+02
8.400000e+01	9.000000e+01	6.600000e+01	7.200000e+01	1.630025e+03	2.679745e+02	2.679745e+02
8.400000e+01	9.000000e+01	7.200000e+01	7.800000e+01	1.982463e+03	2.955281e+02	2.955281e+02
8.400000e+01	9.000000e+01	7.800000e+01	8.400000e+01	1.630025e+03	2.679745e+02	2.679745e+02
8.400000e+01	9.000000e+01	8.400000e+01	9.000000e+01	3.524378e+03	3.940375e+02	3.940375e+02
8.400000e+01	9.000000e+01	9.000000e+01	9.600000e+01	3.260050e+03	3.789731e+02	3.789731e+02
8.400000e+01	9.000000e+01	9.600000e+01	1.020000e+02	2.951667e+03	3.606035e+02	3.606035e+02
8.400000e+01	9.000000e+01	1.020000e+02	1.080000e+02	2.290846e+03	3.176832e+02	3.176832e+02
8.400000e+01	9.000000e+01	1.080000e+02	1.140000e+02	3.304106e+03	3.815251e+02	3.815251e+02
8.400000e+01	9.000000e+01	1.140000e+02	1.200000e+02	2.995722e+03	3.632846e+02	3.632846e+02
8.400000e+01	9.000000e+01	1.200000e+02	1.260000e+02	2.775448e+03	3.496736e+02	3.496736e+02
8.400000e+01	9.000000e+01	1.260000e+02	1.320000e+02	2.792869e+03	3.522929e+02	3.522929e+02
8.400000e+01	9.000000e+01	1.320000e+02	1.380000e+02	2.246791e+03	3.146137e+02	3.146137e+02
8.400000e+01	9.000000e+01	1.380000e+02	1.440000e+02	1.630025e+03	2.679745e+02	2.679745e+02
8.400000e+01	9.000000e+01	1.440000e+02	1.500000e+02	2.026517e+03	2.987937e+02	2.987937e+02
8.400000e+01	9.000000e+01	1.500000e+02	1.560000e+02	2.359543e+03	3.342078e+02	3.342078e+02
8.400000e+01	9.000000e+01	1.560000e+02	1.620000e+02	1.371360e+03	2.463664e+02	2.463664e+02
8.400000e+01	9.000000e+01	1.620000e+02	1.680000e+02	1.762189e+03	2.786266e+02	2.786266e+02
8.400000e+01	9.000000e+01	1.680000e+02	1.740000e+02	1.497861e+03	2.568810e+02	2.568810e+02
8.400000e+01	9.000000e+01	1.740000e+02	1.800000e+02	7.929850e+02	1.869084e+02	1.869084e+02
9.000000e+01	9.600000e+01	0.000000e+00	6.000000e+00	0.000000e+00	0.000000e+00	0.000000e+00
9.000000e+01	9.600000e+01	6.000000e+00	1.200000e+01	0.000000e+00	0.000000e+00	0.000000e+00
9.000000e+01	9.600000e+01	1.200000e+01	1.800000e+01	0.000000e+00	0.000000e+00	0.000000e+00
9.000000e+01	9.600000e+01	1.800000e+01	2.400000e+01	0.000000e+00	0.000000e+00	0.000000e+00
9.000000e+01	9.600000e+01	2.400000e+01	3.000000e+01	2.643284e+02	1.079116e+02	1.079116e+02
9.000000e+01	9.600000e+01	3.000000e+01	3.600000e+01	3.083831e+02	1.165579e+02	1.165579e+02
9.000000e+01	9.600000e+01	3.600000e+01	4.200000e+01	3.964925e+02	1.321642e+02	1.321642e+02
9.000000e+01	9.600000e+01	4.200000e+01	4.800000e+01	6.167661e+02	1.648377e+02	1.648377e+02
9.000000e+01	9.600000e+01	4.800000e+01	5.400000e+01	7.048756e+02	1.762189e+02	1.762189e+02
9.000000e+01	9.600000e+01	5.400000e+01	6.000000e+01	1.059862e+03	3.963189e+02	3.963189e+02
9.000000e+01	9.600000e+01	6.000000e+01	6.600000e+01	8.810944e+02	1.970188e+02	1.970188e+02
9.000000e+01	9.600000e+01	6.600000e+01	7.200000e+01	1.541915e+03	2.606313e+02	2.606313e+02
9.000000e+01	9.600000e+01	7.200000e+01	7.800000e+01	1.189477e+03	2.289151e+02	2.289151e+02
9.000000e+01	9.600000e+01	7.800000e+01	8.400000e+01	2.290846e+03	3.176832e+02	3.176832e+02
9.000000e+01	9.600000e+01	8.400000e+01	9.000000e+01	2.951667e+03	3.606035e+02	3.606035e+02
9.000000e+01	9.600000e+01	9.000000e+01	9.600000e+01	3.788708e+03	4.085468e+02	4.085468e+02
9.000000e+01	9.600000e+01	9.600000e+01	1.020000e+02	3.524378e+03	3.940375e+02	3.940375e+02
9.000000e+01	9.600000e+01	1.020000e+02	1.080000e+02	4.229253e+03	4.316465e+02	4.316465e+02
9.000000e+01	9.600000e+01	1.080000e+02	1.140000e+02	4.581692e+03	4.492719e+02	4.492719e+02
9.000000e+01	9.600000e+01	1.140000e+02	1.200000e+02	3.516153e+03	3.971968e+02	3.971968e+02
9.000000e+01	9.600000e+01	1.200000e+02	1.260000e+02	3.348161e+03	3.840603e+02	3.840603e+02
9.000000e+01	9.600000e+01	1.260000e+02	1.320000e+02	3.039778e+03	3.659461e+02	3.659461e+02
9.000000e+01	9.600000e+01	1.320000e+02	1.380000e+02	3.279614e+03	4.010226e+02	4.010226e+02
9.000000e+01	9.600000e+01	1.380000e+02	1.440000e+02	3.013281e+03	4.739496e+02	4.739496e+02
9.000000e+01	9.600000e+01	1.440000e+02	1.500000e+02	2.599229e+03	3.383908e+02	3.383908e+02
9.000000e+01	9.600000e+01	1.500000e+02	1.560000e+02	2.070572e+03	3.020240e+02	3.020240e+02
9.000000e+01	9.600000e+01	1.560000e+02	1.620000e+02	1.762189e+03	2.786266e+02	2.786266e+02
9.000000e+01	9.600000e+01	1.620000e+02	1.680000e+02	1.497861e+03	2.568810e+02	2.568810e+02
9.000000e+01	9.600000e+01	1.680000e+02	1.740000e+02	1.409751e+03	2.492112e+02	2.492112e+02
9.000000e+01	9.600000e+01	1.740000e+02	1.800000e+02	1.189477e+03	2.289151e+02	2.289151e+02
9.600000e+01	1.020000e+02	0.000000e+00	6.000000e+00	0.000000e+00	0.000000e+00	0.000000e+00
9.600000e+01	1.020000e+02	6.000000e+00	1.200000e+01	0.000000e+00	0.000000e+00	0.000000e+00
9.600000e+01	1.020000e+02	1.200000e+01	1.800000e+01	0.000000e+00	0.000000e+00	0.000000e+00
9.600000e+01	1.020000e+02	1.800000e+01	2.400000e+01	0.000000e+00	0.000000e+00	0.000000e+00
9.600000e+01	1.020000e+02	2.400000e+01	3.000000e+01	2.202737e+02	9.850938e+01	9.850938e+01
9.600000e+01	1.020000e+02	3.000000e+01	3.600000e+01	2.643284e+02	1.079116e+02	1.079116e+02
9.600000e+01	1.020000e+02	3.600000e+01	4.200000e+01	7.048758e+02	1.762189e+02	1.762189e+02
9.600000e+01	1.020000e+02	4.200000e+01	4.800000e+01	6.608208e+02	1.706232e+02	1.706232e+02
9.600000e+01	1.020000e+02	4.800000e+01	5.400000e+01	4.846019e+02	1.461130e+02	1.461130e+02
9.600000e+01	1.020000e+02	5.400000e+01	6.000000e+01	4.846019e+02	1.461130e+02	1.461130e+02
9.600000e+01	1.020000e+02	6.000000e+01	6.600000e+01	8.810944e+02	1.970188e+02	1.970188e+02
9.600000e+01	1.020000e+02	6.600000e+01	7.200000e+01	8.370400e+02	1.920301e+02	1.920301e+02
9.600000e+01	1.020000e+02	7.200000e+01	7.800000e+01	9.251494e+02	2.018841e+02	2.018841e+02
9.600000e+01	1.020000e+02	7.800000e+01	8.400000e+01	2.158682e+03	3.083831e+02	3.083831e+02
9.600000e+01	1.020000e+02	8.400000e+01	9.000000e+01	1.850299e+03	2.855073e+02	2.855073e+02
9.600000e+01	1.020000e+02	9.000000e+01	9.600000e+01	3.524378e+03	3.940374e+02	3.940374e+02
9.600000e+01	1.020000e+02	9.600000e+01	1.020000e+02	4.724600e+03	4.846226e+02	4.846226e+02
9.600000e+01	1.020000e+02	1.020000e+02	1.080000e+02	4.890075e+03	4.641454e+02	4.641454e+02
9.600000e+01	1.020000e+02	1.080000e+02	1.140000e+02	4.846019e+03	4.620499e+02	4.620499e+02
9.600000e+01	1.020000e+02	1.140000e+02	1.200000e+02	3.765586e+03	4.089649e+02	4.089649e+02
9.600000e+01	1.020000e+02	1.200000e+02	1.260000e+02	3.697558e+03	4.079024e+02	4.079024e+02
9.600000e+01	1.020000e+02	1.260000e+02	1.320000e+02	3.487142e+03	3.923925e+02	3.923925e+02
9.600000e+01	1.020000e+02	1.320000e+02	1.380000e+02	3.656542e+03	4.013576e+02	4.013576e+02
9.600000e+01	1.020000e+02	1.380000e+02	1.440000e+02	4.733419e+03	4.742006e+02	4.742006e+02
9.600000e+01	1.020000e+02	1.440000e+02	1.500000e+02	2.299196e+03	3.189483e+02	3.189483e+02
9.600000e+01	1.020000e+02	1.500000e+02	1.560000e+02	1.951302e+03	2.944459e+02	2.944459e+02
9.600000e+01	1.020000e+02	1.560000e+02	1.620000e+02	2.213610e+03	3.132367e+02	3.132367e+02
9.600000e+01	1.020000e+02	1.620000e+02	1.680000e+02	1.982462e+03	2.955281e+02	2.955281e+02
9.600000e+01	1.020000e+02	1.680000e+02	1.740000e+02	1.641017e+03	2.699994e+02	2.699994e+02
9.600000e+01	1.020000e+02	1.740000e+02	1.800000e+02	1.762189e+03	2.786266e+02	2.786266e+02
1.020000e+02	1.080000e+02	0.000000e+00	6.000000e+00	0.000000e+00	0.000000e+00	0.000000e+00
1.020000e+02	1.080000e+02	6.000000e+00	1.200000e+01	0.000000e+00	0.000000e+00	0.000000e+00
1.020000e+02	1.080000e+02	1.200000e+01	1.800000e+01	0.000000e+00	0.000000e+00	0.000000e+00
1.020000e+02	1.080000e+02	1.800000e+01	2.400000e+01	0.000000e+00	0.000000e+00	0.000000e+00
1.020000e+02	1.080000e+02	2.400000e+01	3.000000e+01	1.762189e+02	8.810947e+01	8.810947e+01
1.020000e+02	1.080000e+02	3.000000e+01	3.600000e+01	3.964925e+02	1.321642e+02	1.321642e+02
1.020000e+02	1.080000e+02	3.600000e+01	4.200000e+01	6.167661e+02	1.648377e+02	1.648377e+02
1.020000e+02	1.080000e+02	4.200000e+01	4.800000e+01	6.608211e+02	1.706232e+02	1.706232e+02
1.020000e+02	1.080000e+02	4.800000e+01	5.400000e+01	5.727114e+02	1.588416e+02	1.588416e+02
1.020000e+02	1.080000e+02	5.400000e+01	6.000000e+01	6.167661e+02	1.648377e+02	1.648377e+02
1.020000e+02	1.080000e+02	6.000000e+01	6.600000e+01	6.677006e+02	1.725276e+02	1.725276e+02
1.020000e+02	1.080000e+02	6.600000e+01	7.200000e+01	9.692042e+02	2.066350e+02	2.066350e+02
1.020000e+02	1.080000e+02	7.200000e+01	7.800000e+01	1.630025e+03	2.679745e+02	2.679745e+02
1.020000e+02	1.080000e+02	7.800000e+01	8.400000e+01	1.453806e+03	2.530752e+02	2.530752e+02
1.020000e+02	1.080000e+02	8.400000e+01	9.000000e+01	2.114627e+03	3.052201e+02	3.052201e+02
1.020000e+02	1.080000e+02	9.000000e+01	9.600000e+01	3.083831e+03	3.685883e+02	3.685883e+02
1.020000e+02	1.080000e+02	9.600000e+01	1.020000e+02	4.185200e+03	4.293924e+02	4.293924e+02
1.020000e+02	1.080000e+02	1.020000e+02	1.080000e+02	5.727114e+03	5.023012e+02	5.023012e+02
1.020000e+02	1.080000e+02	1.080000e+02	1.140000e+02	7.185931e+03	5.628677e+02	5.628677e+02
1.020000e+02	1.080000e+02	1.140000e+02	1.200000e+02	5.632064e+03	5.011301e+02	5.011301e+02
1.020000e+02	1.080000e+02	1.200000e+02	1.260000e+02	5.066294e+03	4.724343e+02	4.724343e+02
1.020000e+02	1.080000e+02	1.260000e+02	1.320000e+02	3.605786e+03	4.023590e+02	4.023590e+02
1.020000e+02	1.080000e+02	1.320000e+02	1.380000e+02	4.713856e+03	4.557057e+02	4.557057e+02
1.020000e+02	1.080000e+02	1.380000e+02	1.440000e+02	6.167664e+03	5.212626e+02	5.212626e+02
1.020000e+02	1.080000e+02	1.440000e+02	1.500000e+02	3.436269e+03	3.890808e+02	3.890808e+02
1.020000e+02	1.080000e+02	1.500000e+02	1.560000e+02	3.766281e+03	4.160891e+02	4.160891e+02
1.020000e+02	1.080000e+02	1.560000e+02	1.620000e+02	2.863558e+03	3.551806e+02	3.551806e+02
1.020000e+02	1.080000e+02	1.620000e+02	1.680000e+02	2.423010e+03	3.267186e+02	3.267186e+02
1.020000e+02	1.080000e+02	1.680000e+02	1.740000e+02	2.494067e+03	3.343565e+02	3.343565e+02
1.020000e+02	1.080000e+02	1.740000e+02	1.800000e+02	3.039775e+03	3.659461e+02	3.659461e+02
1.080000e+02	1.140000e+02	0.000000e+00	6.000000e+00	0.000000e+00	0.000000e+00	0.000000e+00
1.080000e+02	1.140000e+02	6.000000e+00	1.200000e+01	0.000000e+00	0.000000e+00	0.000000e+00
1.080000e+02	1.140000e+02	1.200000e+01	1.800000e+01	0.000000e+00	0.000000e+00	0.000000e+00
1.080000e+02	1.140000e+02	1.800000e+01	2.400000e+01	1.762189e+02	8.810947e+01	8.810947e+01
1.080000e+02	1.140000e+02	2.400000e+01	3.000000e+01	8.810944e+01	6.230280e+01	6.230280e+01
1.080000e+02	1.140000e+02	3.000000e+01	3.600000e+01	3.524378e+02	1.246056e+02	1.246056e+02
1.080000e+02	1.140000e+02	3.600000e+01	4.200000e+01	5.286567e+02	1.526101e+02	1.526101e+02
1.080000e+02	1.140000e+02	4.200000e+01	4.800000e+01	3.524378e+02	1.246056e+02	1.246056e+02
1.080000e+02	1.140000e+02	4.800000e+01	5.400000e+01	3.524378e+02	1.246056e+02	1.246056e+02
1.080000e+02	1.140000e+02	5.400000e+01	6.000000e+01	6.608208e+02	1.706232e+02	1.706232e+02
1.080000e+02	1.140000e+02	6.000000e+01	6.600000e+01	9.251492e+02	2.018841e+02	2.018841e+02
1.080000e+02	1.140000e+02	6.600000e+01	7.200000e+01	8.613361e+02	1.990141e+02	1.990141e+02
1.080000e+02	1.140000e+02	7.200000e+01	7.800000e+01	1.277587e+03	2.372420e+02	2.372420e+02
1.080000e+02	1.140000e+02	7.800000e+01	8.400000e+01	1.196159e+03	2.566278e+02	2.566278e+02
1.080000e+02	1.140000e+02	8.400000e+01	9.000000e+01	1.630025e+03	2.679745e+02	2.679745e+02
1.080000e+02	1.140000e+02	9.000000e+01	9.600000e+01	2.423010e+03	3.267186e+02	3.267186e+02
1.080000e+02	1.140000e+02	9.600000e+01	1.020000e+02	3.920872e+03	4.156115e+02	4.156115e+02
1.080000e+02	1.140000e+02	1.020000e+02	1.080000e+02	5.330622e+03	4.846020e+02	4.846020e+02
1.080000e+02	1.140000e+02	1.080000e+02	1.140000e+02	7.433178e+03	5.742783e+02	5.742783e+02
1.080000e+02	1.140000e+02	1.140000e+02	1.200000e+02	7.755458e+03	5.845925e+02	5.845925e+02
1.080000e+02	1.140000e+02	1.200000e+02	1.260000e+02	6.186564e+03	5.276947e+02	5.276947e+02
1.080000e+02	1.140000e+02	1.260000e+02	1.320000e+02	5.286567e+03	4.825954e+02	4.825954e+02
1.080000e+02	1.140000e+02	1.320000e+02	1.380000e+02	6.195850e+03	5.243976e+02	5.243976e+02
1.080000e+02	1.140000e+02	1.380000e+02	1.440000e+02	6.564156e+03	5.377565e+02	5.377565e+02
1.080000e+02	1.140000e+02	1.440000e+02	1.500000e+02	4.206922e+03	4.388162e+02	4.388162e+02
1.080000e+02	1.140000e+02	1.500000e+02	1.560000e+02	3.083831e+03	3.685883e+02	3.685883e+02
1.080000e+02	1.140000e+02	1.560000e+02	1.620000e+02	3.493569e+03	3.931660e+02	3.931660e+02
1.080000e+02	1.140000e+02	1.620000e+02	1.680000e+02	4.807567e+03	4.637717e+02	4.637717e+02
1.080000e+02	1.140000e+02	1.680000e+02	1.740000e+02	4.537636e+03	4.471067e+02	4.471067e+02
1.080000e+02	1.140000e+02	1.740000e+02	1.800000e+02	3.964669e+03	4.765968e+02	4.765968e+02
1.140000e+02	1.200000e+02	0.000000e+00	6.000000e+00	0.000000e+00	0.000000e+00	0.000000e+00
1.140000e+02	1.200000e+02	6.000000e+00	1.200000e+01	0.000000e+00	0.000000e+00	0.000000e+00
1.140000e+02	1.200000e+02	1.200000e+01	1.800000e+01	0.000000e+00	0.000000e+00	0.000000e+00
1.140000e+02	1.200000e+02	1.800000e+01	2.400000e+01	8.810947e+01	6.230280e+01	6.230280e+01
1.140000e+02	1.200000e+02	2.400000e+01	3.000000e+01	1.321642e+02	7.630503e+01	7.630503e+01
1.140000e+02	1.200000e+02	3.000000e+01	3.600000e+01	1.762189e+02	8.810947e+01	8.810947e+01
1.140000e+02	1.200000e+02	3.600000e+01	4.200000e+01	3.964925e+02	1.321642e+02	1.321642e+02
1.140000e+02	1.200000e+02	4.200000e+01	4.800000e+01	1.762189e+02	8.810947e+01	8.810947e+01
1.140000e+02	1.200000e+02	4.800000e+01	5.400000e+01	4.405472e+02	1.393133e+02	1.393133e+02
1.140000e+02	1.200000e+02	5.400000e+01	6.000000e+01	6.608211e+02	1.706232e+02	1.706232e+02
1.140000e+02	1.200000e+02	6.000000e+01	6.600000e+01	8.810944e+02	1.970188e+02	1.970188e+02
1.140000e+02	1.200000e+02	6.600000e+01	7.200000e+01	8.545186e+02	1.967768e+02	1.967768e+02
1.140000e+02	1.200000e+02	7.200000e+01	7.800000e+01	1.163959e+03	2.289936e+02	2.289936e+02
1.140000e+02	1.200000e+02	7.800000e+01	8.400000e+01	1.189477e+03	2.289151e+02	2.289151e+02
1.140000e+02	1.200000e+02	8.400000e+01	9.000000e+01	1.663310e+03	2.875160e+02	2.875160e+02
1.140000e+02	1.200000e+02	9.000000e+01	9.600000e+01	2.511119e+03	3.326059e+02	3.326059e+02
1.140000e+02	1.200000e+02	9.600000e+01	1.020000e+02	3.260050e+03	3.789731e+02	3.789731e+02
1.140000e+02	1.200000e+02	1.020000e+02	1.080000e+02	5.427133e+03	4.894198e+02	4.894198e+02
1.140000e+02	1.200000e+02	1.080000e+02	1.140000e+02	7.286711e+03	5.674111e+02	5.674111e+02
1.140000e+02	1.200000e+02	1.140000e+02	1.200000e+02	7.647944e+03	5.820614e+02	5.820614e+02
1.140000e+02	1.200000e+02	1.200000e+02	1.260000e+02	9.316706e+03	6.632884e+02	6.632884e+02
1.140000e+02	1.200000e+02	1.260000e+02	1.320000e+02	6.967392e+03	5.543366e+02	5.543366e+02
1.140000e+02	1.200000e+02	1.320000e+02	1.380000e+02	6.099817e+03	5.290928e+02	5.290928e+02
1.140000e+02	1.200000e+02	1.380000e+02	1.440000e+02	9.071719e+03	6.406817e+02	6.406817e+02
1.140000e+02	1.200000e+02	1.440000e+02	1.500000e+02	5.022239e+03	4.703758e+02	4.703758e+02
1.140000e+02	1.200000e+02	1.500000e+02	1.560000e+02	4.691525e+03	4.625026e+02	4.625026e+02
1.140000e+02	1.200000e+02	1.560000e+02	1.620000e+02	5.022239e+03	4.703758e+02	4.703758e+02
1.140000e+02	1.200000e+02	1.620000e+02	1.680000e+02	5.407506e+03	4.989398e+02	4.989398e+02
1.140000e+02	1.200000e+02	1.680000e+02	1.740000e+02	5.238511e+03	4.831082e+02	4.831082e+02
1.140000e+02	1.200000e+02	1.740000e+02	1.800000e+02	6.079972e+03	5.175617e+02	5.175617e+02
1.200000e+02	1.260000e+02	0.000000e+00	6.000000e+00	0.000000e+00	0.000000e+00	0.000000e+00
1.200000e+02	1.260000e+02	6.000000e+00	1.200000e+01	0.000000e+00	0.000000e+00	0.000000e+00
1.200000e+02	1.260000e+02	1.200000e+01	1.800000e+01	0.000000e+00	0.000000e+00	0.000000e+00
1.200000e+02	1.260000e+02	1.800000e+01	2.400000e+01	4.405472e+01	4.405473e+01	4.405473e+01
1.200000e+02	1.260000e+02	2.400000e+01	3.000000e+01	4.405472e+01	4.405473e+01	4.405473e+01
1.200000e+02	1.260000e+02	3.000000e+01	3.600000e+01	2.643284e+02	1.079116e+02	1.079116e+02
1.200000e+02	1.260000e+02	3.600000e+01	4.200000e+01	2.202736e+02	9.850938e+01	9.850938e+01
1.200000e+02	1.260000e+02	4.200000e+01	4.800000e+01	4.846019e+02	1.461130e+02	1.461130e+02
1.200000e+02	1.260000e+02	4.800000e+01	5.400000e+01	5.286569e+02	1.526101e+02	1.526101e+02
1.200000e+02	1.260000e+02	5.400000e+01	6.000000e+01	4.846019e+02	1.461130e+02	1.461130e+02
1.200000e+02	1.260000e+02	6.000000e+01	6.600000e+01	4.405472e+02	1.393133e+02	1.393133e+02
1.200000e+02	1.260000e+02	6.600000e+01	7.200000e+01	8.370400e+02	1.920301e+02	1.920301e+02
1.200000e+02	1.260000e+02	7.200000e+01	7.800000e+01	8.370400e+02	1.920301e+02	1.920301e+02
1.200000e+02	1.260000e+02	7.800000e+01	8.400000e+01	9.251494e+02	2.018841e+02	2.018841e+02
1.200000e+02	1.260000e+02	8.400000e+01	9.000000e+01	2.070572e+03	3.020240e+02	3.020240e+02
1.200000e+02	1.260000e+02	9.000000e+01	9.600000e+01	2.372526e+03	3.280158e+02	3.280158e+02
1.200000e+02	1.260000e+02	9.600000e+01	1.020000e+02	3.215994e+03	3.764038e+02	3.764038e+02
1.200000e+02	1.260000e+02	1.020000e+02	1.080000e+02	4.132572e+03	4.380514e+02	4.380514e+02
1.200000e+02	1.260000e+02	1.080000e+02	1.140000e+02	6.255772e+03	5.249727e+02	5.249727e+02
1.200000e+02	1.260000e+02	1.140000e+02	1.200000e+02	8.264283e+03	6.086698e+02	6.086698e+02
1.200000e+02	1.260000e+02	1.200000e+02	1.260000e+02	7.764375e+03	6.072690e+02	6.072690e+02
1.200000e+02	1.260000e+02	1.260000e+02	1.320000e+02	7.714408e+03	5.831744e+02	5.831744e+02
1.200000e+02	1.260000e+02	1.320000e+02	1.380000e+02	7.769856e+03	5.858982e+02	5.858982e+02
1.200000e+02	1.260000e+02	1.380000e+02	1.440000e+02	1.164676e+04	7.169938e+02	7.169938e+02
1.200000e+02	1.260000e+02	1.440000e+02	1.500000e+02	5.198458e+03	4.785569e+02	4.785569e+02
1.200000e+02	1.260000e+02	1.500000e+02	1.560000e+02	6.672750e+03	5.674103e+02	5.674103e+02
1.200000e+02	1.260000e+02	1.560000e+02	1.620000e+02	4.978183e+03	4.683082e+02	4.683082e+02
1.200000e+02	1.260000e+02	1.620000e+02	1.680000e+02	5.920225e+03	5.357115e+02	5.357115e+02
1.200000e+02	1.260000e+02	1.680000e+02	1.740000e+02	5.826442e+03	5.146757e+02	5.146757e+02
1.200000e+02	1.260000e+02	1.740000e+02	1.800000e+02	5.733444e+03	5.072907e+02	5.072907e+02
1.260000e+02	1.320000e+02	0.000000e+00	6.000000e+00	0.000000e+00	0.000000e+00	0.000000e+00
1.260000e+02	1.320000e+02	6.000000e+00	1.200000e+01	0.000000e+00	0.000000e+00	0.000000e+00
1.260000e+02	1.320000e+02	1.200000e+01	1.800000e+01	0.000000e+00	0.000000e+00	0.000000e+00
1.260000e+02	1.320000e+02	1.800000e+01	2.400000e+01	4.405472e+01	4.405473e+01	4.405473e+01
1.260000e+02	1.320000e+02	2.400000e+01	3.000000e+01	4.405472e+01	4.405473e+01	4.405473e+01
1.260000e+02	1.320000e+02	3.000000e+01	3.600000e+01	3.083831e+02	1.165579e+02	1.165579e+02
1.260000e+02	1.320000e+02	3.600000e+01	4.200000e+01	2.643284e+02	1.079116e+02	1.079116e+02
1.260000e+02	1.320000e+02	4.200000e+01	4.800000e+01	5.286567e+02	1.526101e+02	1.526101e+02
1.260000e+02	1.320000e+02	4.800000e+01	5.400000e+01	3.524378e+02	1.246056e+02	1.246056e+02
1.260000e+02	1.320000e+02	5.400000e+01	6.000000e+01	5.286567e+02	1.526101e+02	1.526101e+02
1.260000e+02	1.320000e+02	6.000000e+01	6.600000e+01	7.048758e+02	1.762189e+02	1.762189e+02
1.260000e+02	1.320000e+02	6.600000e+01	7.200000e+01	8.370397e+02	1.920301e+02	1.920301e+02
1.260000e+02	1.320000e+02	7.200000e+01	7.800000e+01	1.057314e+03	2.158232e+02	2.158232e+02
1.260000e+02	1.320000e+02	7.800000e+01	8.400000e+01	1.057313e+03	2.158232e+02	2.158232e+02
1.260000e+02	1.320000e+02	8.400000e+01	9.000000e+01	1.585970e+03	2.643284e+02	2.643284e+02
1.260000e+02	1.320000e+02	9.000000e+01	9.600000e+01	1.536395e+03	2.662104e+02	2.662104e+02
1.260000e+02	1.320000e+02	9.600000e+01	1.020000e+02	2.467064e+03	3.296754e+02	3.296754e+02
1.260000e+02	1.320000e+02	1.020000e+02	1.080000e+02	3.788708e+03	4.085468e+02	4.085468e+02
1.260000e+02	1.320000e+02	1.080000e+02	1.140000e+02	5.947389e+03	5.118698e+02	5.118698e+02
1.260000e+02	1.320000e+02	1.140000e+02	1.200000e+02	6.255772e+03	5.249727e+02	5.249727e+02
1.260000e+02	1.320000e+02	1.200000e+02	1.260000e+02	7.786811e+03	5.878848e+02	5.878848e+02
1.260000e+02	1.320000e+02	1.260000e+02	1.320000e+02	8.546853e+03	6.230783e+02	6.230783e+02
1.260000e+02	1.320000e+02	1.320000e+02	1.380000e+02	8.899056e+03	6.261354e+02	6.261354e+02
1.260000e+02	1.320000e+02	1.380000e+02	1.440000e+02	1.298539e+04	7.781080e+02	7.781080e+02
1.260000e+02	1.320000e+02	1.440000e+02	1.500000e+02	7.057147e+03	5.579791e+02	5.579791e+02
1.260000e+02	1.320000e+02	1.500000e+02	1.560000e+02	7.406019e+03	5.742091e+02	5.742091e+02
1.260000e+02	1.320000e+02	1.560000e+02	1.620000e+02	6.534258e+03	5.766238e+02	5.766238e+02
1.260000e+02	1.320000e+02	1.620000e+02	1.680000e+02	8.492128e+03	6.249205e+02	6.249205e+02
1.260000e+02	1.320000e+02	1.680000e+02	1.740000e+02	7.464147e+03	6.040529e+02	6.040529e+02
1.260000e+02	1.320000e+02	1.740000e+02	1.800000e+02	8.740417e+03	7.110783e+02	7.110783e+02
1.320000e+02	1.380000e+02	0.000000e+00	6.000000e+00	0.000000e+00	0.000000e+00	0.000000e+00
1.320000e+02	1.380000e+02	6.000000e+00	1.200000e+01	0.000000e+00	0.000000e+00	0.000000e+00
1.320000e+02	1.380000e+02	1.200000e+01	1.800000e+01	0.000000e+00	0.000000e+00	0.000000e+00
1.320000e+02	1.380000e+02	1.800000e+01	2.400000e+01	0.000000e+00	0.000000e+00	0.000000e+00
1.320000e+02	1.380000e+02	2.400000e+01	3.000000e+01	2.202737e+02	9.850938e+01	9.850938e+01
1.320000e+02	1.380000e+02	3.000000e+01	3.600000e+01	1.762189e+02	8.810947e+01	8.810947e+01
1.320000e+02	1.380000e+02	3.600000e+01	4.200000e+01	4.846019e+02	1.461130e+02	1.461130e+02
1.320000e+02	1.380000e+02	4.200000e+01	4.800000e+01	5.286567e+02	1.526101e+02	1.526101e+02
1.320000e+02	1.380000e+02	4.800000e+01	5.400000e+01	3.964925e+02	1.321642e+02	1.321642e+02
1.320000e+02	1.380000e+02	5.400000e+01	6.000000e+01	6.608211e+02	1.706232e+02	1.706232e+02
1.320000e+02	1.380000e+02	6.000000e+01	6.600000e+01	6.608211e+02	1.706232e+02	1.706232e+02
1.320000e+02	1.380000e+02	6.600000e+01	7.200000e+01	3.964925e+02	1.321642e+02	1.321642e+02
1.320000e+02	1.380000e+02	7.200000e+01	7.800000e+01	6.167661e+02	1.648377e+02	1.648377e+02
1.320000e+02	1.380000e+02	7.800000e+01	8.400000e+01	8.810947e+02	1.970188e+02	1.970188e+02
1.320000e+02	1.380000e+02	8.400000e+01	9.000000e+01	1.797760e+03	3.161414e+02	3.161414e+02
1.320000e+02	1.380000e+02	9.000000e+01	9.600000e+01	2.158682e+03	3.083831e+02	3.083831e+02
1.320000e+02	1.380000e+02	9.600000e+01	1.020000e+02	2.907611e+03	3.579023e+02	3.579023e+02
1.320000e+02	1.380000e+02	1.020000e+02	1.080000e+02	3.036103e+03	3.703569e+02	3.703569e+02
1.320000e+02	1.380000e+02	1.080000e+02	1.140000e+02	4.185200e+03	4.293924e+02	4.293924e+02
1.320000e+02	1.380000e+02	1.140000e+02	1.200000e+02	5.154403e+03	4.765248e+02	4.765248e+02
1.320000e+02	1.380000e+02	1.200000e+02	1.260000e+02	6.358647e+03	5.433636e+02	5.433636e+02
1.320000e+02	1.380000e+02	1.260000e+02	1.320000e+02	8.055461e+03	6.367610e+02	6.367610e+02
1.320000e+02	1.380000e+02	1.320000e+02	1.380000e+02	9.476061e+03	6.462763e+02	6.462763e+02
1.320000e+02	1.380000e+02	1.380000e+02	1.440000e+02	1.525134e+04	8.244607e+02	8.244607e+02
1.320000e+02	1.380000e+02	1.440000e+02	1.500000e+02	9.251494e+03	6.384137e+02	6.384137e+02
1.320000e+02	1.380000e+02	1.500000e+02	1.560000e+02	8.458508e+03	6.104403e+02	6.104403e+02
1.320000e+02	1.380000e+02	1.560000e+02	1.620000e+02	7.404978e+03	5.713189e+02	5.713189e+02
1.320000e+02	1.380000e+02	1.620000e+02	1.680000e+02	9.281922e+03	6.830047e+02	6.830047e+02
1.320000e+02	1.380000e+02	1.680000e+02	1.740000e+02	9.112222e+03	6.359476e+02	6.359476e+02
1.320000e+02	1.380000e+02	1.740000e+02	1.800000e+02	1.008946e+04	6.831337e+02	6.831337e+02
1.380000e+02	1.440000e+02	0.000000e+00	6.000000e+00	0.000000e+00	0.000000e+00	0.000000e+00
1.380000e+02	1.440000e+02	6.000000e+00	1.200000e+01	0.000000e+00	0.000000e+00	0.000000e+00
1.380000e+02	1.440000e+02	1.200000e+01	1.800000e+01	0.000000e+00	0.000000e+00	0.000000e+00
1.380000e+02	1.440000e+02	1.800000e+01	2.400000e+01	4.405472e+01	4.405473e+01	4.405473e+01
1.380000e+02	1.440000e+02	2.400000e+01	3.000000e+01	1.762189e+02	8.810947e+01	8.810947e+01
1.380000e+02	1.440000e+02	3.000000e+01	3.600000e+01	2.643284e+02	1.079116e+02	1.079116e+02
1.380000e+02	1.440000e+02	3.600000e+01	4.200000e+01	3.524378e+02	1.246056e+02	1.246056e+02
1.380000e+02	1.440000e+02	4.200000e+01	4.800000e+01	2.643284e+02	1.079116e+02	1.079116e+02
1.380000e+02	1.440000e+02	4.800000e+01	5.400000e+01	3.964925e+02	1.321642e+02	1.321642e+02
1.380000e+02	1.440000e+02	5.400000e+01	6.000000e+01	7.048758e+02	1.762189e+02	1.762189e+02
1.380000e+02	1.440000e+02	6.000000e+01	6.600000e+01	7.489306e+02	1.816423e+02	1.816423e+02
1.380000e+02	1.440000e+02	6.600000e+01	7.200000e+01	8.370400e+02	1.920301e+02	1.920301e+02
1.380000e+02	1.440000e+02	7.200000e+01	7.800000e+01	7.048756e+02	1.762189e+02	1.762189e+02
1.380000e+02	1.440000e+02	7.800000e+01	8.400000e+01	1.233533e+03	2.331157e+02	2.331157e+02
1.380000e+02	1.440000e+02	8.400000e+01	9.000000e+01	9.251492e+02	2.018841e+02	2.018841e+02
1.380000e+02	1.440000e+02	9.000000e+01	9.600000e+01	1.453806e+03	2.530752e+02	2.530752e+02
1.380000e+02	1.440000e+02	9.600000e+01	1.020000e+02	1.894353e+03	2.888862e+02	2.888862e+02
1.380000e+02	1.440000e+02	1.020000e+02	1.080000e+02	3.489058e+03	3.985249e+02	3.985249e+02
1.380000e+02	1.440000e+02	1.080000e+02	1.140000e+02	3.574633e+03	3.972294e+02	3.972294e+02
1.380000e+02	1.440000e+02	1.140000e+02	1.200000e+02	4.141144e+03	4.271265e+02	4.271265e+02
1.380000e+02	1.440000e+02	1.200000e+02	1.260000e+02	5.506842e+03	4.925468e+02	4.925468e+02
1.380000e+02	1.440000e+02	1.260000e+02	1.320000e+02	7.825647e+03	5.888719e+02	5.888719e+02
1.380000e+02	1.440000e+02	1.320000e+02	1.380000e+02	8.725006e+03	6.200631e+02	6.200631e+02
1.380000e+02	1.440000e+02	1.380000e+02	1.440000e+02	1.489050e+04	8.099364e+02	8.099364e+02
1.380000e+02	1.440000e+02	1.440000e+02	1.500000e+02	9.264575e+03	6.394497e+02	6.394497e+02
1.380000e+02	1.440000e+02	1.500000e+02	1.560000e+02	8.650011e+03	6.180459e+02	6.180459e+02
1.380000e+02	1.440000e+02	1.560000e+02	1.620000e+02	8.276514e+03	6.064414e+02	6.064414e+02
1.380000e+02	1.440000e+02	1.620000e+02	1.680000e+02	9.748319e+03	6.596257e+02	6.596257e+02
1.380000e+02	1.440000e+02	1.680000e+02	1.740000e+02	9.917017e+03	6.675106e+02	6.675106e+02
1.380000e+02	1.440000e+02	1.740000e+02	1.800000e+02	1.253769e+04	7.731817e+02	7.731817e+02
1.440000e+02	1.500000e+02	0.000000e+00	6.000000e+00	0.000000e+00	0.000000e+00	0.000000e+00
1.440000e+02	1.500000e+02	6.000000e+00	1.200000e+01	0.000000e+00	0.000000e+00	0.000000e+00
1.440000e+02	1.500000e+02	1.200000e+01	1.800000e+01	0.000000e+00	0.000000e+00	0.000000e+00
1.440000e+02	1.500000e+02	1.800000e+01	2.400000e+01	4.405472e+01	4.405473e+01	4.405473e+01
1.440000e+02	1.500000e+02	2.400000e+01	3.000000e+01	8.810944e+01	6.230280e+01	6.230280e+01
1.440000e+02	1.500000e+02	3.000000e+01	3.600000e+01	1.321642e+02	7.630503e+01	7.630503e+01
1.440000e+02	1.500000e+02	3.600000e+01	4.200000e+01	6.608208e+02	1.706232e+02	1.706232e+02
1.440000e+02	1.500000e+02	4.200000e+01	4.800000e+01	3.524378e+02	1.246056e+02	1.246056e+02
1.440000e+02	1.500000e+02	4.800000e+01	5.400000e+01	3.083831e+02	1.165579e+02	1.165579e+02
1.440000e+02	1.500000e+02	5.400000e+01	6.000000e+01	3.524378e+02	1.246056e+02	1.246056e+02
1.440000e+02	1.500000e+02	6.000000e+01	6.600000e+01	5.286567e+02	1.526101e+02	1.526101e+02
1.440000e+02	1.500000e+02	6.600000e+01	7.200000e+01	5.286567e+02	1.526101e+02	1.526101e+02
1.440000e+02	1.500000e+02	7.200000e+01	7.800000e+01	6.167661e+02	1.648377e+02	1.648377e+02
1.440000e+02	1.500000e+02	7.800000e+01	8.400000e+01	9.692042e+02	2.066350e+02	2.066350e+02
1.440000e+02	1.500000e+02	8.400000e+01	9.000000e+01	9.251494e+02	2.018841e+02	2.018841e+02
1.440000e+02	1.500000e+02	9.000000e+01	9.600000e+01	2.334900e+03	3.207233e+02	3.207233e+02
1.440000e+02	1.500000e+02	9.600000e+01	1.020000e+02	1.453806e+03	2.530752e+02	2.530752e+02
1.440000e+02	1.500000e+02	1.020000e+02	1.080000e+02	2.290846e+03	3.176832e+02	3.176832e+02
1.440000e+02	1.500000e+02	1.080000e+02	1.140000e+02	3.083831e+03	3.685883e+02	3.685883e+02
1.440000e+02	1.500000e+02	1.140000e+02	1.200000e+02	4.038494e+03	4.243654e+02	4.243654e+02
1.440000e+02	1.500000e+02	1.200000e+02	1.260000e+02	6.347514e+03	5.827832e+02	5.827832e+02
1.440000e+02	1.500000e+02	1.260000e+02	1.320000e+02	6.808831e+03	5.656390e+02	5.656390e+02
1.440000e+02	1.500000e+02	1.320000e+02	1.380000e+02	7.902594e+03	6.039755e+02	6.039755e+02
1.440000e+02	1.500000e+02	1.380000e+02	1.440000e+02	1.493455e+04	8.111336e+02	8.111336e+02
1.440000e+02	1.500000e+02	1.440000e+02	1.500000e+02	1.168735e+04	7.258375e+02	7.258375e+02
1.440000e+02	1.500000e+02	1.500000e+02	1.560000e+02	1.169212e+04	7.184561e+02	7.184561e+02
1.440000e+02	1.500000e+02	1.560000e+02	1.620000e+02	9.850108e+03	6.639118e+02	6.639118e+02
1.440000e+02	1.500000e+02	1.620000e+02	1.680000e+02	1.175488e+04	7.544055e+02	7.544055e+02
1.440000e+02	1.500000e+02	1.680000e+02	1.740000e+02	9.692042e+03	6.534373e+02	6.534373e+02
1.440000e+02	1.500000e+02	1.740000e+02	1.800000e+02	1.250630e+04	7.899830e+02	7.899830e+02
1.500000e+02	1.560000e+02	0.000000e+00	6.000000e+00	0.000000e+00	0.000000e+00	0.000000e+00
1.500000e+02	1.560000e+02	6.000000e+00	1.200000e+01	0.000000e+00	0.000000e+00	0.000000e+00
1.500000e+02	1.560000e+02	1.200000e+01	1.800000e+01	0.000000e+00	0.000000e+00	0.000000e+00
1.500000e+02	1.560000e+02	1.800000e+01	2.400000e+01	0.000000e+00	0.000000e+00	0.000000e+00
1.500000e+02	1.560000e+02	2.400000e+01	3.000000e+01	1.762189e+02	8.810947e+01	8.810947e+01
1.500000e+02	1.560000e+02	3.000000e+01	3.600000e+01	2.202736e+02	9.850938e+01	9.850938e+01
1.500000e+02	1.560000e+02	3.600000e+01	4.200000e+01	3.524378e+02	1.246056e+02	1.246056e+02
1.500000e+02	1.560000e+02	4.200000e+01	4.800000e+01	3.964925e+02	1.321642e+02	1.321642e+02
1.500000e+02	1.560000e+02	4.800000e+01	5.400000e+01	3.964925e+02	1.321642e+02	1.321642e+02
1.500000e+02	1.560000e+02	5.400000e+01	6.000000e+01	2.643284e+02	1.079116e+02	1.079116e+02
1.500000e+02	1.560000e+02	6.000000e+01	6.600000e+01	7.048756e+02	1.762189e+02	1.762189e+02
1.500000e+02	1.560000e+02	6.600000e+01	7.200000e+01	5.286567e+02	1.526101e+02	1.526101e+02
1.500000e+02	1.560000e+02	7.200000e+01	7.800000e+01	9.251494e+02	2.018841e+02	2.018841e+02
1.500000e+02	1.560000e+02	7.800000e+01	8.400000e+01	7.048758e+02	1.762189e+02	1.762189e+02
1.500000e+02	1.560000e+02	8.400000e+01	9.000000e+01	8.810947e+02	1.970188e+02	1.970188e+02
1.500000e+02	1.560000e+02	9.000000e+01	9.600000e+01	1.294868e+03	2.520105e+02	2.520105e+02
1.500000e+02	1.560000e+02	9.600000e+01	1.020000e+02	1.630025e+03	2.679745e+02	2.679745e+02
1.500000e+02	1.560000e+02	1.020000e+02	1.080000e+02	1.674080e+03	2.715716e+02	2.715716e+02
1.500000e+02	1.560000e+02	1.080000e+02	1.140000e+02	3.023967e+03	3.763406e+02	3.763406e+02
1.500000e+02	1.560000e+02	1.140000e+02	1.200000e+02	4.053036e+03	4.225582e+02	4.225582e+02
1.500000e+02	1.560000e+02	1.200000e+02	1.260000e+02	4.493689e+03	4.449414e+02	4.449414e+02
1.500000e+02	1.560000e+02	1.260000e+02	1.320000e+02	5.154403e+03	4.765248e+02	4.765248e+02
1.500000e+02	1.560000e+02	1.320000e+02	1.380000e+02	8.370400e+03	6.072526e+02	6.072526e+02
1.500000e+02	1.560000e+02	1.380000e+02	1.440000e+02	2.374293e+04	1.027493e+03	1.027493e+03
1.500000e+02	1.560000e+02	1.440000e+02	1.500000e+02	1.027439e+04	6.830052e+02	6.830052e+02
1.500000e+02	1.560000e+02	1.500000e+02	1.560000e+02	1.193958e+04	7.415950e+02	7.415950e+02
1.500000e+02	1.560000e+02	1.560000e+02	1.620000e+02	1.269978e+04	7.548725e+02	7.548725e+02
1.500000e+02	1.560000e+02	1.620000e+02	1.680000e+02	1.462582e+04	8.170408e+02	8.170408e+02
1.500000e+02	1.560000e+02	1.680000e+02	1.740000e+02	1.251271e+04	7.424938e+02	7.424938e+02
1.500000e+02	1.560000e+02	1.740000e+02	1.800000e+02	1.181774e+04	7.356112e+02	7.356112e+02
1.560000e+02	1.620000e+02	0.000000e+00	6.000000e+00	0.000000e+00	0.000000e+00	0.000000e+00
1.560000e+02	1.620000e+02	6.000000e+00	1.200000e+01	0.000000e+00	0.000000e+00	0.000000e+00
1.560000e+02	1.620000e+02	1.200000e+01	1.800000e+01	0.000000e+00	0.000000e+00	0.000000e+00
1.560000e+02	1.620000e+02	1.800000e+01	2.400000e+01	0.000000e+00	0.000000e+00	0.000000e+00
1.560000e+02	1.620000e+02	2.400000e+01	3.000000e+01	1.321642e+02	7.630503e+01	7.630503e+01
1.560000e+02	1.620000e+02	3.000000e+01	3.600000e+01	1.321642e+02	7.630503e+01	7.630503e+01
1.560000e+02	1.620000e+02	3.600000e+01	4.200000e+01	3.964925e+02	1.321642e+02	1.321642e+02
1.560000e+02	1.620000e+02	4.200000e+01	4.800000e+01	3.083831e+02	1.165579e+02	1.165579e+02
1.560000e+02	1.620000e+02	4.800000e+01	5.400000e+01	3.964925e+02	1.321642e+02	1.321642e+02
1.560000e+02	1.620000e+02	5.400000e+01	6.000000e+01	4.405472e+02	1.393133e+02	1.393133e+02
1.560000e+02	1.620000e+02	6.000000e+01	6.600000e+01	7.489303e+02	1.816423e+02	1.816423e+02
1.560000e+02	1.620000e+02	6.600000e+01	7.200000e+01	6.167661e+02	1.648377e+02	1.648377e+02
1.560000e+02	1.620000e+02	7.200000e+01	7.800000e+01	3.524378e+02	1.246056e+02	1.246056e+02
1.560000e+02	1.620000e+02	7.800000e+01	8.400000e+01	9.251494e+02	2.018841e+02	2.018841e+02
1.560000e+02	1.620000e+02	8.400000e+01	9.000000e+01	7.048756e+02	1.762189e+02	1.762189e+02
1.560000e+02	1.620000e+02	9.000000e+01	9.600000e+01	1.365696e+03	2.452864e+02	2.452864e+02
1.560000e+02	1.620000e+02	9.600000e+01	1.020000e+02	1.709700e+03	2.918535e+02	2.918535e+02
1.560000e+02	1.620000e+02	1.020000e+02	1.080000e+02	1.674079e+03	2.715716e+02	2.715716e+02
1.560000e+02	1.620000e+02	1.080000e+02	1.140000e+02	3.083831e+03	3.685883e+02	3.685883e+02
1.560000e+02	1.620000e+02	1.140000e+02	1.200000e+02	3.000125e+03	3.805315e+02	3.805315e+02
1.560000e+02	1.620000e+02	1.200000e+02	1.260000e+02	3.876817e+03	4.132700e+02	4.132700e+02
1.560000e+02	1.620000e+02	1.260000e+02	1.320000e+02	5.300175e+03	4.840274e+02	4.840274e+02
1.560000e+02	1.620000e+02	1.320000e+02	1.380000e+02	8.617583e+03	6.177015e+02	6.177015e+02
1.560000e+02	1.620000e+02	1.380000e+02	1.440000e+02	3.246747e+04	1.203889e+03	1.203889e+03
1.560000e+02	1.620000e+02	1.440000e+02	1.500000e+02	1.101953e+04	6.992977e+02	6.992977e+02
1.560000e+02	1.620000e+02	1.500000e+02	1.560000e+02	1.158852e+04	7.229424e+02	7.229424e+02
1.560000e+02	1.620000e+02	1.560000e+02	1.620000e+02	1.318685e+04	7.627521e+02	7.627521e+02
1.560000e+02	1.620000e+02	1.620000e+02	1.680000e+02	1.330453e+04	7.655896e+02	7.655896e+02
1.560000e+02	1.620000e+02	1.680000e+02	1.740000e+02	1.332916e+04	7.696832e+02	7.696832e+02
1.560000e+02	1.620000e+02	1.740000e+02	1.800000e+02	1.310084e+04	7.802309e+02	7.802309e+02
1.620000e+02	1.680000e+02	0.000000e+00	6.000000e+00	0.000000e+00	0.000000e+00	0.000000e+00
1.620000e+02	1.680000e+02	6.000000e+00	1.200000e+01	0.000000e+00	0.000000e+00	0.000000e+00
1.620000e+02	1.680000e+02	1.200000e+01	1.800000e+01	0.000000e+00	0.000000e+00	0.000000e+00
1.620000e+02	1.680000e+02	1.800000e+01	2.400000e+01	4.405472e+01	4.405473e+01	4.405473e+01
1.620000e+02	1.680000e+02	2.400000e+01	3.000000e+01	1.321642e+02	7.630503e+01	7.630503e+01
1.620000e+02	1.680000e+02	3.000000e+01	3.600000e+01	1.762189e+02	8.810947e+01	8.810947e+01
1.620000e+02	1.680000e+02	3.600000e+01	4.200000e+01	3.083831e+02	1.165579e+02	1.165579e+02
1.620000e+02	1.680000e+02	4.200000e+01	4.800000e+01	3.964925e+02	1.321642e+02	1.321642e+02
1.620000e+02	1.680000e+02	4.800000e+01	5.400000e+01	3.083831e+02	1.165579e+02	1.165579e+02
1.620000e+02	1.680000e+02	5.400000e+01	6.000000e+01	4.846019e+02	1.461130e+02	1.461130e+02
1.620000e+02	1.680000e+02	6.000000e+01	6.600000e+01	5.286567e+02	1.526101e+02	1.526101e+02
1.620000e+02	1.680000e+02	6.600000e+01	7.200000e+01	4.405472e+02	1.393133e+02	1.393133e+02
1.620000e+02	1.680000e+02	7.200000e+01	7.800000e+01	7.929853e+02	1.869084e+02	1.869084e+02
1.620000e+02	1.680000e+02	7.800000e+01	8.400000e+01	8.810944e+02	1.970188e+02	1.970188e+02
1.620000e+02	1.680000e+02	8.400000e+01	9.000000e+01	1.233532e+03	2.331157e+02	2.331157e+02
1.620000e+02	1.680000e+02	9.000000e+01	9.600000e+01	1.497861e+03	2.568810e+02	2.568810e+02
1.620000e+02	1.680000e+02	9.600000e+01	1.020000e+02	1.938408e+03	2.922261e+02	2.922261e+02
1.620000e+02	1.680000e+02	1.020000e+02	1.080000e+02	2.070572e+03	3.020240e+02	3.020240e+02
1.620000e+02	1.680000e+02	1.080000e+02	1.140000e+02	2.114627e+03	3.052201e+02	3.052201e+02
1.620000e+02	1.680000e+02	1.140000e+02	1.200000e+02	3.196069e+03	3.774216e+02	3.774216e+02
1.620000e+02	1.680000e+02	1.200000e+02	1.260000e+02	4.472289e+03	4.455853e+02	4.455853e+02
1.620000e+02	1.680000e+02	1.260000e+02	1.320000e+02	4.449528e+03	4.427446e+02	4.427446e+02
1.620000e+02	1.680000e+02	1.320000e+02	1.380000e+02	9.037742e+03	6.434019e+02	6.434019e+02
1.620000e+02	1.680000e+02	1.380000e+02	1.440000e+02	3.521889e+04	1.288349e+03	1.288349e+03
1.620000e+02	1.680000e+02	1.440000e+02	1.500000e+02	1.021514e+04	6.806525e+02	6.806525e+02
1.620000e+02	1.680000e+02	1.500000e+02	1.560000e+02	1.182418e+04	7.502498e+02	7.502498e+02
1.620000e+02	1.680000e+02	1.560000e+02	1.620000e+02	1.219302e+04	7.343220e+02	7.343220e+02
1.620000e+02	1.680000e+02	1.620000e+02	1.680000e+02	1.320762e+04	7.720018e+02	7.720018e+02
1.620000e+02	1.680000e+02	1.680000e+02	1.740000e+02	1.370593e+04	7.799778e+02	7.799778e+02
1.620000e+02	1.680000e+02	1.740000e+02	1.800000e+02	1.541488e+04	8.430685e+02	8.430685e+02
1.680000e+02	1.740000e+02	0.000000e+00	6.000000e+00	0.000000e+00	0.000000e+00	0.000000e+00
1.680000e+02	1.740000e+02	6.000000e+00	1.200000e+01	0.000000e+00	0.000000e+00	0.000000e+00
1.680000e+02	1.740000e+02	1.200000e+01	1.800000e+01	0.000000e+00	0.000000e+00	0.000000e+00
1.680000e+02	1.740000e+02	1.800000e+01	2.400000e+01	0.000000e+00	0.000000e+00	0.000000e+00
1.680000e+02	1.740000e+02	2.400000e+01	3.000000e+01	1.762189e+02	8.810947e+01	8.810947e+01
1.680000e+02	1.740000e+02	3.000000e+01	3.600000e+01	2.202736e+02	9.850938e+01	9.850938e+01
1.680000e+02	1.740000e+02	3.600000e+01	4.200000e+01	3.524378e+02	1.246056e+02	1.246056e+02
1.680000e+02	1.740000e+02	4.200000e+01	4.800000e+01	2.643284e+02	1.079116e+02	1.079116e+02
1.680000e+02	1.740000e+02	4.800000e+01	5.400000e+01	2.202737e+02	9.850938e+01	9.850938e+01
1.680000e+02	1.740000e+02	5.400000e+01	6.000000e+01	4.846019e+02	1.461130e+02	1.461130e+02
1.680000e+02	1.740000e+02	6.000000e+01	6.600000e+01	5.727114e+02	1.588416e+02	1.588416e+02
1.680000e+02	1.740000e+02	6.600000e+01	7.200000e+01	4.405472e+02	1.393133e+02	1.393133e+02
1.680000e+02	1.740000e+02	7.200000e+01	7.800000e+01	7.048756e+02	1.762189e+02	1.762189e+02
1.680000e+02	1.740000e+02	7.800000e+01	8.400000e+01	9.692042e+02	2.066350e+02	2.066350e+02
1.680000e+02	1.740000e+02	8.400000e+01	9.000000e+01	8.370397e+02	1.920301e+02	1.920301e+02
1.680000e+02	1.740000e+02	9.000000e+01	9.600000e+01	7.929853e+02	1.869084e+02	1.869084e+02
1.680000e+02	1.740000e+02	9.600000e+01	1.020000e+02	1.057313e+03	2.158232e+02	2.158232e+02
1.680000e+02	1.740000e+02	1.020000e+02	1.080000e+02	1.988049e+03	2.964123e+02	2.964123e+02
1.680000e+02	1.740000e+02	1.080000e+02	1.140000e+02	1.718134e+03	2.751217e+02	2.751217e+02
1.680000e+02	1.740000e+02	1.140000e+02	1.200000e+02	2.467065e+03	3.296754e+02	3.296754e+02
1.680000e+02	1.740000e+02	1.200000e+02	1.260000e+02	2.687339e+03	3.440784e+02	3.440784e+02
1.680000e+02	1.740000e+02	1.260000e+02	1.320000e+02	3.858594e+03	4.144813e+02	4.144813e+02
1.680000e+02	1.740000e+02	1.320000e+02	1.380000e+02	8.151167e+03	5.992866e+02	5.992866e+02
1.680000e+02	1.740000e+02	1.380000e+02	1.440000e+02	3.578569e+04	1.258474e+03	1.258474e+03
1.680000e+02	1.740000e+02	1.440000e+02	1.500000e+02	9.483100e+03	6.468409e+02	6.468409e+02
1.680000e+02	1.740000e+02	1.500000e+02	1.560000e+02	8.778317e+03	6.223827e+02	6.223827e+02
1.680000e+02	1.740000e+02	1.560000e+02	1.620000e+02	9.668553e+03	6.559529e+02	6.559529e+02
1.680000e+02	1.740000e+02	1.620000e+02	1.680000e+02	1.333231e+04	7.901804e+02	7.901804e+02
1.680000e+02	1.740000e+02	1.680000e+02	1.740000e+02	1.333609e+04	7.883761e+02	7.883761e+02
1.680000e+02	1.740000e+02	1.740000e+02	1.800000e+02	1.436523e+04	8.103739e+02	8.103739e+02
1.740000e+02	1.800000e+02	0.000000e+00	6.000000e+00	0.000000e+00	0.000000e+00	0.000000e+00
1.740000e+02	1.800000e+02	6.000000e+00	1.200000e+01	0.000000e+00	0.000000e+00	0.000000e+00
1.740000e+02	1.800000e+02	1.200000e+01	1.800000e+01	0.000000e+00	0.000000e+00	0.000000e+00
1.740000e+02	1.800000e+02	1.800000e+01	2.400000e+01	4.405472e+01	4.405473e+01	4.405473e+01
1.740000e+02	1.800000e+02	2.400000e+01	3.000000e+01	4.405472e+01	4.405473e+01	4.405473e+01
1.740000e+02	1.800000e+02	3.000000e+01	3.600000e+01	2.643284e+02	1.079116e+02	1.079116e+02
1.740000e+02	1.800000e+02	3.600000e+01	4.200000e+01	2.202736e+02	9.850938e+01	9.850938e+01
1.740000e+02	1.800000e+02	4.200000e+01	4.800000e+01	4.846019e+02	1.461130e+02	1.461130e+02
1.740000e+02	1.800000e+02	4.800000e+01	5.400000e+01	3.083831e+02	1.165579e+02	1.165579e+02
1.740000e+02	1.800000e+02	5.400000e+01	6.000000e+01	3.964925e+02	1.321642e+02	1.321642e+02
1.740000e+02	1.800000e+02	6.000000e+01	6.600000e+01	5.286567e+02	1.526101e+02	1.526101e+02
1.740000e+02	1.800000e+02	6.600000e+01	7.200000e+01	4.405472e+02	1.393133e+02	1.393133e+02
1.740000e+02	1.800000e+02	7.200000e+01	7.800000e+01	3.964925e+02	1.321642e+02	1.321642e+02
1.740000e+02	1.800000e+02	7.800000e+01	8.400000e+01	7.489303e+02	1.816423e+02	1.816423e+02
1.740000e+02	1.800000e+02	8.400000e+01	9.000000e+01	9.251492e+02	2.018841e+02	2.018841e+02
1.740000e+02	1.800000e+02	9.000000e+01	9.600000e+01	1.013259e+03	2.112791e+02	2.112791e+02
1.740000e+02	1.800000e+02	9.600000e+01	1.020000e+02	1.497861e+03	2.568810e+02	2.568810e+02
1.740000e+02	1.800000e+02	1.020000e+02	1.080000e+02	1.233532e+03	2.331157e+02	2.331157e+02
1.740000e+02	1.800000e+02	1.080000e+02	1.140000e+02	1.409751e+03	2.492112e+02	2.492112e+02
1.740000e+02	1.800000e+02	1.140000e+02	1.200000e+02	2.555174e+03	3.355108e+02	3.355108e+02
1.740000e+02	1.800000e+02	1.200000e+02	1.260000e+02	2.423010e+03	3.267186e+02	3.267186e+02
1.740000e+02	1.800000e+02	1.260000e+02	1.320000e+02	3.746081e+03	4.112238e+02	4.112238e+02
1.740000e+02	1.800000e+02	1.320000e+02	1.380000e+02	9.323875e+03	7.551707e+02	7.551707e+02
1.740000e+02	1.800000e+02	1.380000e+02	1.440000e+02	3.263889e+04	1.200220e+03	1.200220e+03
1.740000e+02	1.800000e+02	1.440000e+02	1.500000e+02	1.004366e+04	6.673691e+02	6.673691e+02
1.740000e+02	1.800000e+02	1.500000e+02	1.560000e+02	8.879222e+03	6.267581e+02	6.267581e+02
1.740000e+02	1.800000e+02	1.560000e+02	1.620000e+02	1.076463e+04	6.892028e+02	6.892028e+02
1.740000e+02	1.800000e+02	1.620000e+02	1.680000e+02	1.105694e+04	7.047428e+02	7.047428e+02
1.740000e+02	1.800000e+02	1.680000e+02	1.740000e+02	1.229419e+04	7.384392e+02	7.384392e+02
1.740000e+02	1.800000e+02	1.740000e+02	1.800000e+02	1.513472e+04	8.217851e+02	8.217851e+02
# END HISTO2D

