# BEGIN HISTO2D /res/100TeVlambda_oxford/histo_ptHptH_res_C1e
Path=/res/100TeVlambda_oxford/histo_ptHptH_res_C1e
ScaledBy=1
Title=ptHptH_res_C1e
# xlow	 xhigh	 ylow	 yhigh	 val	 errminus	 errplus
0.000000e+00	3.000000e+01	0.000000e+00	3.000000e+01	2.007157e-03	6.359920e-05	6.359920e-05
0.000000e+00	3.000000e+01	3.000000e+01	6.000000e+01	0.000000e+00	0.000000e+00	0.000000e+00
0.000000e+00	3.000000e+01	6.000000e+01	9.000000e+01	0.000000e+00	0.000000e+00	0.000000e+00
0.000000e+00	3.000000e+01	9.000000e+01	1.200000e+02	0.000000e+00	0.000000e+00	0.000000e+00
0.000000e+00	3.000000e+01	1.200000e+02	1.500000e+02	0.000000e+00	0.000000e+00	0.000000e+00
0.000000e+00	3.000000e+01	1.500000e+02	1.800000e+02	0.000000e+00	0.000000e+00	0.000000e+00
0.000000e+00	3.000000e+01	1.800000e+02	2.100000e+02	0.000000e+00	0.000000e+00	0.000000e+00
0.000000e+00	3.000000e+01	2.100000e+02	2.400000e+02	0.000000e+00	0.000000e+00	0.000000e+00
0.000000e+00	3.000000e+01	2.400000e+02	2.700000e+02	0.000000e+00	0.000000e+00	0.000000e+00
0.000000e+00	3.000000e+01	2.700000e+02	3.000000e+02	0.000000e+00	0.000000e+00	0.000000e+00
0.000000e+00	3.000000e+01	3.000000e+02	3.300000e+02	0.000000e+00	0.000000e+00	0.000000e+00
0.000000e+00	3.000000e+01	3.300000e+02	3.600000e+02	0.000000e+00	0.000000e+00	0.000000e+00
0.000000e+00	3.000000e+01	3.600000e+02	3.900000e+02	0.000000e+00	0.000000e+00	0.000000e+00
0.000000e+00	3.000000e+01	3.900000e+02	4.200000e+02	0.000000e+00	0.000000e+00	0.000000e+00
0.000000e+00	3.000000e+01	4.200000e+02	4.500000e+02	0.000000e+00	0.000000e+00	0.000000e+00
0.000000e+00	3.000000e+01	4.500000e+02	4.800000e+02	0.000000e+00	0.000000e+00	0.000000e+00
0.000000e+00	3.000000e+01	4.800000e+02	5.100000e+02	0.000000e+00	0.000000e+00	0.000000e+00
0.000000e+00	3.000000e+01	5.100000e+02	5.400000e+02	0.000000e+00	0.000000e+00	0.000000e+00
0.000000e+00	3.000000e+01	5.400000e+02	5.700000e+02	0.000000e+00	0.000000e+00	0.000000e+00
0.000000e+00	3.000000e+01	5.700000e+02	6.000000e+02	0.000000e+00	0.000000e+00	0.000000e+00
0.000000e+00	3.000000e+01	6.000000e+02	6.300000e+02	0.000000e+00	0.000000e+00	0.000000e+00
0.000000e+00	3.000000e+01	6.300000e+02	6.600000e+02	0.000000e+00	0.000000e+00	0.000000e+00
0.000000e+00	3.000000e+01	6.600000e+02	6.900000e+02	0.000000e+00	0.000000e+00	0.000000e+00
0.000000e+00	3.000000e+01	6.900000e+02	7.200000e+02	0.000000e+00	0.000000e+00	0.000000e+00
0.000000e+00	3.000000e+01	7.200000e+02	7.500000e+02	0.000000e+00	0.000000e+00	0.000000e+00
0.000000e+00	3.000000e+01	7.500000e+02	7.800000e+02	0.000000e+00	0.000000e+00	0.000000e+00
0.000000e+00	3.000000e+01	7.800000e+02	8.100000e+02	0.000000e+00	0.000000e+00	0.000000e+00
0.000000e+00	3.000000e+01	8.100000e+02	8.400000e+02	0.000000e+00	0.000000e+00	0.000000e+00
0.000000e+00	3.000000e+01	8.400000e+02	8.700000e+02	0.000000e+00	0.000000e+00	0.000000e+00
0.000000e+00	3.000000e+01	8.700000e+02	9.000000e+02	0.000000e+00	0.000000e+00	0.000000e+00
3.000000e+01	6.000000e+01	0.000000e+00	3.000000e+01	5.497513e-03	1.052553e-04	1.052553e-04
3.000000e+01	6.000000e+01	3.000000e+01	6.000000e+01	5.300022e-03	1.033475e-04	1.033475e-04
3.000000e+01	6.000000e+01	6.000000e+01	9.000000e+01	0.000000e+00	0.000000e+00	0.000000e+00
3.000000e+01	6.000000e+01	9.000000e+01	1.200000e+02	0.000000e+00	0.000000e+00	0.000000e+00
3.000000e+01	6.000000e+01	1.200000e+02	1.500000e+02	0.000000e+00	0.000000e+00	0.000000e+00
3.000000e+01	6.000000e+01	1.500000e+02	1.800000e+02	0.000000e+00	0.000000e+00	0.000000e+00
3.000000e+01	6.000000e+01	1.800000e+02	2.100000e+02	0.000000e+00	0.000000e+00	0.000000e+00
3.000000e+01	6.000000e+01	2.100000e+02	2.400000e+02	0.000000e+00	0.000000e+00	0.000000e+00
3.000000e+01	6.000000e+01	2.400000e+02	2.700000e+02	0.000000e+00	0.000000e+00	0.000000e+00
3.000000e+01	6.000000e+01	2.700000e+02	3.000000e+02	0.000000e+00	0.000000e+00	0.000000e+00
3.000000e+01	6.000000e+01	3.000000e+02	3.300000e+02	0.000000e+00	0.000000e+00	0.000000e+00
3.000000e+01	6.000000e+01	3.300000e+02	3.600000e+02	0.000000e+00	0.000000e+00	0.000000e+00
3.000000e+01	6.000000e+01	3.600000e+02	3.900000e+02	0.000000e+00	0.000000e+00	0.000000e+00
3.000000e+01	6.000000e+01	3.900000e+02	4.200000e+02	0.000000e+00	0.000000e+00	0.000000e+00
3.000000e+01	6.000000e+01	4.200000e+02	4.500000e+02	0.000000e+00	0.000000e+00	0.000000e+00
3.000000e+01	6.000000e+01	4.500000e+02	4.800000e+02	0.000000e+00	0.000000e+00	0.000000e+00
3.000000e+01	6.000000e+01	4.800000e+02	5.100000e+02	0.000000e+00	0.000000e+00	0.000000e+00
3.000000e+01	6.000000e+01	5.100000e+02	5.400000e+02	0.000000e+00	0.000000e+00	0.000000e+00
3.000000e+01	6.000000e+01	5.400000e+02	5.700000e+02	0.000000e+00	0.000000e+00	0.000000e+00
3.000000e+01	6.000000e+01	5.700000e+02	6.000000e+02	0.000000e+00	0.000000e+00	0.000000e+00
3.000000e+01	6.000000e+01	6.000000e+02	6.300000e+02	0.000000e+00	0.000000e+00	0.000000e+00
3.000000e+01	6.000000e+01	6.300000e+02	6.600000e+02	0.000000e+00	0.000000e+00	0.000000e+00
3.000000e+01	6.000000e+01	6.600000e+02	6.900000e+02	0.000000e+00	0.000000e+00	0.000000e+00
3.000000e+01	6.000000e+01	6.900000e+02	7.200000e+02	0.000000e+00	0.000000e+00	0.000000e+00
3.000000e+01	6.000000e+01	7.200000e+02	7.500000e+02	0.000000e+00	0.000000e+00	0.000000e+00
3.000000e+01	6.000000e+01	7.500000e+02	7.800000e+02	0.000000e+00	0.000000e+00	0.000000e+00
3.000000e+01	6.000000e+01	7.800000e+02	8.100000e+02	0.000000e+00	0.000000e+00	0.000000e+00
3.000000e+01	6.000000e+01	8.100000e+02	8.400000e+02	0.000000e+00	0.000000e+00	0.000000e+00
3.000000e+01	6.000000e+01	8.400000e+02	8.700000e+02	0.000000e+00	0.000000e+00	0.000000e+00
3.000000e+01	6.000000e+01	8.700000e+02	9.000000e+02	0.000000e+00	0.000000e+00	0.000000e+00
6.000000e+01	9.000000e+01	0.000000e+00	3.000000e+01	3.308988e-03	8.165984e-05	8.165984e-05
6.000000e+01	9.000000e+01	3.000000e+01	6.000000e+01	8.546538e-03	1.312369e-04	1.312369e-04
6.000000e+01	9.000000e+01	6.000000e+01	9.000000e+01	5.811888e-03	1.082230e-04	1.082230e-04
6.000000e+01	9.000000e+01	9.000000e+01	1.200000e+02	0.000000e+00	0.000000e+00	0.000000e+00
6.000000e+01	9.000000e+01	1.200000e+02	1.500000e+02	0.000000e+00	0.000000e+00	0.000000e+00
6.000000e+01	9.000000e+01	1.500000e+02	1.800000e+02	0.000000e+00	0.000000e+00	0.000000e+00
6.000000e+01	9.000000e+01	1.800000e+02	2.100000e+02	0.000000e+00	0.000000e+00	0.000000e+00
6.000000e+01	9.000000e+01	2.100000e+02	2.400000e+02	0.000000e+00	0.000000e+00	0.000000e+00
6.000000e+01	9.000000e+01	2.400000e+02	2.700000e+02	0.000000e+00	0.000000e+00	0.000000e+00
6.000000e+01	9.000000e+01	2.700000e+02	3.000000e+02	0.000000e+00	0.000000e+00	0.000000e+00
6.000000e+01	9.000000e+01	3.000000e+02	3.300000e+02	0.000000e+00	0.000000e+00	0.000000e+00
6.000000e+01	9.000000e+01	3.300000e+02	3.600000e+02	0.000000e+00	0.000000e+00	0.000000e+00
6.000000e+01	9.000000e+01	3.600000e+02	3.900000e+02	0.000000e+00	0.000000e+00	0.000000e+00
6.000000e+01	9.000000e+01	3.900000e+02	4.200000e+02	0.000000e+00	0.000000e+00	0.000000e+00
6.000000e+01	9.000000e+01	4.200000e+02	4.500000e+02	0.000000e+00	0.000000e+00	0.000000e+00
6.000000e+01	9.000000e+01	4.500000e+02	4.800000e+02	0.000000e+00	0.000000e+00	0.000000e+00
6.000000e+01	9.000000e+01	4.800000e+02	5.100000e+02	0.000000e+00	0.000000e+00	0.000000e+00
6.000000e+01	9.000000e+01	5.100000e+02	5.400000e+02	0.000000e+00	0.000000e+00	0.000000e+00
6.000000e+01	9.000000e+01	5.400000e+02	5.700000e+02	0.000000e+00	0.000000e+00	0.000000e+00
6.000000e+01	9.000000e+01	5.700000e+02	6.000000e+02	0.000000e+00	0.000000e+00	0.000000e+00
6.000000e+01	9.000000e+01	6.000000e+02	6.300000e+02	0.000000e+00	0.000000e+00	0.000000e+00
6.000000e+01	9.000000e+01	6.300000e+02	6.600000e+02	0.000000e+00	0.000000e+00	0.000000e+00
6.000000e+01	9.000000e+01	6.600000e+02	6.900000e+02	0.000000e+00	0.000000e+00	0.000000e+00
6.000000e+01	9.000000e+01	6.900000e+02	7.200000e+02	0.000000e+00	0.000000e+00	0.000000e+00
6.000000e+01	9.000000e+01	7.200000e+02	7.500000e+02	0.000000e+00	0.000000e+00	0.000000e+00
6.000000e+01	9.000000e+01	7.500000e+02	7.800000e+02	0.000000e+00	0.000000e+00	0.000000e+00
6.000000e+01	9.000000e+01	7.800000e+02	8.100000e+02	0.000000e+00	0.000000e+00	0.000000e+00
6.000000e+01	9.000000e+01	8.100000e+02	8.400000e+02	0.000000e+00	0.000000e+00	0.000000e+00
6.000000e+01	9.000000e+01	8.400000e+02	8.700000e+02	0.000000e+00	0.000000e+00	0.000000e+00
6.000000e+01	9.000000e+01	8.700000e+02	9.000000e+02	0.000000e+00	0.000000e+00	0.000000e+00
9.000000e+01	1.200000e+02	0.000000e+00	3.000000e+01	1.811681e-03	6.042293e-05	6.042293e-05
9.000000e+01	1.200000e+02	3.000000e+01	6.000000e+01	5.009831e-03	1.004784e-04	1.004784e-04
9.000000e+01	1.200000e+02	6.000000e+01	9.000000e+01	9.286123e-03	1.367975e-04	1.367975e-04
9.000000e+01	1.200000e+02	9.000000e+01	1.200000e+02	6.513183e-03	1.145665e-04	1.145665e-04
9.000000e+01	1.200000e+02	1.200000e+02	1.500000e+02	0.000000e+00	0.000000e+00	0.000000e+00
9.000000e+01	1.200000e+02	1.500000e+02	1.800000e+02	0.000000e+00	0.000000e+00	0.000000e+00
9.000000e+01	1.200000e+02	1.800000e+02	2.100000e+02	0.000000e+00	0.000000e+00	0.000000e+00
9.000000e+01	1.200000e+02	2.100000e+02	2.400000e+02	0.000000e+00	0.000000e+00	0.000000e+00
9.000000e+01	1.200000e+02	2.400000e+02	2.700000e+02	0.000000e+00	0.000000e+00	0.000000e+00
9.000000e+01	1.200000e+02	2.700000e+02	3.000000e+02	0.000000e+00	0.000000e+00	0.000000e+00
9.000000e+01	1.200000e+02	3.000000e+02	3.300000e+02	0.000000e+00	0.000000e+00	0.000000e+00
9.000000e+01	1.200000e+02	3.300000e+02	3.600000e+02	0.000000e+00	0.000000e+00	0.000000e+00
9.000000e+01	1.200000e+02	3.600000e+02	3.900000e+02	0.000000e+00	0.000000e+00	0.000000e+00
9.000000e+01	1.200000e+02	3.900000e+02	4.200000e+02	0.000000e+00	0.000000e+00	0.000000e+00
9.000000e+01	1.200000e+02	4.200000e+02	4.500000e+02	0.000000e+00	0.000000e+00	0.000000e+00
9.000000e+01	1.200000e+02	4.500000e+02	4.800000e+02	0.000000e+00	0.000000e+00	0.000000e+00
9.000000e+01	1.200000e+02	4.800000e+02	5.100000e+02	0.000000e+00	0.000000e+00	0.000000e+00
9.000000e+01	1.200000e+02	5.100000e+02	5.400000e+02	0.000000e+00	0.000000e+00	0.000000e+00
9.000000e+01	1.200000e+02	5.400000e+02	5.700000e+02	0.000000e+00	0.000000e+00	0.000000e+00
9.000000e+01	1.200000e+02	5.700000e+02	6.000000e+02	0.000000e+00	0.000000e+00	0.000000e+00
9.000000e+01	1.200000e+02	6.000000e+02	6.300000e+02	0.000000e+00	0.000000e+00	0.000000e+00
9.000000e+01	1.200000e+02	6.300000e+02	6.600000e+02	0.000000e+00	0.000000e+00	0.000000e+00
9.000000e+01	1.200000e+02	6.600000e+02	6.900000e+02	0.000000e+00	0.000000e+00	0.000000e+00
9.000000e+01	1.200000e+02	6.900000e+02	7.200000e+02	0.000000e+00	0.000000e+00	0.000000e+00
9.000000e+01	1.200000e+02	7.200000e+02	7.500000e+02	0.000000e+00	0.000000e+00	0.000000e+00
9.000000e+01	1.200000e+02	7.500000e+02	7.800000e+02	0.000000e+00	0.000000e+00	0.000000e+00
9.000000e+01	1.200000e+02	7.800000e+02	8.100000e+02	0.000000e+00	0.000000e+00	0.000000e+00
9.000000e+01	1.200000e+02	8.100000e+02	8.400000e+02	0.000000e+00	0.000000e+00	0.000000e+00
9.000000e+01	1.200000e+02	8.400000e+02	8.700000e+02	0.000000e+00	0.000000e+00	0.000000e+00
9.000000e+01	1.200000e+02	8.700000e+02	9.000000e+02	0.000000e+00	0.000000e+00	0.000000e+00
1.200000e+02	1.500000e+02	0.000000e+00	3.000000e+01	1.017685e-03	4.528639e-05	4.528639e-05
1.200000e+02	1.500000e+02	3.000000e+01	6.000000e+01	2.724574e-03	7.409865e-05	7.409865e-05
1.200000e+02	1.500000e+02	6.000000e+01	9.000000e+01	5.064242e-03	1.010225e-04	1.010225e-04
1.200000e+02	1.500000e+02	9.000000e+01	1.200000e+02	1.040457e-02	1.448015e-04	1.448015e-04
1.200000e+02	1.500000e+02	1.200000e+02	1.500000e+02	6.837633e-03	1.173854e-04	1.173854e-04
1.200000e+02	1.500000e+02	1.500000e+02	1.800000e+02	0.000000e+00	0.000000e+00	0.000000e+00
1.200000e+02	1.500000e+02	1.800000e+02	2.100000e+02	0.000000e+00	0.000000e+00	0.000000e+00
1.200000e+02	1.500000e+02	2.100000e+02	2.400000e+02	0.000000e+00	0.000000e+00	0.000000e+00
1.200000e+02	1.500000e+02	2.400000e+02	2.700000e+02	0.000000e+00	0.000000e+00	0.000000e+00
1.200000e+02	1.500000e+02	2.700000e+02	3.000000e+02	0.000000e+00	0.000000e+00	0.000000e+00
1.200000e+02	1.500000e+02	3.000000e+02	3.300000e+02	0.000000e+00	0.000000e+00	0.000000e+00
1.200000e+02	1.500000e+02	3.300000e+02	3.600000e+02	0.000000e+00	0.000000e+00	0.000000e+00
1.200000e+02	1.500000e+02	3.600000e+02	3.900000e+02	0.000000e+00	0.000000e+00	0.000000e+00
1.200000e+02	1.500000e+02	3.900000e+02	4.200000e+02	0.000000e+00	0.000000e+00	0.000000e+00
1.200000e+02	1.500000e+02	4.200000e+02	4.500000e+02	0.000000e+00	0.000000e+00	0.000000e+00
1.200000e+02	1.500000e+02	4.500000e+02	4.800000e+02	0.000000e+00	0.000000e+00	0.000000e+00
1.200000e+02	1.500000e+02	4.800000e+02	5.100000e+02	0.000000e+00	0.000000e+00	0.000000e+00
1.200000e+02	1.500000e+02	5.100000e+02	5.400000e+02	0.000000e+00	0.000000e+00	0.000000e+00
1.200000e+02	1.500000e+02	5.400000e+02	5.700000e+02	0.000000e+00	0.000000e+00	0.000000e+00
1.200000e+02	1.500000e+02	5.700000e+02	6.000000e+02	0.000000e+00	0.000000e+00	0.000000e+00
1.200000e+02	1.500000e+02	6.000000e+02	6.300000e+02	0.000000e+00	0.000000e+00	0.000000e+00
1.200000e+02	1.500000e+02	6.300000e+02	6.600000e+02	0.000000e+00	0.000000e+00	0.000000e+00
1.200000e+02	1.500000e+02	6.600000e+02	6.900000e+02	0.000000e+00	0.000000e+00	0.000000e+00
1.200000e+02	1.500000e+02	6.900000e+02	7.200000e+02	0.000000e+00	0.000000e+00	0.000000e+00
1.200000e+02	1.500000e+02	7.200000e+02	7.500000e+02	0.000000e+00	0.000000e+00	0.000000e+00
1.200000e+02	1.500000e+02	7.500000e+02	7.800000e+02	0.000000e+00	0.000000e+00	0.000000e+00
1.200000e+02	1.500000e+02	7.800000e+02	8.100000e+02	0.000000e+00	0.000000e+00	0.000000e+00
1.200000e+02	1.500000e+02	8.100000e+02	8.400000e+02	0.000000e+00	0.000000e+00	0.000000e+00
1.200000e+02	1.500000e+02	8.400000e+02	8.700000e+02	0.000000e+00	0.000000e+00	0.000000e+00
1.200000e+02	1.500000e+02	8.700000e+02	9.000000e+02	0.000000e+00	0.000000e+00	0.000000e+00
1.500000e+02	1.800000e+02	0.000000e+00	3.000000e+01	5.582153e-04	3.353991e-05	3.353991e-05
1.500000e+02	1.800000e+02	3.000000e+01	6.000000e+01	1.446927e-03	5.399881e-05	5.399881e-05
1.500000e+02	1.800000e+02	6.000000e+01	9.000000e+01	2.692331e-03	7.365889e-05	7.365889e-05
1.500000e+02	1.800000e+02	9.000000e+01	1.200000e+02	5.628503e-03	1.065019e-04	1.065019e-04
1.500000e+02	1.800000e+02	1.200000e+02	1.500000e+02	1.003377e-02	1.421978e-04	1.421978e-04
1.500000e+02	1.800000e+02	1.500000e+02	1.800000e+02	6.021470e-03	1.101570e-04	1.101570e-04
1.500000e+02	1.800000e+02	1.800000e+02	2.100000e+02	0.000000e+00	0.000000e+00	0.000000e+00
1.500000e+02	1.800000e+02	2.100000e+02	2.400000e+02	0.000000e+00	0.000000e+00	0.000000e+00
1.500000e+02	1.800000e+02	2.400000e+02	2.700000e+02	0.000000e+00	0.000000e+00	0.000000e+00
1.500000e+02	1.800000e+02	2.700000e+02	3.000000e+02	0.000000e+00	0.000000e+00	0.000000e+00
1.500000e+02	1.800000e+02	3.000000e+02	3.300000e+02	0.000000e+00	0.000000e+00	0.000000e+00
1.500000e+02	1.800000e+02	3.300000e+02	3.600000e+02	0.000000e+00	0.000000e+00	0.000000e+00
1.500000e+02	1.800000e+02	3.600000e+02	3.900000e+02	0.000000e+00	0.000000e+00	0.000000e+00
1.500000e+02	1.800000e+02	3.900000e+02	4.200000e+02	0.000000e+00	0.000000e+00	0.000000e+00
1.500000e+02	1.800000e+02	4.200000e+02	4.500000e+02	0.000000e+00	0.000000e+00	0.000000e+00
1.500000e+02	1.800000e+02	4.500000e+02	4.800000e+02	0.000000e+00	0.000000e+00	0.000000e+00
1.500000e+02	1.800000e+02	4.800000e+02	5.100000e+02	0.000000e+00	0.000000e+00	0.000000e+00
1.500000e+02	1.800000e+02	5.100000e+02	5.400000e+02	0.000000e+00	0.000000e+00	0.000000e+00
1.500000e+02	1.800000e+02	5.400000e+02	5.700000e+02	0.000000e+00	0.000000e+00	0.000000e+00
1.500000e+02	1.800000e+02	5.700000e+02	6.000000e+02	0.000000e+00	0.000000e+00	0.000000e+00
1.500000e+02	1.800000e+02	6.000000e+02	6.300000e+02	0.000000e+00	0.000000e+00	0.000000e+00
1.500000e+02	1.800000e+02	6.300000e+02	6.600000e+02	0.000000e+00	0.000000e+00	0.000000e+00
1.500000e+02	1.800000e+02	6.600000e+02	6.900000e+02	0.000000e+00	0.000000e+00	0.000000e+00
1.500000e+02	1.800000e+02	6.900000e+02	7.200000e+02	0.000000e+00	0.000000e+00	0.000000e+00
1.500000e+02	1.800000e+02	7.200000e+02	7.500000e+02	0.000000e+00	0.000000e+00	0.000000e+00
1.500000e+02	1.800000e+02	7.500000e+02	7.800000e+02	0.000000e+00	0.000000e+00	0.000000e+00
1.500000e+02	1.800000e+02	7.800000e+02	8.100000e+02	0.000000e+00	0.000000e+00	0.000000e+00
1.500000e+02	1.800000e+02	8.100000e+02	8.400000e+02	0.000000e+00	0.000000e+00	0.000000e+00
1.500000e+02	1.800000e+02	8.400000e+02	8.700000e+02	0.000000e+00	0.000000e+00	0.000000e+00
1.500000e+02	1.800000e+02	8.700000e+02	9.000000e+02	0.000000e+00	0.000000e+00	0.000000e+00
1.800000e+02	2.100000e+02	0.000000e+00	3.000000e+01	3.365413e-04	2.604235e-05	2.604235e-05
1.800000e+02	2.100000e+02	3.000000e+01	6.000000e+01	8.766197e-04	4.203069e-05	4.203069e-05
1.800000e+02	2.100000e+02	6.000000e+01	9.000000e+01	1.467079e-03	5.437355e-05	5.437355e-05
1.800000e+02	2.100000e+02	9.000000e+01	1.200000e+02	2.716513e-03	7.398895e-05	7.398895e-05
1.800000e+02	2.100000e+02	1.200000e+02	1.500000e+02	5.185156e-03	1.022214e-04	1.022214e-04
1.800000e+02	2.100000e+02	1.500000e+02	1.800000e+02	8.397412e-03	1.300870e-04	1.300870e-04
1.800000e+02	2.100000e+02	1.800000e+02	2.100000e+02	4.421388e-03	9.439310e-05	9.439310e-05
1.800000e+02	2.100000e+02	2.100000e+02	2.400000e+02	0.000000e+00	0.000000e+00	0.000000e+00
1.800000e+02	2.100000e+02	2.400000e+02	2.700000e+02	0.000000e+00	0.000000e+00	0.000000e+00
1.800000e+02	2.100000e+02	2.700000e+02	3.000000e+02	0.000000e+00	0.000000e+00	0.000000e+00
1.800000e+02	2.100000e+02	3.000000e+02	3.300000e+02	0.000000e+00	0.000000e+00	0.000000e+00
1.800000e+02	2.100000e+02	3.300000e+02	3.600000e+02	0.000000e+00	0.000000e+00	0.000000e+00
1.800000e+02	2.100000e+02	3.600000e+02	3.900000e+02	0.000000e+00	0.000000e+00	0.000000e+00
1.800000e+02	2.100000e+02	3.900000e+02	4.200000e+02	0.000000e+00	0.000000e+00	0.000000e+00
1.800000e+02	2.100000e+02	4.200000e+02	4.500000e+02	0.000000e+00	0.000000e+00	0.000000e+00
1.800000e+02	2.100000e+02	4.500000e+02	4.800000e+02	0.000000e+00	0.000000e+00	0.000000e+00
1.800000e+02	2.100000e+02	4.800000e+02	5.100000e+02	0.000000e+00	0.000000e+00	0.000000e+00
1.800000e+02	2.100000e+02	5.100000e+02	5.400000e+02	0.000000e+00	0.000000e+00	0.000000e+00
1.800000e+02	2.100000e+02	5.400000e+02	5.700000e+02	0.000000e+00	0.000000e+00	0.000000e+00
1.800000e+02	2.100000e+02	5.700000e+02	6.000000e+02	0.000000e+00	0.000000e+00	0.000000e+00
1.800000e+02	2.100000e+02	6.000000e+02	6.300000e+02	0.000000e+00	0.000000e+00	0.000000e+00
1.800000e+02	2.100000e+02	6.300000e+02	6.600000e+02	0.000000e+00	0.000000e+00	0.000000e+00
1.800000e+02	2.100000e+02	6.600000e+02	6.900000e+02	0.000000e+00	0.000000e+00	0.000000e+00
1.800000e+02	2.100000e+02	6.900000e+02	7.200000e+02	0.000000e+00	0.000000e+00	0.000000e+00
1.800000e+02	2.100000e+02	7.200000e+02	7.500000e+02	0.000000e+00	0.000000e+00	0.000000e+00
1.800000e+02	2.100000e+02	7.500000e+02	7.800000e+02	0.000000e+00	0.000000e+00	0.000000e+00
1.800000e+02	2.100000e+02	7.800000e+02	8.100000e+02	0.000000e+00	0.000000e+00	0.000000e+00
1.800000e+02	2.100000e+02	8.100000e+02	8.400000e+02	0.000000e+00	0.000000e+00	0.000000e+00
1.800000e+02	2.100000e+02	8.400000e+02	8.700000e+02	0.000000e+00	0.000000e+00	0.000000e+00
1.800000e+02	2.100000e+02	8.700000e+02	9.000000e+02	0.000000e+00	0.000000e+00	0.000000e+00
2.100000e+02	2.400000e+02	0.000000e+00	3.000000e+01	2.075674e-04	2.045223e-05	2.045223e-05
2.100000e+02	2.400000e+02	3.000000e+01	6.000000e+01	5.138806e-04	3.218045e-05	3.218045e-05
2.100000e+02	2.400000e+02	6.000000e+01	9.000000e+01	8.766197e-04	4.203069e-05	4.203069e-05
2.100000e+02	2.400000e+02	9.000000e+01	1.200000e+02	1.364302e-03	5.243440e-05	5.243440e-05
2.100000e+02	2.400000e+02	1.200000e+02	1.500000e+02	2.450504e-03	7.027304e-05	7.027304e-05
2.100000e+02	2.400000e+02	1.500000e+02	1.800000e+02	4.185607e-03	9.184177e-05	9.184177e-05
2.100000e+02	2.400000e+02	1.800000e+02	2.100000e+02	6.168581e-03	1.114946e-04	1.114946e-04
2.100000e+02	2.400000e+02	2.100000e+02	2.400000e+02	3.133663e-03	7.946706e-05	7.946706e-05
2.100000e+02	2.400000e+02	2.400000e+02	2.700000e+02	0.000000e+00	0.000000e+00	0.000000e+00
2.100000e+02	2.400000e+02	2.700000e+02	3.000000e+02	0.000000e+00	0.000000e+00	0.000000e+00
2.100000e+02	2.400000e+02	3.000000e+02	3.300000e+02	0.000000e+00	0.000000e+00	0.000000e+00
2.100000e+02	2.400000e+02	3.300000e+02	3.600000e+02	0.000000e+00	0.000000e+00	0.000000e+00
2.100000e+02	2.400000e+02	3.600000e+02	3.900000e+02	0.000000e+00	0.000000e+00	0.000000e+00
2.100000e+02	2.400000e+02	3.900000e+02	4.200000e+02	0.000000e+00	0.000000e+00	0.000000e+00
2.100000e+02	2.400000e+02	4.200000e+02	4.500000e+02	0.000000e+00	0.000000e+00	0.000000e+00
2.100000e+02	2.400000e+02	4.500000e+02	4.800000e+02	0.000000e+00	0.000000e+00	0.000000e+00
2.100000e+02	2.400000e+02	4.800000e+02	5.100000e+02	0.000000e+00	0.000000e+00	0.000000e+00
2.100000e+02	2.400000e+02	5.100000e+02	5.400000e+02	0.000000e+00	0.000000e+00	0.000000e+00
2.100000e+02	2.400000e+02	5.400000e+02	5.700000e+02	0.000000e+00	0.000000e+00	0.000000e+00
2.100000e+02	2.400000e+02	5.700000e+02	6.000000e+02	0.000000e+00	0.000000e+00	0.000000e+00
2.100000e+02	2.400000e+02	6.000000e+02	6.300000e+02	0.000000e+00	0.000000e+00	0.000000e+00
2.100000e+02	2.400000e+02	6.300000e+02	6.600000e+02	0.000000e+00	0.000000e+00	0.000000e+00
2.100000e+02	2.400000e+02	6.600000e+02	6.900000e+02	0.000000e+00	0.000000e+00	0.000000e+00
2.100000e+02	2.400000e+02	6.900000e+02	7.200000e+02	0.000000e+00	0.000000e+00	0.000000e+00
2.100000e+02	2.400000e+02	7.200000e+02	7.500000e+02	0.000000e+00	0.000000e+00	0.000000e+00
2.100000e+02	2.400000e+02	7.500000e+02	7.800000e+02	0.000000e+00	0.000000e+00	0.000000e+00
2.100000e+02	2.400000e+02	7.800000e+02	8.100000e+02	0.000000e+00	0.000000e+00	0.000000e+00
2.100000e+02	2.400000e+02	8.100000e+02	8.400000e+02	0.000000e+00	0.000000e+00	0.000000e+00
2.100000e+02	2.400000e+02	8.400000e+02	8.700000e+02	0.000000e+00	0.000000e+00	0.000000e+00
2.100000e+02	2.400000e+02	8.700000e+02	9.000000e+02	0.000000e+00	0.000000e+00	0.000000e+00
2.400000e+02	2.700000e+02	0.000000e+00	3.000000e+01	1.531566e-04	1.756826e-05	1.756826e-05
2.400000e+02	2.700000e+02	3.000000e+01	6.000000e+01	3.889370e-04	2.799630e-05	2.799630e-05
2.400000e+02	2.700000e+02	6.000000e+01	9.000000e+01	5.602306e-04	3.360039e-05	3.360039e-05
2.400000e+02	2.700000e+02	9.000000e+01	1.200000e+02	8.161631e-04	4.055548e-05	4.055548e-05
2.400000e+02	2.700000e+02	1.200000e+02	1.500000e+02	1.255481e-03	5.029977e-05	5.029977e-05
2.400000e+02	2.700000e+02	1.500000e+02	1.800000e+02	1.972898e-03	6.305409e-05	6.305409e-05
2.400000e+02	2.700000e+02	1.800000e+02	2.100000e+02	3.319063e-03	8.178408e-05	8.178408e-05
2.400000e+02	2.700000e+02	2.100000e+02	2.400000e+02	4.419372e-03	9.437159e-05	9.437159e-05
2.400000e+02	2.700000e+02	2.400000e+02	2.700000e+02	2.253013e-03	6.738184e-05	6.738184e-05
2.400000e+02	2.700000e+02	2.700000e+02	3.000000e+02	0.000000e+00	0.000000e+00	0.000000e+00
2.400000e+02	2.700000e+02	3.000000e+02	3.300000e+02	0.000000e+00	0.000000e+00	0.000000e+00
2.400000e+02	2.700000e+02	3.300000e+02	3.600000e+02	0.000000e+00	0.000000e+00	0.000000e+00
2.400000e+02	2.700000e+02	3.600000e+02	3.900000e+02	0.000000e+00	0.000000e+00	0.000000e+00
2.400000e+02	2.700000e+02	3.900000e+02	4.200000e+02	0.000000e+00	0.000000e+00	0.000000e+00
2.400000e+02	2.700000e+02	4.200000e+02	4.500000e+02	0.000000e+00	0.000000e+00	0.000000e+00
2.400000e+02	2.700000e+02	4.500000e+02	4.800000e+02	0.000000e+00	0.000000e+00	0.000000e+00
2.400000e+02	2.700000e+02	4.800000e+02	5.100000e+02	0.000000e+00	0.000000e+00	0.000000e+00
2.400000e+02	2.700000e+02	5.100000e+02	5.400000e+02	0.000000e+00	0.000000e+00	0.000000e+00
2.400000e+02	2.700000e+02	5.400000e+02	5.700000e+02	0.000000e+00	0.000000e+00	0.000000e+00
2.400000e+02	2.700000e+02	5.700000e+02	6.000000e+02	0.000000e+00	0.000000e+00	0.000000e+00
2.400000e+02	2.700000e+02	6.000000e+02	6.300000e+02	0.000000e+00	0.000000e+00	0.000000e+00
2.400000e+02	2.700000e+02	6.300000e+02	6.600000e+02	0.000000e+00	0.000000e+00	0.000000e+00
2.400000e+02	2.700000e+02	6.600000e+02	6.900000e+02	0.000000e+00	0.000000e+00	0.000000e+00
2.400000e+02	2.700000e+02	6.900000e+02	7.200000e+02	0.000000e+00	0.000000e+00	0.000000e+00
2.400000e+02	2.700000e+02	7.200000e+02	7.500000e+02	0.000000e+00	0.000000e+00	0.000000e+00
2.400000e+02	2.700000e+02	7.500000e+02	7.800000e+02	0.000000e+00	0.000000e+00	0.000000e+00
2.400000e+02	2.700000e+02	7.800000e+02	8.100000e+02	0.000000e+00	0.000000e+00	0.000000e+00
2.400000e+02	2.700000e+02	8.100000e+02	8.400000e+02	0.000000e+00	0.000000e+00	0.000000e+00
2.400000e+02	2.700000e+02	8.400000e+02	8.700000e+02	0.000000e+00	0.000000e+00	0.000000e+00
2.400000e+02	2.700000e+02	8.700000e+02	9.000000e+02	0.000000e+00	0.000000e+00	0.000000e+00
2.700000e+02	3.000000e+02	0.000000e+00	3.000000e+01	1.188979e-04	1.547918e-05	1.547918e-05
2.700000e+02	3.000000e+02	3.000000e+01	6.000000e+01	2.035370e-04	2.025269e-05	2.025269e-05
2.700000e+02	3.000000e+02	6.000000e+01	9.000000e+01	3.466174e-04	2.642933e-05	2.642933e-05
2.700000e+02	3.000000e+02	9.000000e+01	1.200000e+02	5.985197e-04	3.472963e-05	3.472963e-05
2.700000e+02	3.000000e+02	1.200000e+02	1.500000e+02	7.859349e-04	3.979736e-05	3.979736e-05
2.700000e+02	3.000000e+02	1.500000e+02	1.800000e+02	1.118446e-03	4.747539e-05	4.747539e-05
2.700000e+02	3.000000e+02	1.800000e+02	2.100000e+02	1.630311e-03	5.731869e-05	5.731869e-05
2.700000e+02	3.000000e+02	2.100000e+02	2.400000e+02	2.404154e-03	6.960528e-05	6.960528e-05
2.700000e+02	3.000000e+02	2.400000e+02	2.700000e+02	3.192104e-03	8.020465e-05	8.020465e-05
2.700000e+02	3.000000e+02	2.700000e+02	3.000000e+02	1.545672e-03	5.581098e-05	5.581098e-05
2.700000e+02	3.000000e+02	3.000000e+02	3.300000e+02	0.000000e+00	0.000000e+00	0.000000e+00
2.700000e+02	3.000000e+02	3.300000e+02	3.600000e+02	0.000000e+00	0.000000e+00	0.000000e+00
2.700000e+02	3.000000e+02	3.600000e+02	3.900000e+02	0.000000e+00	0.000000e+00	0.000000e+00
2.700000e+02	3.000000e+02	3.900000e+02	4.200000e+02	0.000000e+00	0.000000e+00	0.000000e+00
2.700000e+02	3.000000e+02	4.200000e+02	4.500000e+02	0.000000e+00	0.000000e+00	0.000000e+00
2.700000e+02	3.000000e+02	4.500000e+02	4.800000e+02	0.000000e+00	0.000000e+00	0.000000e+00
2.700000e+02	3.000000e+02	4.800000e+02	5.100000e+02	0.000000e+00	0.000000e+00	0.000000e+00
2.700000e+02	3.000000e+02	5.100000e+02	5.400000e+02	0.000000e+00	0.000000e+00	0.000000e+00
2.700000e+02	3.000000e+02	5.400000e+02	5.700000e+02	0.000000e+00	0.000000e+00	0.000000e+00
2.700000e+02	3.000000e+02	5.700000e+02	6.000000e+02	0.000000e+00	0.000000e+00	0.000000e+00
2.700000e+02	3.000000e+02	6.000000e+02	6.300000e+02	0.000000e+00	0.000000e+00	0.000000e+00
2.700000e+02	3.000000e+02	6.300000e+02	6.600000e+02	0.000000e+00	0.000000e+00	0.000000e+00
2.700000e+02	3.000000e+02	6.600000e+02	6.900000e+02	0.000000e+00	0.000000e+00	0.000000e+00
2.700000e+02	3.000000e+02	6.900000e+02	7.200000e+02	0.000000e+00	0.000000e+00	0.000000e+00
2.700000e+02	3.000000e+02	7.200000e+02	7.500000e+02	0.000000e+00	0.000000e+00	0.000000e+00
2.700000e+02	3.000000e+02	7.500000e+02	7.800000e+02	0.000000e+00	0.000000e+00	0.000000e+00
2.700000e+02	3.000000e+02	7.800000e+02	8.100000e+02	0.000000e+00	0.000000e+00	0.000000e+00
2.700000e+02	3.000000e+02	8.100000e+02	8.400000e+02	0.000000e+00	0.000000e+00	0.000000e+00
2.700000e+02	3.000000e+02	8.400000e+02	8.700000e+02	0.000000e+00	0.000000e+00	0.000000e+00
2.700000e+02	3.000000e+02	8.700000e+02	9.000000e+02	0.000000e+00	0.000000e+00	0.000000e+00
3.000000e+02	3.300000e+02	0.000000e+00	3.000000e+01	7.053262e-05	1.192219e-05	1.192219e-05
3.000000e+02	3.300000e+02	3.000000e+01	6.000000e+01	1.733087e-04	1.868836e-05	1.868836e-05
3.000000e+02	3.300000e+02	6.000000e+01	9.000000e+01	2.236891e-04	2.123164e-05	2.123164e-05
3.000000e+02	3.300000e+02	9.000000e+01	1.200000e+02	3.990131e-04	2.835663e-05	2.835663e-05
3.000000e+02	3.300000e+02	1.200000e+02	1.500000e+02	5.199261e-04	3.236919e-05	3.236919e-05
3.000000e+02	3.300000e+02	1.500000e+02	1.800000e+02	6.549458e-04	3.632985e-05	3.632985e-05
3.000000e+02	3.300000e+02	1.800000e+02	2.100000e+02	8.866958e-04	4.227156e-05	4.227156e-05
3.000000e+02	3.300000e+02	2.100000e+02	2.400000e+02	1.140613e-03	4.794355e-05	4.794355e-05
3.000000e+02	3.300000e+02	2.400000e+02	2.700000e+02	1.733087e-03	5.909778e-05	5.909778e-05
3.000000e+02	3.300000e+02	2.700000e+02	3.000000e+02	2.124039e-03	6.542478e-05	6.542478e-05
3.000000e+02	3.300000e+02	3.000000e+02	3.300000e+02	1.092248e-03	4.691607e-05	4.691607e-05
3.000000e+02	3.300000e+02	3.300000e+02	3.600000e+02	0.000000e+00	0.000000e+00	0.000000e+00
3.000000e+02	3.300000e+02	3.600000e+02	3.900000e+02	0.000000e+00	0.000000e+00	0.000000e+00
3.000000e+02	3.300000e+02	3.900000e+02	4.200000e+02	0.000000e+00	0.000000e+00	0.000000e+00
3.000000e+02	3.300000e+02	4.200000e+02	4.500000e+02	0.000000e+00	0.000000e+00	0.000000e+00
3.000000e+02	3.300000e+02	4.500000e+02	4.800000e+02	0.000000e+00	0.000000e+00	0.000000e+00
3.000000e+02	3.300000e+02	4.800000e+02	5.100000e+02	0.000000e+00	0.000000e+00	0.000000e+00
3.000000e+02	3.300000e+02	5.100000e+02	5.400000e+02	0.000000e+00	0.000000e+00	0.000000e+00
3.000000e+02	3.300000e+02	5.400000e+02	5.700000e+02	0.000000e+00	0.000000e+00	0.000000e+00
3.000000e+02	3.300000e+02	5.700000e+02	6.000000e+02	0.000000e+00	0.000000e+00	0.000000e+00
3.000000e+02	3.300000e+02	6.000000e+02	6.300000e+02	0.000000e+00	0.000000e+00	0.000000e+00
3.000000e+02	3.300000e+02	6.300000e+02	6.600000e+02	0.000000e+00	0.000000e+00	0.000000e+00
3.000000e+02	3.300000e+02	6.600000e+02	6.900000e+02	0.000000e+00	0.000000e+00	0.000000e+00
3.000000e+02	3.300000e+02	6.900000e+02	7.200000e+02	0.000000e+00	0.000000e+00	0.000000e+00
3.000000e+02	3.300000e+02	7.200000e+02	7.500000e+02	0.000000e+00	0.000000e+00	0.000000e+00
3.000000e+02	3.300000e+02	7.500000e+02	7.800000e+02	0.000000e+00	0.000000e+00	0.000000e+00
3.000000e+02	3.300000e+02	7.800000e+02	8.100000e+02	0.000000e+00	0.000000e+00	0.000000e+00
3.000000e+02	3.300000e+02	8.100000e+02	8.400000e+02	0.000000e+00	0.000000e+00	0.000000e+00
3.000000e+02	3.300000e+02	8.400000e+02	8.700000e+02	0.000000e+00	0.000000e+00	0.000000e+00
3.000000e+02	3.300000e+02	8.700000e+02	9.000000e+02	0.000000e+00	0.000000e+00	0.000000e+00
3.300000e+02	3.600000e+02	0.000000e+00	3.000000e+01	5.441088e-05	1.047138e-05	1.047138e-05
3.300000e+02	3.600000e+02	3.000000e+01	6.000000e+01	1.249434e-04	1.586784e-05	1.586784e-05
3.300000e+02	3.600000e+02	6.000000e+01	9.000000e+01	1.934609e-04	1.974502e-05	1.974502e-05
3.300000e+02	3.600000e+02	9.000000e+01	1.200000e+02	2.579479e-04	2.279959e-05	2.279959e-05
3.300000e+02	3.600000e+02	1.200000e+02	1.500000e+02	2.861609e-04	2.401409e-05	2.401409e-05
3.300000e+02	3.600000e+02	1.500000e+02	1.800000e+02	4.635001e-04	3.056229e-05	3.056229e-05
3.300000e+02	3.600000e+02	1.800000e+02	2.100000e+02	5.441088e-04	3.311341e-05	3.311341e-05
3.300000e+02	3.600000e+02	2.100000e+02	2.400000e+02	5.985197e-04	3.472963e-05	3.472963e-05
3.300000e+02	3.600000e+02	2.400000e+02	2.700000e+02	9.088632e-04	4.279669e-05	4.279669e-05
3.300000e+02	3.600000e+02	2.700000e+02	3.000000e+02	1.309891e-03	5.137817e-05	5.137817e-05
3.300000e+02	3.600000e+02	3.000000e+02	3.300000e+02	1.626281e-03	5.724779e-05	5.724779e-05
3.300000e+02	3.600000e+02	3.300000e+02	3.600000e+02	8.121328e-04	4.045522e-05	4.045522e-05
3.300000e+02	3.600000e+02	3.600000e+02	3.900000e+02	0.000000e+00	0.000000e+00	0.000000e+00
3.300000e+02	3.600000e+02	3.900000e+02	4.200000e+02	0.000000e+00	0.000000e+00	0.000000e+00
3.300000e+02	3.600000e+02	4.200000e+02	4.500000e+02	0.000000e+00	0.000000e+00	0.000000e+00
3.300000e+02	3.600000e+02	4.500000e+02	4.800000e+02	0.000000e+00	0.000000e+00	0.000000e+00
3.300000e+02	3.600000e+02	4.800000e+02	5.100000e+02	0.000000e+00	0.000000e+00	0.000000e+00
3.300000e+02	3.600000e+02	5.100000e+02	5.400000e+02	0.000000e+00	0.000000e+00	0.000000e+00
3.300000e+02	3.600000e+02	5.400000e+02	5.700000e+02	0.000000e+00	0.000000e+00	0.000000e+00
3.300000e+02	3.600000e+02	5.700000e+02	6.000000e+02	0.000000e+00	0.000000e+00	0.000000e+00
3.300000e+02	3.600000e+02	6.000000e+02	6.300000e+02	0.000000e+00	0.000000e+00	0.000000e+00
3.300000e+02	3.600000e+02	6.300000e+02	6.600000e+02	0.000000e+00	0.000000e+00	0.000000e+00
3.300000e+02	3.600000e+02	6.600000e+02	6.900000e+02	0.000000e+00	0.000000e+00	0.000000e+00
3.300000e+02	3.600000e+02	6.900000e+02	7.200000e+02	0.000000e+00	0.000000e+00	0.000000e+00
3.300000e+02	3.600000e+02	7.200000e+02	7.500000e+02	0.000000e+00	0.000000e+00	0.000000e+00
3.300000e+02	3.600000e+02	7.500000e+02	7.800000e+02	0.000000e+00	0.000000e+00	0.000000e+00
3.300000e+02	3.600000e+02	7.800000e+02	8.100000e+02	0.000000e+00	0.000000e+00	0.000000e+00
3.300000e+02	3.600000e+02	8.100000e+02	8.400000e+02	0.000000e+00	0.000000e+00	0.000000e+00
3.300000e+02	3.600000e+02	8.400000e+02	8.700000e+02	0.000000e+00	0.000000e+00	0.000000e+00
3.300000e+02	3.600000e+02	8.700000e+02	9.000000e+02	0.000000e+00	0.000000e+00	0.000000e+00
3.600000e+02	3.900000e+02	0.000000e+00	3.000000e+01	4.231957e-05	9.234888e-06	9.234888e-06
3.600000e+02	3.900000e+02	3.000000e+01	6.000000e+01	7.657827e-05	1.242263e-05	1.242263e-05
3.600000e+02	3.900000e+02	6.000000e+01	9.000000e+01	1.128522e-04	1.508051e-05	1.508051e-05
3.600000e+02	3.900000e+02	9.000000e+01	1.200000e+02	1.733087e-04	1.868836e-05	1.868836e-05
3.600000e+02	3.900000e+02	1.200000e+02	1.500000e+02	2.236891e-04	2.123164e-05	2.123164e-05
3.600000e+02	3.900000e+02	1.500000e+02	1.800000e+02	2.660088e-04	2.315309e-05	2.315309e-05
3.600000e+02	3.900000e+02	1.800000e+02	2.100000e+02	3.042979e-04	2.476341e-05	2.476341e-05
3.600000e+02	3.900000e+02	2.100000e+02	2.400000e+02	3.889370e-04	2.799630e-05	2.799630e-05
3.600000e+02	3.900000e+02	2.400000e+02	2.700000e+02	5.158958e-04	3.224348e-05	3.224348e-05
3.600000e+02	3.900000e+02	2.700000e+02	3.000000e+02	6.670370e-04	3.666367e-05	3.666367e-05
3.600000e+02	3.900000e+02	3.000000e+02	3.300000e+02	9.531980e-04	4.382809e-05	4.382809e-05
3.600000e+02	3.900000e+02	3.300000e+02	3.600000e+02	1.118446e-03	4.747539e-05	4.747539e-05
3.600000e+02	3.900000e+02	3.600000e+02	3.900000e+02	5.703066e-04	3.390121e-05	3.390121e-05
3.600000e+02	3.900000e+02	3.900000e+02	4.200000e+02	0.000000e+00	0.000000e+00	0.000000e+00
3.600000e+02	3.900000e+02	4.200000e+02	4.500000e+02	0.000000e+00	0.000000e+00	0.000000e+00
3.600000e+02	3.900000e+02	4.500000e+02	4.800000e+02	0.000000e+00	0.000000e+00	0.000000e+00
3.600000e+02	3.900000e+02	4.800000e+02	5.100000e+02	0.000000e+00	0.000000e+00	0.000000e+00
3.600000e+02	3.900000e+02	5.100000e+02	5.400000e+02	0.000000e+00	0.000000e+00	0.000000e+00
3.600000e+02	3.900000e+02	5.400000e+02	5.700000e+02	0.000000e+00	0.000000e+00	0.000000e+00
3.600000e+02	3.900000e+02	5.700000e+02	6.000000e+02	0.000000e+00	0.000000e+00	0.000000e+00
3.600000e+02	3.900000e+02	6.000000e+02	6.300000e+02	0.000000e+00	0.000000e+00	0.000000e+00
3.600000e+02	3.900000e+02	6.300000e+02	6.600000e+02	0.000000e+00	0.000000e+00	0.000000e+00
3.600000e+02	3.900000e+02	6.600000e+02	6.900000e+02	0.000000e+00	0.000000e+00	0.000000e+00
3.600000e+02	3.900000e+02	6.900000e+02	7.200000e+02	0.000000e+00	0.000000e+00	0.000000e+00
3.600000e+02	3.900000e+02	7.200000e+02	7.500000e+02	0.000000e+00	0.000000e+00	0.000000e+00
3.600000e+02	3.900000e+02	7.500000e+02	7.800000e+02	0.000000e+00	0.000000e+00	0.000000e+00
3.600000e+02	3.900000e+02	7.800000e+02	8.100000e+02	0.000000e+00	0.000000e+00	0.000000e+00
3.600000e+02	3.900000e+02	8.100000e+02	8.400000e+02	0.000000e+00	0.000000e+00	0.000000e+00
3.600000e+02	3.900000e+02	8.400000e+02	8.700000e+02	0.000000e+00	0.000000e+00	0.000000e+00
3.600000e+02	3.900000e+02	8.700000e+02	9.000000e+02	0.000000e+00	0.000000e+00	0.000000e+00
3.900000e+02	4.200000e+02	0.000000e+00	3.000000e+01	2.821304e-05	7.540254e-06	7.540254e-06
3.900000e+02	4.200000e+02	3.000000e+01	6.000000e+01	7.657827e-05	1.242263e-05	1.242263e-05
3.900000e+02	4.200000e+02	6.000000e+01	9.000000e+01	9.270001e-05	1.366787e-05	1.366787e-05
3.900000e+02	4.200000e+02	9.000000e+01	1.200000e+02	1.450957e-04	1.709969e-05	1.709969e-05
3.900000e+02	4.200000e+02	1.200000e+02	1.500000e+02	1.491261e-04	1.733556e-05	1.733556e-05
3.900000e+02	4.200000e+02	1.500000e+02	1.800000e+02	1.592022e-04	1.791165e-05	1.791165e-05
3.900000e+02	4.200000e+02	1.800000e+02	2.100000e+02	1.612174e-04	1.802465e-05	1.802465e-05
3.900000e+02	4.200000e+02	2.100000e+02	2.400000e+02	2.700392e-04	2.332783e-05	2.332783e-05
3.900000e+02	4.200000e+02	2.400000e+02	2.700000e+02	3.244500e-04	2.557024e-05	2.557024e-05
3.900000e+02	4.200000e+02	2.700000e+02	3.000000e+02	3.687849e-04	2.726136e-05	2.726136e-05
3.900000e+02	4.200000e+02	3.000000e+02	3.300000e+02	5.703066e-04	3.390121e-05	3.390121e-05
3.900000e+02	4.200000e+02	3.300000e+02	3.600000e+02	7.738436e-04	3.949004e-05	3.949004e-05
3.900000e+02	4.200000e+02	3.600000e+02	3.900000e+02	8.766197e-04	4.203069e-05	4.203069e-05
3.900000e+02	4.200000e+02	3.900000e+02	4.200000e+02	3.788609e-04	2.763127e-05	2.763127e-05
3.900000e+02	4.200000e+02	4.200000e+02	4.500000e+02	0.000000e+00	0.000000e+00	0.000000e+00
3.900000e+02	4.200000e+02	4.500000e+02	4.800000e+02	0.000000e+00	0.000000e+00	0.000000e+00
3.900000e+02	4.200000e+02	4.800000e+02	5.100000e+02	0.000000e+00	0.000000e+00	0.000000e+00
3.900000e+02	4.200000e+02	5.100000e+02	5.400000e+02	0.000000e+00	0.000000e+00	0.000000e+00
3.900000e+02	4.200000e+02	5.400000e+02	5.700000e+02	0.000000e+00	0.000000e+00	0.000000e+00
3.900000e+02	4.200000e+02	5.700000e+02	6.000000e+02	0.000000e+00	0.000000e+00	0.000000e+00
3.900000e+02	4.200000e+02	6.000000e+02	6.300000e+02	0.000000e+00	0.000000e+00	0.000000e+00
3.900000e+02	4.200000e+02	6.300000e+02	6.600000e+02	0.000000e+00	0.000000e+00	0.000000e+00
3.900000e+02	4.200000e+02	6.600000e+02	6.900000e+02	0.000000e+00	0.000000e+00	0.000000e+00
3.900000e+02	4.200000e+02	6.900000e+02	7.200000e+02	0.000000e+00	0.000000e+00	0.000000e+00
3.900000e+02	4.200000e+02	7.200000e+02	7.500000e+02	0.000000e+00	0.000000e+00	0.000000e+00
3.900000e+02	4.200000e+02	7.500000e+02	7.800000e+02	0.000000e+00	0.000000e+00	0.000000e+00
3.900000e+02	4.200000e+02	7.800000e+02	8.100000e+02	0.000000e+00	0.000000e+00	0.000000e+00
3.900000e+02	4.200000e+02	8.100000e+02	8.400000e+02	0.000000e+00	0.000000e+00	0.000000e+00
3.900000e+02	4.200000e+02	8.400000e+02	8.700000e+02	0.000000e+00	0.000000e+00	0.000000e+00
3.900000e+02	4.200000e+02	8.700000e+02	9.000000e+02	0.000000e+00	0.000000e+00	0.000000e+00
4.200000e+02	4.500000e+02	0.000000e+00	3.000000e+01	2.619783e-05	7.265971e-06	7.265971e-06
4.200000e+02	4.500000e+02	3.000000e+01	6.000000e+01	6.247174e-05	1.122026e-05	1.122026e-05
4.200000e+02	4.500000e+02	6.000000e+01	9.000000e+01	8.060871e-05	1.274535e-05	1.274535e-05
4.200000e+02	4.500000e+02	9.000000e+01	1.200000e+02	8.262392e-05	1.290369e-05	1.290369e-05
4.200000e+02	4.500000e+02	1.200000e+02	1.500000e+02	9.874567e-05	1.410652e-05	1.410652e-05
4.200000e+02	4.500000e+02	1.500000e+02	1.800000e+02	1.047913e-04	1.453194e-05	1.453194e-05
4.200000e+02	4.500000e+02	1.800000e+02	2.100000e+02	1.753239e-04	1.879670e-05	1.879670e-05
4.200000e+02	4.500000e+02	2.100000e+02	2.400000e+02	1.511413e-04	1.745230e-05	1.745230e-05
4.200000e+02	4.500000e+02	2.400000e+02	2.700000e+02	2.115979e-04	2.064983e-05	2.064983e-05
4.200000e+02	4.500000e+02	2.700000e+02	3.000000e+02	2.539174e-04	2.262076e-05	2.262076e-05
4.200000e+02	4.500000e+02	3.000000e+02	3.300000e+02	3.143740e-04	2.517006e-05	2.517006e-05
4.200000e+02	4.500000e+02	3.300000e+02	3.600000e+02	4.413327e-04	2.982250e-05	2.982250e-05
4.200000e+02	4.500000e+02	3.600000e+02	3.900000e+02	4.715609e-04	3.082690e-05	3.082690e-05
4.200000e+02	4.500000e+02	3.900000e+02	4.200000e+02	6.307631e-04	3.565284e-05	3.565284e-05
4.200000e+02	4.500000e+02	4.200000e+02	4.500000e+02	2.881761e-04	2.409850e-05	2.409850e-05
4.200000e+02	4.500000e+02	4.500000e+02	4.800000e+02	0.000000e+00	0.000000e+00	0.000000e+00
4.200000e+02	4.500000e+02	4.800000e+02	5.100000e+02	0.000000e+00	0.000000e+00	0.000000e+00
4.200000e+02	4.500000e+02	5.100000e+02	5.400000e+02	0.000000e+00	0.000000e+00	0.000000e+00
4.200000e+02	4.500000e+02	5.400000e+02	5.700000e+02	0.000000e+00	0.000000e+00	0.000000e+00
4.200000e+02	4.500000e+02	5.700000e+02	6.000000e+02	0.000000e+00	0.000000e+00	0.000000e+00
4.200000e+02	4.500000e+02	6.000000e+02	6.300000e+02	0.000000e+00	0.000000e+00	0.000000e+00
4.200000e+02	4.500000e+02	6.300000e+02	6.600000e+02	0.000000e+00	0.000000e+00	0.000000e+00
4.200000e+02	4.500000e+02	6.600000e+02	6.900000e+02	0.000000e+00	0.000000e+00	0.000000e+00
4.200000e+02	4.500000e+02	6.900000e+02	7.200000e+02	0.000000e+00	0.000000e+00	0.000000e+00
4.200000e+02	4.500000e+02	7.200000e+02	7.500000e+02	0.000000e+00	0.000000e+00	0.000000e+00
4.200000e+02	4.500000e+02	7.500000e+02	7.800000e+02	0.000000e+00	0.000000e+00	0.000000e+00
4.200000e+02	4.500000e+02	7.800000e+02	8.100000e+02	0.000000e+00	0.000000e+00	0.000000e+00
4.200000e+02	4.500000e+02	8.100000e+02	8.400000e+02	0.000000e+00	0.000000e+00	0.000000e+00
4.200000e+02	4.500000e+02	8.400000e+02	8.700000e+02	0.000000e+00	0.000000e+00	0.000000e+00
4.200000e+02	4.500000e+02	8.700000e+02	9.000000e+02	0.000000e+00	0.000000e+00	0.000000e+00
4.500000e+02	4.800000e+02	0.000000e+00	3.000000e+01	2.015218e-05	6.372678e-06	6.372678e-06
4.500000e+02	4.800000e+02	3.000000e+01	6.000000e+01	3.627392e-05	8.549844e-06	8.549844e-06
4.500000e+02	4.800000e+02	6.000000e+01	9.000000e+01	4.231957e-05	9.234888e-06	9.234888e-06
4.500000e+02	4.800000e+02	9.000000e+01	1.200000e+02	6.650218e-05	1.157655e-05	1.157655e-05
4.500000e+02	4.800000e+02	1.200000e+02	1.500000e+02	8.262392e-05	1.290369e-05	1.290369e-05
4.500000e+02	4.800000e+02	1.500000e+02	1.800000e+02	8.060871e-05	1.274535e-05	1.274535e-05
4.500000e+02	4.800000e+02	1.800000e+02	2.100000e+02	1.007609e-04	1.424974e-05	1.424974e-05
4.500000e+02	4.800000e+02	2.100000e+02	2.400000e+02	8.665436e-05	1.321467e-05	1.321467e-05
4.500000e+02	4.800000e+02	2.400000e+02	2.700000e+02	1.289739e-04	1.612174e-05	1.612174e-05
4.500000e+02	4.800000e+02	2.700000e+02	3.000000e+02	1.350196e-04	1.649527e-05	1.649527e-05
4.500000e+02	4.800000e+02	3.000000e+02	3.300000e+02	2.035370e-04	2.025269e-05	2.025269e-05
4.500000e+02	4.800000e+02	3.300000e+02	3.600000e+02	1.894304e-04	1.953826e-05	1.953826e-05
4.500000e+02	4.800000e+02	3.600000e+02	3.900000e+02	3.042979e-04	2.476341e-05	2.476341e-05
4.500000e+02	4.800000e+02	3.900000e+02	4.200000e+02	3.566936e-04	2.681073e-05	2.681073e-05
4.500000e+02	4.800000e+02	4.200000e+02	4.500000e+02	3.909522e-04	2.806873e-05	2.806873e-05
4.500000e+02	4.800000e+02	4.500000e+02	4.800000e+02	1.874152e-04	1.943405e-05	1.943405e-05
4.500000e+02	4.800000e+02	4.800000e+02	5.100000e+02	0.000000e+00	0.000000e+00	0.000000e+00
4.500000e+02	4.800000e+02	5.100000e+02	5.400000e+02	0.000000e+00	0.000000e+00	0.000000e+00
4.500000e+02	4.800000e+02	5.400000e+02	5.700000e+02	0.000000e+00	0.000000e+00	0.000000e+00
4.500000e+02	4.800000e+02	5.700000e+02	6.000000e+02	0.000000e+00	0.000000e+00	0.000000e+00
4.500000e+02	4.800000e+02	6.000000e+02	6.300000e+02	0.000000e+00	0.000000e+00	0.000000e+00
4.500000e+02	4.800000e+02	6.300000e+02	6.600000e+02	0.000000e+00	0.000000e+00	0.000000e+00
4.500000e+02	4.800000e+02	6.600000e+02	6.900000e+02	0.000000e+00	0.000000e+00	0.000000e+00
4.500000e+02	4.800000e+02	6.900000e+02	7.200000e+02	0.000000e+00	0.000000e+00	0.000000e+00
4.500000e+02	4.800000e+02	7.200000e+02	7.500000e+02	0.000000e+00	0.000000e+00	0.000000e+00
4.500000e+02	4.800000e+02	7.500000e+02	7.800000e+02	0.000000e+00	0.000000e+00	0.000000e+00
4.500000e+02	4.800000e+02	7.800000e+02	8.100000e+02	0.000000e+00	0.000000e+00	0.000000e+00
4.500000e+02	4.800000e+02	8.100000e+02	8.400000e+02	0.000000e+00	0.000000e+00	0.000000e+00
4.500000e+02	4.800000e+02	8.400000e+02	8.700000e+02	0.000000e+00	0.000000e+00	0.000000e+00
4.500000e+02	4.800000e+02	8.700000e+02	9.000000e+02	0.000000e+00	0.000000e+00	0.000000e+00
4.800000e+02	5.100000e+02	0.000000e+00	3.000000e+01	2.619783e-05	7.265971e-06	7.265971e-06
4.800000e+02	5.100000e+02	3.000000e+01	6.000000e+01	3.022827e-05	7.804904e-06	7.804904e-06
4.800000e+02	5.100000e+02	6.000000e+01	9.000000e+01	4.231957e-05	9.234888e-06	9.234888e-06
4.800000e+02	5.100000e+02	9.000000e+01	1.200000e+02	5.441088e-05	1.047138e-05	1.047138e-05
4.800000e+02	5.100000e+02	1.200000e+02	1.500000e+02	6.448697e-05	1.139979e-05	1.139979e-05
4.800000e+02	5.100000e+02	1.500000e+02	1.800000e+02	7.859349e-05	1.258503e-05	1.258503e-05
4.800000e+02	5.100000e+02	1.800000e+02	2.100000e+02	6.448697e-05	1.139979e-05	1.139979e-05
4.800000e+02	5.100000e+02	2.100000e+02	2.400000e+02	6.045653e-05	1.103780e-05	1.103780e-05
4.800000e+02	5.100000e+02	2.400000e+02	2.700000e+02	7.859349e-05	1.258503e-05	1.258503e-05
4.800000e+02	5.100000e+02	2.700000e+02	3.000000e+02	1.068065e-04	1.467101e-05	1.467101e-05
4.800000e+02	5.100000e+02	3.000000e+02	3.300000e+02	1.168827e-04	1.534744e-05	1.534744e-05
4.800000e+02	5.100000e+02	3.300000e+02	3.600000e+02	1.511413e-04	1.745230e-05	1.745230e-05
4.800000e+02	5.100000e+02	3.600000e+02	3.900000e+02	1.571870e-04	1.779792e-05	1.779792e-05
4.800000e+02	5.100000e+02	3.900000e+02	4.200000e+02	1.854000e-04	1.932929e-05	1.932929e-05
4.800000e+02	5.100000e+02	4.200000e+02	4.500000e+02	2.881761e-04	2.409850e-05	2.409850e-05
4.800000e+02	5.100000e+02	4.500000e+02	4.800000e+02	3.002674e-04	2.459887e-05	2.459887e-05
4.800000e+02	5.100000e+02	4.800000e+02	5.100000e+02	1.531566e-04	1.756826e-05	1.756826e-05
4.800000e+02	5.100000e+02	5.100000e+02	5.400000e+02	0.000000e+00	0.000000e+00	0.000000e+00
4.800000e+02	5.100000e+02	5.400000e+02	5.700000e+02	0.000000e+00	0.000000e+00	0.000000e+00
4.800000e+02	5.100000e+02	5.700000e+02	6.000000e+02	0.000000e+00	0.000000e+00	0.000000e+00
4.800000e+02	5.100000e+02	6.000000e+02	6.300000e+02	0.000000e+00	0.000000e+00	0.000000e+00
4.800000e+02	5.100000e+02	6.300000e+02	6.600000e+02	0.000000e+00	0.000000e+00	0.000000e+00
4.800000e+02	5.100000e+02	6.600000e+02	6.900000e+02	0.000000e+00	0.000000e+00	0.000000e+00
4.800000e+02	5.100000e+02	6.900000e+02	7.200000e+02	0.000000e+00	0.000000e+00	0.000000e+00
4.800000e+02	5.100000e+02	7.200000e+02	7.500000e+02	0.000000e+00	0.000000e+00	0.000000e+00
4.800000e+02	5.100000e+02	7.500000e+02	7.800000e+02	0.000000e+00	0.000000e+00	0.000000e+00
4.800000e+02	5.100000e+02	7.800000e+02	8.100000e+02	0.000000e+00	0.000000e+00	0.000000e+00
4.800000e+02	5.100000e+02	8.100000e+02	8.400000e+02	0.000000e+00	0.000000e+00	0.000000e+00
4.800000e+02	5.100000e+02	8.400000e+02	8.700000e+02	0.000000e+00	0.000000e+00	0.000000e+00
4.800000e+02	5.100000e+02	8.700000e+02	9.000000e+02	0.000000e+00	0.000000e+00	0.000000e+00
5.100000e+02	5.400000e+02	0.000000e+00	3.000000e+01	1.209131e-05	4.936255e-06	4.936255e-06
5.100000e+02	5.400000e+02	3.000000e+01	6.000000e+01	2.418261e-05	6.980918e-06	6.980918e-06
5.100000e+02	5.400000e+02	6.000000e+01	9.000000e+01	3.224348e-05	8.060871e-06	8.060871e-06
5.100000e+02	5.400000e+02	9.000000e+01	1.200000e+02	4.030436e-05	9.012328e-06	9.012328e-06
5.100000e+02	5.400000e+02	1.200000e+02	1.500000e+02	2.418261e-05	6.980918e-06	6.980918e-06
5.100000e+02	5.400000e+02	1.500000e+02	1.800000e+02	3.425870e-05	8.308955e-06	8.308955e-06
5.100000e+02	5.400000e+02	1.800000e+02	2.100000e+02	4.635001e-05	9.664645e-06	9.664645e-06
5.100000e+02	5.400000e+02	2.100000e+02	2.400000e+02	6.045653e-05	1.103780e-05	1.103780e-05
5.100000e+02	5.400000e+02	2.400000e+02	2.700000e+02	4.433479e-05	9.452209e-06	9.452209e-06
5.100000e+02	5.400000e+02	2.700000e+02	3.000000e+02	5.844131e-05	1.085228e-05	1.085228e-05
5.100000e+02	5.400000e+02	3.000000e+02	3.300000e+02	7.657827e-05	1.242263e-05	1.242263e-05
5.100000e+02	5.400000e+02	3.300000e+02	3.600000e+02	7.859349e-05	1.258503e-05	1.258503e-05
5.100000e+02	5.400000e+02	3.600000e+02	3.900000e+02	1.128522e-04	1.508051e-05	1.508051e-05
5.100000e+02	5.400000e+02	3.900000e+02	4.200000e+02	1.188979e-04	1.547918e-05	1.547918e-05
5.100000e+02	5.400000e+02	4.200000e+02	4.500000e+02	1.632327e-04	1.813696e-05	1.813696e-05
5.100000e+02	5.400000e+02	4.500000e+02	4.800000e+02	2.055522e-04	2.035270e-05	2.035270e-05
5.100000e+02	5.400000e+02	4.800000e+02	5.100000e+02	1.793543e-04	1.901153e-05	1.901153e-05
5.100000e+02	5.400000e+02	5.100000e+02	5.400000e+02	1.108370e-04	1.494525e-05	1.494525e-05
5.100000e+02	5.400000e+02	5.400000e+02	5.700000e+02	0.000000e+00	0.000000e+00	0.000000e+00
5.100000e+02	5.400000e+02	5.700000e+02	6.000000e+02	0.000000e+00	0.000000e+00	0.000000e+00
5.100000e+02	5.400000e+02	6.000000e+02	6.300000e+02	0.000000e+00	0.000000e+00	0.000000e+00
5.100000e+02	5.400000e+02	6.300000e+02	6.600000e+02	0.000000e+00	0.000000e+00	0.000000e+00
5.100000e+02	5.400000e+02	6.600000e+02	6.900000e+02	0.000000e+00	0.000000e+00	0.000000e+00
5.100000e+02	5.400000e+02	6.900000e+02	7.200000e+02	0.000000e+00	0.000000e+00	0.000000e+00
5.100000e+02	5.400000e+02	7.200000e+02	7.500000e+02	0.000000e+00	0.000000e+00	0.000000e+00
5.100000e+02	5.400000e+02	7.500000e+02	7.800000e+02	0.000000e+00	0.000000e+00	0.000000e+00
5.100000e+02	5.400000e+02	7.800000e+02	8.100000e+02	0.000000e+00	0.000000e+00	0.000000e+00
5.100000e+02	5.400000e+02	8.100000e+02	8.400000e+02	0.000000e+00	0.000000e+00	0.000000e+00
5.100000e+02	5.400000e+02	8.400000e+02	8.700000e+02	0.000000e+00	0.000000e+00	0.000000e+00
5.100000e+02	5.400000e+02	8.700000e+02	9.000000e+02	0.000000e+00	0.000000e+00	0.000000e+00
5.400000e+02	5.700000e+02	0.000000e+00	3.000000e+01	1.007609e-05	4.506163e-06	4.506163e-06
5.400000e+02	5.700000e+02	3.000000e+01	6.000000e+01	2.216739e-05	6.683721e-06	6.683721e-06
5.400000e+02	5.700000e+02	6.000000e+01	9.000000e+01	2.619783e-05	7.265971e-06	7.265971e-06
5.400000e+02	5.700000e+02	9.000000e+01	1.200000e+02	2.821304e-05	7.540254e-06	7.540254e-06
5.400000e+02	5.700000e+02	1.200000e+02	1.500000e+02	4.231957e-05	9.234888e-06	9.234888e-06
5.400000e+02	5.700000e+02	1.500000e+02	1.800000e+02	3.627392e-05	8.549844e-06	8.549844e-06
5.400000e+02	5.700000e+02	1.800000e+02	2.100000e+02	4.433479e-05	9.452209e-06	9.452209e-06
5.400000e+02	5.700000e+02	2.100000e+02	2.400000e+02	3.627392e-05	8.549844e-06	8.549844e-06
5.400000e+02	5.700000e+02	2.400000e+02	2.700000e+02	2.418261e-05	6.980918e-06	6.980918e-06
5.400000e+02	5.700000e+02	2.700000e+02	3.000000e+02	4.635001e-05	9.664645e-06	9.664645e-06
5.400000e+02	5.700000e+02	3.000000e+02	3.300000e+02	6.045653e-05	1.103780e-05	1.103780e-05
5.400000e+02	5.700000e+02	3.300000e+02	3.600000e+02	5.038044e-05	1.007609e-05	1.007609e-05
5.400000e+02	5.700000e+02	3.600000e+02	3.900000e+02	8.262392e-05	1.290369e-05	1.290369e-05
5.400000e+02	5.700000e+02	3.900000e+02	4.200000e+02	7.254783e-05	1.209130e-05	1.209130e-05
5.400000e+02	5.700000e+02	4.200000e+02	4.500000e+02	1.047913e-04	1.453194e-05	1.453194e-05
5.400000e+02	5.700000e+02	4.500000e+02	4.800000e+02	1.168827e-04	1.534744e-05	1.534744e-05
5.400000e+02	5.700000e+02	4.800000e+02	5.100000e+02	1.249434e-04	1.586784e-05	1.586784e-05
5.400000e+02	5.700000e+02	5.100000e+02	5.400000e+02	1.571870e-04	1.779792e-05	1.779792e-05
5.400000e+02	5.700000e+02	5.400000e+02	5.700000e+02	6.448697e-05	1.139979e-05	1.139979e-05
5.400000e+02	5.700000e+02	5.700000e+02	6.000000e+02	0.000000e+00	0.000000e+00	0.000000e+00
5.400000e+02	5.700000e+02	6.000000e+02	6.300000e+02	0.000000e+00	0.000000e+00	0.000000e+00
5.400000e+02	5.700000e+02	6.300000e+02	6.600000e+02	0.000000e+00	0.000000e+00	0.000000e+00
5.400000e+02	5.700000e+02	6.600000e+02	6.900000e+02	0.000000e+00	0.000000e+00	0.000000e+00
5.400000e+02	5.700000e+02	6.900000e+02	7.200000e+02	0.000000e+00	0.000000e+00	0.000000e+00
5.400000e+02	5.700000e+02	7.200000e+02	7.500000e+02	0.000000e+00	0.000000e+00	0.000000e+00
5.400000e+02	5.700000e+02	7.500000e+02	7.800000e+02	0.000000e+00	0.000000e+00	0.000000e+00
5.400000e+02	5.700000e+02	7.800000e+02	8.100000e+02	0.000000e+00	0.000000e+00	0.000000e+00
5.400000e+02	5.700000e+02	8.100000e+02	8.400000e+02	0.000000e+00	0.000000e+00	0.000000e+00
5.400000e+02	5.700000e+02	8.400000e+02	8.700000e+02	0.000000e+00	0.000000e+00	0.000000e+00
5.400000e+02	5.700000e+02	8.700000e+02	9.000000e+02	0.000000e+00	0.000000e+00	0.000000e+00
5.700000e+02	6.000000e+02	0.000000e+00	3.000000e+01	4.030436e-06	2.849948e-06	2.849948e-06
5.700000e+02	6.000000e+02	3.000000e+01	6.000000e+01	1.813696e-05	6.045653e-06	6.045653e-06
5.700000e+02	6.000000e+02	6.000000e+01	9.000000e+01	1.410652e-05	5.331765e-06	5.331765e-06
5.700000e+02	6.000000e+02	9.000000e+01	1.200000e+02	3.425870e-05	8.308955e-06	8.308955e-06
5.700000e+02	6.000000e+02	1.200000e+02	1.500000e+02	3.828913e-05	8.784130e-06	8.784130e-06
5.700000e+02	6.000000e+02	1.500000e+02	1.800000e+02	1.410652e-05	5.331765e-06	5.331765e-06
5.700000e+02	6.000000e+02	1.800000e+02	2.100000e+02	2.821304e-05	7.540254e-06	7.540254e-06
5.700000e+02	6.000000e+02	2.100000e+02	2.400000e+02	2.216739e-05	6.683721e-06	6.683721e-06
5.700000e+02	6.000000e+02	2.400000e+02	2.700000e+02	2.216739e-05	6.683721e-06	6.683721e-06
5.700000e+02	6.000000e+02	2.700000e+02	3.000000e+02	4.231957e-05	9.234888e-06	9.234888e-06
5.700000e+02	6.000000e+02	3.000000e+02	3.300000e+02	2.821304e-05	7.540254e-06	7.540254e-06
5.700000e+02	6.000000e+02	3.300000e+02	3.600000e+02	3.022827e-05	7.804904e-06	7.804904e-06
5.700000e+02	6.000000e+02	3.600000e+02	3.900000e+02	3.224348e-05	8.060871e-06	8.060871e-06
5.700000e+02	6.000000e+02	3.900000e+02	4.200000e+02	5.441088e-05	1.047138e-05	1.047138e-05
5.700000e+02	6.000000e+02	4.200000e+02	4.500000e+02	5.038044e-05	1.007609e-05	1.007609e-05
5.700000e+02	6.000000e+02	4.500000e+02	4.800000e+02	7.053262e-05	1.192219e-05	1.192219e-05
5.700000e+02	6.000000e+02	4.800000e+02	5.100000e+02	6.650218e-05	1.157655e-05	1.157655e-05
5.700000e+02	6.000000e+02	5.100000e+02	5.400000e+02	8.262392e-05	1.290369e-05	1.290369e-05
5.700000e+02	6.000000e+02	5.400000e+02	5.700000e+02	9.874567e-05	1.410652e-05	1.410652e-05
5.700000e+02	6.000000e+02	5.700000e+02	6.000000e+02	3.627392e-05	8.549844e-06	8.549844e-06
5.700000e+02	6.000000e+02	6.000000e+02	6.300000e+02	0.000000e+00	0.000000e+00	0.000000e+00
5.700000e+02	6.000000e+02	6.300000e+02	6.600000e+02	0.000000e+00	0.000000e+00	0.000000e+00
5.700000e+02	6.000000e+02	6.600000e+02	6.900000e+02	0.000000e+00	0.000000e+00	0.000000e+00
5.700000e+02	6.000000e+02	6.900000e+02	7.200000e+02	0.000000e+00	0.000000e+00	0.000000e+00
5.700000e+02	6.000000e+02	7.200000e+02	7.500000e+02	0.000000e+00	0.000000e+00	0.000000e+00
5.700000e+02	6.000000e+02	7.500000e+02	7.800000e+02	0.000000e+00	0.000000e+00	0.000000e+00
5.700000e+02	6.000000e+02	7.800000e+02	8.100000e+02	0.000000e+00	0.000000e+00	0.000000e+00
5.700000e+02	6.000000e+02	8.100000e+02	8.400000e+02	0.000000e+00	0.000000e+00	0.000000e+00
5.700000e+02	6.000000e+02	8.400000e+02	8.700000e+02	0.000000e+00	0.000000e+00	0.000000e+00
5.700000e+02	6.000000e+02	8.700000e+02	9.000000e+02	0.000000e+00	0.000000e+00	0.000000e+00
6.000000e+02	6.300000e+02	0.000000e+00	3.000000e+01	8.060871e-06	4.030435e-06	4.030435e-06
6.000000e+02	6.300000e+02	3.000000e+01	6.000000e+01	1.007609e-05	4.506163e-06	4.506163e-06
6.000000e+02	6.300000e+02	6.000000e+01	9.000000e+01	8.060871e-06	4.030435e-06	4.030435e-06
6.000000e+02	6.300000e+02	9.000000e+01	1.200000e+02	2.015218e-05	6.372678e-06	6.372678e-06
6.000000e+02	6.300000e+02	1.200000e+02	1.500000e+02	2.418261e-05	6.980918e-06	6.980918e-06
6.000000e+02	6.300000e+02	1.500000e+02	1.800000e+02	2.821304e-05	7.540254e-06	7.540254e-06
6.000000e+02	6.300000e+02	1.800000e+02	2.100000e+02	1.813696e-05	6.045653e-06	6.045653e-06
6.000000e+02	6.300000e+02	2.100000e+02	2.400000e+02	2.015218e-05	6.372678e-06	6.372678e-06
6.000000e+02	6.300000e+02	2.400000e+02	2.700000e+02	1.612174e-05	5.699896e-06	5.699896e-06
6.000000e+02	6.300000e+02	2.700000e+02	3.000000e+02	1.007609e-05	4.506163e-06	4.506163e-06
6.000000e+02	6.300000e+02	3.000000e+02	3.300000e+02	2.216739e-05	6.683721e-06	6.683721e-06
6.000000e+02	6.300000e+02	3.300000e+02	3.600000e+02	1.410652e-05	5.331765e-06	5.331765e-06
6.000000e+02	6.300000e+02	3.600000e+02	3.900000e+02	1.209131e-05	4.936255e-06	4.936255e-06
6.000000e+02	6.300000e+02	3.900000e+02	4.200000e+02	2.015218e-05	6.372678e-06	6.372678e-06
6.000000e+02	6.300000e+02	4.200000e+02	4.500000e+02	2.619783e-05	7.265971e-06	7.265971e-06
6.000000e+02	6.300000e+02	4.500000e+02	4.800000e+02	4.231957e-05	9.234888e-06	9.234888e-06
6.000000e+02	6.300000e+02	4.800000e+02	5.100000e+02	4.635001e-05	9.664645e-06	9.664645e-06
6.000000e+02	6.300000e+02	5.100000e+02	5.400000e+02	5.239566e-05	1.027563e-05	1.027563e-05
6.000000e+02	6.300000e+02	5.400000e+02	5.700000e+02	5.441088e-05	1.047138e-05	1.047138e-05
6.000000e+02	6.300000e+02	5.700000e+02	6.000000e+02	5.642610e-05	1.066353e-05	1.066353e-05
6.000000e+02	6.300000e+02	6.000000e+02	6.300000e+02	3.022827e-05	7.804904e-06	7.804904e-06
6.000000e+02	6.300000e+02	6.300000e+02	6.600000e+02	0.000000e+00	0.000000e+00	0.000000e+00
6.000000e+02	6.300000e+02	6.600000e+02	6.900000e+02	0.000000e+00	0.000000e+00	0.000000e+00
6.000000e+02	6.300000e+02	6.900000e+02	7.200000e+02	0.000000e+00	0.000000e+00	0.000000e+00
6.000000e+02	6.300000e+02	7.200000e+02	7.500000e+02	0.000000e+00	0.000000e+00	0.000000e+00
6.000000e+02	6.300000e+02	7.500000e+02	7.800000e+02	0.000000e+00	0.000000e+00	0.000000e+00
6.000000e+02	6.300000e+02	7.800000e+02	8.100000e+02	0.000000e+00	0.000000e+00	0.000000e+00
6.000000e+02	6.300000e+02	8.100000e+02	8.400000e+02	0.000000e+00	0.000000e+00	0.000000e+00
6.000000e+02	6.300000e+02	8.400000e+02	8.700000e+02	0.000000e+00	0.000000e+00	0.000000e+00
6.000000e+02	6.300000e+02	8.700000e+02	9.000000e+02	0.000000e+00	0.000000e+00	0.000000e+00
6.300000e+02	6.600000e+02	0.000000e+00	3.000000e+01	2.015218e-06	2.015218e-06	2.015218e-06
6.300000e+02	6.600000e+02	3.000000e+01	6.000000e+01	1.209131e-05	4.936255e-06	4.936255e-06
6.300000e+02	6.600000e+02	6.000000e+01	9.000000e+01	1.209131e-05	4.936255e-06	4.936255e-06
6.300000e+02	6.600000e+02	9.000000e+01	1.200000e+02	6.045653e-06	3.490459e-06	3.490459e-06
6.300000e+02	6.600000e+02	1.200000e+02	1.500000e+02	1.007609e-05	4.506163e-06	4.506163e-06
6.300000e+02	6.600000e+02	1.500000e+02	1.800000e+02	1.007609e-05	4.506163e-06	4.506163e-06
6.300000e+02	6.600000e+02	1.800000e+02	2.100000e+02	1.813696e-05	6.045653e-06	6.045653e-06
6.300000e+02	6.600000e+02	2.100000e+02	2.400000e+02	1.007609e-05	4.506163e-06	4.506163e-06
6.300000e+02	6.600000e+02	2.400000e+02	2.700000e+02	1.612174e-05	5.699896e-06	5.699896e-06
6.300000e+02	6.600000e+02	2.700000e+02	3.000000e+02	1.410652e-05	5.331765e-06	5.331765e-06
6.300000e+02	6.600000e+02	3.000000e+02	3.300000e+02	6.045653e-06	3.490459e-06	3.490459e-06
6.300000e+02	6.600000e+02	3.300000e+02	3.600000e+02	2.216739e-05	6.683721e-06	6.683721e-06
6.300000e+02	6.600000e+02	3.600000e+02	3.900000e+02	1.007609e-05	4.506163e-06	4.506163e-06
6.300000e+02	6.600000e+02	3.900000e+02	4.200000e+02	1.813696e-05	6.045653e-06	6.045653e-06
6.300000e+02	6.600000e+02	4.200000e+02	4.500000e+02	1.007609e-05	4.506163e-06	4.506163e-06
6.300000e+02	6.600000e+02	4.500000e+02	4.800000e+02	2.015218e-05	6.372678e-06	6.372678e-06
6.300000e+02	6.600000e+02	4.800000e+02	5.100000e+02	1.209131e-05	4.936255e-06	4.936255e-06
6.300000e+02	6.600000e+02	5.100000e+02	5.400000e+02	2.216739e-05	6.683721e-06	6.683721e-06
6.300000e+02	6.600000e+02	5.400000e+02	5.700000e+02	4.231957e-05	9.234888e-06	9.234888e-06
6.300000e+02	6.600000e+02	5.700000e+02	6.000000e+02	4.433479e-05	9.452209e-06	9.452209e-06
6.300000e+02	6.600000e+02	6.000000e+02	6.300000e+02	4.635001e-05	9.664645e-06	9.664645e-06
6.300000e+02	6.600000e+02	6.300000e+02	6.600000e+02	1.612174e-05	5.699896e-06	5.699896e-06
6.300000e+02	6.600000e+02	6.600000e+02	6.900000e+02	0.000000e+00	0.000000e+00	0.000000e+00
6.300000e+02	6.600000e+02	6.900000e+02	7.200000e+02	0.000000e+00	0.000000e+00	0.000000e+00
6.300000e+02	6.600000e+02	7.200000e+02	7.500000e+02	0.000000e+00	0.000000e+00	0.000000e+00
6.300000e+02	6.600000e+02	7.500000e+02	7.800000e+02	0.000000e+00	0.000000e+00	0.000000e+00
6.300000e+02	6.600000e+02	7.800000e+02	8.100000e+02	0.000000e+00	0.000000e+00	0.000000e+00
6.300000e+02	6.600000e+02	8.100000e+02	8.400000e+02	0.000000e+00	0.000000e+00	0.000000e+00
6.300000e+02	6.600000e+02	8.400000e+02	8.700000e+02	0.000000e+00	0.000000e+00	0.000000e+00
6.300000e+02	6.600000e+02	8.700000e+02	9.000000e+02	0.000000e+00	0.000000e+00	0.000000e+00
6.600000e+02	6.900000e+02	0.000000e+00	3.000000e+01	4.030436e-06	2.849948e-06	2.849948e-06
6.600000e+02	6.900000e+02	3.000000e+01	6.000000e+01	6.045653e-06	3.490459e-06	3.490459e-06
6.600000e+02	6.900000e+02	6.000000e+01	9.000000e+01	6.045653e-06	3.490459e-06	3.490459e-06
6.600000e+02	6.900000e+02	9.000000e+01	1.200000e+02	1.410652e-05	5.331765e-06	5.331765e-06
6.600000e+02	6.900000e+02	1.200000e+02	1.500000e+02	8.060871e-06	4.030435e-06	4.030435e-06
6.600000e+02	6.900000e+02	1.500000e+02	1.800000e+02	1.612174e-05	5.699896e-06	5.699896e-06
6.600000e+02	6.900000e+02	1.800000e+02	2.100000e+02	1.209131e-05	4.936255e-06	4.936255e-06
6.600000e+02	6.900000e+02	2.100000e+02	2.400000e+02	2.015218e-06	2.015218e-06	2.015218e-06
6.600000e+02	6.900000e+02	2.400000e+02	2.700000e+02	1.209131e-05	4.936255e-06	4.936255e-06
6.600000e+02	6.900000e+02	2.700000e+02	3.000000e+02	1.007609e-05	4.506163e-06	4.506163e-06
6.600000e+02	6.900000e+02	3.000000e+02	3.300000e+02	8.060871e-06	4.030435e-06	4.030435e-06
6.600000e+02	6.900000e+02	3.300000e+02	3.600000e+02	4.030436e-06	2.849948e-06	2.849948e-06
6.600000e+02	6.900000e+02	3.600000e+02	3.900000e+02	8.060871e-06	4.030435e-06	4.030435e-06
6.600000e+02	6.900000e+02	3.900000e+02	4.200000e+02	1.209131e-05	4.936255e-06	4.936255e-06
6.600000e+02	6.900000e+02	4.200000e+02	4.500000e+02	1.209131e-05	4.936255e-06	4.936255e-06
6.600000e+02	6.900000e+02	4.500000e+02	4.800000e+02	1.007609e-05	4.506163e-06	4.506163e-06
6.600000e+02	6.900000e+02	4.800000e+02	5.100000e+02	1.410652e-05	5.331765e-06	5.331765e-06
6.600000e+02	6.900000e+02	5.100000e+02	5.400000e+02	1.410652e-05	5.331765e-06	5.331765e-06
6.600000e+02	6.900000e+02	5.400000e+02	5.700000e+02	1.209131e-05	4.936255e-06	4.936255e-06
6.600000e+02	6.900000e+02	5.700000e+02	6.000000e+02	2.619783e-05	7.265971e-06	7.265971e-06
6.600000e+02	6.900000e+02	6.000000e+02	6.300000e+02	3.627392e-05	8.549844e-06	8.549844e-06
6.600000e+02	6.900000e+02	6.300000e+02	6.600000e+02	2.015218e-05	6.372678e-06	6.372678e-06
6.600000e+02	6.900000e+02	6.600000e+02	6.900000e+02	1.007609e-05	4.506163e-06	4.506163e-06
6.600000e+02	6.900000e+02	6.900000e+02	7.200000e+02	0.000000e+00	0.000000e+00	0.000000e+00
6.600000e+02	6.900000e+02	7.200000e+02	7.500000e+02	0.000000e+00	0.000000e+00	0.000000e+00
6.600000e+02	6.900000e+02	7.500000e+02	7.800000e+02	0.000000e+00	0.000000e+00	0.000000e+00
6.600000e+02	6.900000e+02	7.800000e+02	8.100000e+02	0.000000e+00	0.000000e+00	0.000000e+00
6.600000e+02	6.900000e+02	8.100000e+02	8.400000e+02	0.000000e+00	0.000000e+00	0.000000e+00
6.600000e+02	6.900000e+02	8.400000e+02	8.700000e+02	0.000000e+00	0.000000e+00	0.000000e+00
6.600000e+02	6.900000e+02	8.700000e+02	9.000000e+02	0.000000e+00	0.000000e+00	0.000000e+00
6.900000e+02	7.200000e+02	0.000000e+00	3.000000e+01	2.015218e-06	2.015218e-06	2.015218e-06
6.900000e+02	7.200000e+02	3.000000e+01	6.000000e+01	6.045653e-06	3.490459e-06	3.490459e-06
6.900000e+02	7.200000e+02	6.000000e+01	9.000000e+01	4.030436e-06	2.849948e-06	2.849948e-06
6.900000e+02	7.200000e+02	9.000000e+01	1.200000e+02	8.060871e-06	4.030435e-06	4.030435e-06
6.900000e+02	7.200000e+02	1.200000e+02	1.500000e+02	1.209131e-05	4.936255e-06	4.936255e-06
6.900000e+02	7.200000e+02	1.500000e+02	1.800000e+02	4.030436e-06	2.849948e-06	2.849948e-06
6.900000e+02	7.200000e+02	1.800000e+02	2.100000e+02	4.030436e-06	2.849948e-06	2.849948e-06
6.900000e+02	7.200000e+02	2.100000e+02	2.400000e+02	1.813696e-05	6.045653e-06	6.045653e-06
6.900000e+02	7.200000e+02	2.400000e+02	2.700000e+02	6.045653e-06	3.490459e-06	3.490459e-06
6.900000e+02	7.200000e+02	2.700000e+02	3.000000e+02	6.045653e-06	3.490459e-06	3.490459e-06
6.900000e+02	7.200000e+02	3.000000e+02	3.300000e+02	6.045653e-06	3.490459e-06	3.490459e-06
6.900000e+02	7.200000e+02	3.300000e+02	3.600000e+02	4.030436e-06	2.849948e-06	2.849948e-06
6.900000e+02	7.200000e+02	3.600000e+02	3.900000e+02	8.060871e-06	4.030435e-06	4.030435e-06
6.900000e+02	7.200000e+02	3.900000e+02	4.200000e+02	1.007609e-05	4.506163e-06	4.506163e-06
6.900000e+02	7.200000e+02	4.200000e+02	4.500000e+02	2.015218e-06	2.015218e-06	2.015218e-06
6.900000e+02	7.200000e+02	4.500000e+02	4.800000e+02	6.045653e-06	3.490459e-06	3.490459e-06
6.900000e+02	7.200000e+02	4.800000e+02	5.100000e+02	1.410652e-05	5.331765e-06	5.331765e-06
6.900000e+02	7.200000e+02	5.100000e+02	5.400000e+02	6.045653e-06	3.490459e-06	3.490459e-06
6.900000e+02	7.200000e+02	5.400000e+02	5.700000e+02	8.060871e-06	4.030435e-06	4.030435e-06
6.900000e+02	7.200000e+02	5.700000e+02	6.000000e+02	1.007609e-05	4.506163e-06	4.506163e-06
6.900000e+02	7.200000e+02	6.000000e+02	6.300000e+02	1.612174e-05	5.699896e-06	5.699896e-06
6.900000e+02	7.200000e+02	6.300000e+02	6.600000e+02	2.015218e-05	6.372678e-06	6.372678e-06
6.900000e+02	7.200000e+02	6.600000e+02	6.900000e+02	8.060871e-06	4.030435e-06	4.030435e-06
6.900000e+02	7.200000e+02	6.900000e+02	7.200000e+02	1.209131e-05	4.936255e-06	4.936255e-06
6.900000e+02	7.200000e+02	7.200000e+02	7.500000e+02	0.000000e+00	0.000000e+00	0.000000e+00
6.900000e+02	7.200000e+02	7.500000e+02	7.800000e+02	0.000000e+00	0.000000e+00	0.000000e+00
6.900000e+02	7.200000e+02	7.800000e+02	8.100000e+02	0.000000e+00	0.000000e+00	0.000000e+00
6.900000e+02	7.200000e+02	8.100000e+02	8.400000e+02	0.000000e+00	0.000000e+00	0.000000e+00
6.900000e+02	7.200000e+02	8.400000e+02	8.700000e+02	0.000000e+00	0.000000e+00	0.000000e+00
6.900000e+02	7.200000e+02	8.700000e+02	9.000000e+02	0.000000e+00	0.000000e+00	0.000000e+00
7.200000e+02	7.500000e+02	0.000000e+00	3.000000e+01	2.015218e-06	2.015218e-06	2.015218e-06
7.200000e+02	7.500000e+02	3.000000e+01	6.000000e+01	4.030436e-06	2.849948e-06	2.849948e-06
7.200000e+02	7.500000e+02	6.000000e+01	9.000000e+01	2.015218e-06	2.015218e-06	2.015218e-06
7.200000e+02	7.500000e+02	9.000000e+01	1.200000e+02	4.030436e-06	2.849948e-06	2.849948e-06
7.200000e+02	7.500000e+02	1.200000e+02	1.500000e+02	6.045653e-06	3.490459e-06	3.490459e-06
7.200000e+02	7.500000e+02	1.500000e+02	1.800000e+02	0.000000e+00	0.000000e+00	0.000000e+00
7.200000e+02	7.500000e+02	1.800000e+02	2.100000e+02	6.045653e-06	3.490459e-06	3.490459e-06
7.200000e+02	7.500000e+02	2.100000e+02	2.400000e+02	6.045653e-06	3.490459e-06	3.490459e-06
7.200000e+02	7.500000e+02	2.400000e+02	2.700000e+02	2.015218e-06	2.015218e-06	2.015218e-06
7.200000e+02	7.500000e+02	2.700000e+02	3.000000e+02	2.015218e-06	2.015218e-06	2.015218e-06
7.200000e+02	7.500000e+02	3.000000e+02	3.300000e+02	8.060871e-06	4.030435e-06	4.030435e-06
7.200000e+02	7.500000e+02	3.300000e+02	3.600000e+02	0.000000e+00	0.000000e+00	0.000000e+00
7.200000e+02	7.500000e+02	3.600000e+02	3.900000e+02	6.045653e-06	3.490459e-06	3.490459e-06
7.200000e+02	7.500000e+02	3.900000e+02	4.200000e+02	6.045653e-06	3.490459e-06	3.490459e-06
7.200000e+02	7.500000e+02	4.200000e+02	4.500000e+02	8.060871e-06	4.030435e-06	4.030435e-06
7.200000e+02	7.500000e+02	4.500000e+02	4.800000e+02	6.045653e-06	3.490459e-06	3.490459e-06
7.200000e+02	7.500000e+02	4.800000e+02	5.100000e+02	6.045653e-06	3.490459e-06	3.490459e-06
7.200000e+02	7.500000e+02	5.100000e+02	5.400000e+02	6.045653e-06	3.490459e-06	3.490459e-06
7.200000e+02	7.500000e+02	5.400000e+02	5.700000e+02	6.045653e-06	3.490459e-06	3.490459e-06
7.200000e+02	7.500000e+02	5.700000e+02	6.000000e+02	4.030436e-06	2.849948e-06	2.849948e-06
7.200000e+02	7.500000e+02	6.000000e+02	6.300000e+02	4.030436e-06	2.849948e-06	2.849948e-06
7.200000e+02	7.500000e+02	6.300000e+02	6.600000e+02	6.045653e-06	3.490459e-06	3.490459e-06
7.200000e+02	7.500000e+02	6.600000e+02	6.900000e+02	1.007609e-05	4.506163e-06	4.506163e-06
7.200000e+02	7.500000e+02	6.900000e+02	7.200000e+02	6.045653e-06	3.490459e-06	3.490459e-06
7.200000e+02	7.500000e+02	7.200000e+02	7.500000e+02	4.030436e-06	2.849948e-06	2.849948e-06
7.200000e+02	7.500000e+02	7.500000e+02	7.800000e+02	0.000000e+00	0.000000e+00	0.000000e+00
7.200000e+02	7.500000e+02	7.800000e+02	8.100000e+02	0.000000e+00	0.000000e+00	0.000000e+00
7.200000e+02	7.500000e+02	8.100000e+02	8.400000e+02	0.000000e+00	0.000000e+00	0.000000e+00
7.200000e+02	7.500000e+02	8.400000e+02	8.700000e+02	0.000000e+00	0.000000e+00	0.000000e+00
7.200000e+02	7.500000e+02	8.700000e+02	9.000000e+02	0.000000e+00	0.000000e+00	0.000000e+00
7.500000e+02	7.800000e+02	0.000000e+00	3.000000e+01	0.000000e+00	0.000000e+00	0.000000e+00
7.500000e+02	7.800000e+02	3.000000e+01	6.000000e+01	0.000000e+00	0.000000e+00	0.000000e+00
7.500000e+02	7.800000e+02	6.000000e+01	9.000000e+01	2.015218e-06	2.015218e-06	2.015218e-06
7.500000e+02	7.800000e+02	9.000000e+01	1.200000e+02	2.015218e-06	2.015218e-06	2.015218e-06
7.500000e+02	7.800000e+02	1.200000e+02	1.500000e+02	4.030436e-06	2.849948e-06	2.849948e-06
7.500000e+02	7.800000e+02	1.500000e+02	1.800000e+02	0.000000e+00	0.000000e+00	0.000000e+00
7.500000e+02	7.800000e+02	1.800000e+02	2.100000e+02	8.060871e-06	4.030435e-06	4.030435e-06
7.500000e+02	7.800000e+02	2.100000e+02	2.400000e+02	2.015218e-06	2.015218e-06	2.015218e-06
7.500000e+02	7.800000e+02	2.400000e+02	2.700000e+02	8.060871e-06	4.030435e-06	4.030435e-06
7.500000e+02	7.800000e+02	2.700000e+02	3.000000e+02	4.030436e-06	2.849948e-06	2.849948e-06
7.500000e+02	7.800000e+02	3.000000e+02	3.300000e+02	6.045653e-06	3.490459e-06	3.490459e-06
7.500000e+02	7.800000e+02	3.300000e+02	3.600000e+02	0.000000e+00	0.000000e+00	0.000000e+00
7.500000e+02	7.800000e+02	3.600000e+02	3.900000e+02	0.000000e+00	0.000000e+00	0.000000e+00
7.500000e+02	7.800000e+02	3.900000e+02	4.200000e+02	0.000000e+00	0.000000e+00	0.000000e+00
7.500000e+02	7.800000e+02	4.200000e+02	4.500000e+02	0.000000e+00	0.000000e+00	0.000000e+00
7.500000e+02	7.800000e+02	4.500000e+02	4.800000e+02	0.000000e+00	0.000000e+00	0.000000e+00
7.500000e+02	7.800000e+02	4.800000e+02	5.100000e+02	6.045653e-06	3.490459e-06	3.490459e-06
7.500000e+02	7.800000e+02	5.100000e+02	5.400000e+02	4.030436e-06	2.849948e-06	2.849948e-06
7.500000e+02	7.800000e+02	5.400000e+02	5.700000e+02	4.030436e-06	2.849948e-06	2.849948e-06
7.500000e+02	7.800000e+02	5.700000e+02	6.000000e+02	4.030436e-06	2.849948e-06	2.849948e-06
7.500000e+02	7.800000e+02	6.000000e+02	6.300000e+02	8.060871e-06	4.030435e-06	4.030435e-06
7.500000e+02	7.800000e+02	6.300000e+02	6.600000e+02	4.030436e-06	2.849948e-06	2.849948e-06
7.500000e+02	7.800000e+02	6.600000e+02	6.900000e+02	2.015218e-06	2.015218e-06	2.015218e-06
7.500000e+02	7.800000e+02	6.900000e+02	7.200000e+02	6.045653e-06	3.490459e-06	3.490459e-06
7.500000e+02	7.800000e+02	7.200000e+02	7.500000e+02	2.015218e-06	2.015218e-06	2.015218e-06
7.500000e+02	7.800000e+02	7.500000e+02	7.800000e+02	0.000000e+00	0.000000e+00	0.000000e+00
7.500000e+02	7.800000e+02	7.800000e+02	8.100000e+02	0.000000e+00	0.000000e+00	0.000000e+00
7.500000e+02	7.800000e+02	8.100000e+02	8.400000e+02	0.000000e+00	0.000000e+00	0.000000e+00
7.500000e+02	7.800000e+02	8.400000e+02	8.700000e+02	0.000000e+00	0.000000e+00	0.000000e+00
7.500000e+02	7.800000e+02	8.700000e+02	9.000000e+02	0.000000e+00	0.000000e+00	0.000000e+00
7.800000e+02	8.100000e+02	0.000000e+00	3.000000e+01	4.030436e-06	2.849948e-06	2.849948e-06
7.800000e+02	8.100000e+02	3.000000e+01	6.000000e+01	0.000000e+00	0.000000e+00	0.000000e+00
7.800000e+02	8.100000e+02	6.000000e+01	9.000000e+01	2.015218e-06	2.015218e-06	2.015218e-06
7.800000e+02	8.100000e+02	9.000000e+01	1.200000e+02	2.015218e-06	2.015218e-06	2.015218e-06
7.800000e+02	8.100000e+02	1.200000e+02	1.500000e+02	2.015218e-06	2.015218e-06	2.015218e-06
7.800000e+02	8.100000e+02	1.500000e+02	1.800000e+02	6.045653e-06	3.490459e-06	3.490459e-06
7.800000e+02	8.100000e+02	1.800000e+02	2.100000e+02	4.030436e-06	2.849948e-06	2.849948e-06
7.800000e+02	8.100000e+02	2.100000e+02	2.400000e+02	2.015218e-06	2.015218e-06	2.015218e-06
7.800000e+02	8.100000e+02	2.400000e+02	2.700000e+02	2.015218e-06	2.015218e-06	2.015218e-06
7.800000e+02	8.100000e+02	2.700000e+02	3.000000e+02	2.015218e-06	2.015218e-06	2.015218e-06
7.800000e+02	8.100000e+02	3.000000e+02	3.300000e+02	2.015218e-06	2.015218e-06	2.015218e-06
7.800000e+02	8.100000e+02	3.300000e+02	3.600000e+02	6.045653e-06	3.490459e-06	3.490459e-06
7.800000e+02	8.100000e+02	3.600000e+02	3.900000e+02	4.030436e-06	2.849948e-06	2.849948e-06
7.800000e+02	8.100000e+02	3.900000e+02	4.200000e+02	4.030436e-06	2.849948e-06	2.849948e-06
7.800000e+02	8.100000e+02	4.200000e+02	4.500000e+02	0.000000e+00	0.000000e+00	0.000000e+00
7.800000e+02	8.100000e+02	4.500000e+02	4.800000e+02	2.015218e-06	2.015218e-06	2.015218e-06
7.800000e+02	8.100000e+02	4.800000e+02	5.100000e+02	0.000000e+00	0.000000e+00	0.000000e+00
7.800000e+02	8.100000e+02	5.100000e+02	5.400000e+02	2.015218e-06	2.015218e-06	2.015218e-06
7.800000e+02	8.100000e+02	5.400000e+02	5.700000e+02	2.015218e-06	2.015218e-06	2.015218e-06
7.800000e+02	8.100000e+02	5.700000e+02	6.000000e+02	2.015218e-06	2.015218e-06	2.015218e-06
7.800000e+02	8.100000e+02	6.000000e+02	6.300000e+02	0.000000e+00	0.000000e+00	0.000000e+00
7.800000e+02	8.100000e+02	6.300000e+02	6.600000e+02	4.030436e-06	2.849948e-06	2.849948e-06
7.800000e+02	8.100000e+02	6.600000e+02	6.900000e+02	6.045653e-06	3.490459e-06	3.490459e-06
7.800000e+02	8.100000e+02	6.900000e+02	7.200000e+02	0.000000e+00	0.000000e+00	0.000000e+00
7.800000e+02	8.100000e+02	7.200000e+02	7.500000e+02	0.000000e+00	0.000000e+00	0.000000e+00
7.800000e+02	8.100000e+02	7.500000e+02	7.800000e+02	0.000000e+00	0.000000e+00	0.000000e+00
7.800000e+02	8.100000e+02	7.800000e+02	8.100000e+02	0.000000e+00	0.000000e+00	0.000000e+00
7.800000e+02	8.100000e+02	8.100000e+02	8.400000e+02	0.000000e+00	0.000000e+00	0.000000e+00
7.800000e+02	8.100000e+02	8.400000e+02	8.700000e+02	0.000000e+00	0.000000e+00	0.000000e+00
7.800000e+02	8.100000e+02	8.700000e+02	9.000000e+02	0.000000e+00	0.000000e+00	0.000000e+00
8.100000e+02	8.400000e+02	0.000000e+00	3.000000e+01	2.015218e-06	2.015218e-06	2.015218e-06
8.100000e+02	8.400000e+02	3.000000e+01	6.000000e+01	0.000000e+00	0.000000e+00	0.000000e+00
8.100000e+02	8.400000e+02	6.000000e+01	9.000000e+01	2.015218e-06	2.015218e-06	2.015218e-06
8.100000e+02	8.400000e+02	9.000000e+01	1.200000e+02	2.015218e-06	2.015218e-06	2.015218e-06
8.100000e+02	8.400000e+02	1.200000e+02	1.500000e+02	6.045653e-06	3.490459e-06	3.490459e-06
8.100000e+02	8.400000e+02	1.500000e+02	1.800000e+02	0.000000e+00	0.000000e+00	0.000000e+00
8.100000e+02	8.400000e+02	1.800000e+02	2.100000e+02	4.030436e-06	2.849948e-06	2.849948e-06
8.100000e+02	8.400000e+02	2.100000e+02	2.400000e+02	2.015218e-06	2.015218e-06	2.015218e-06
8.100000e+02	8.400000e+02	2.400000e+02	2.700000e+02	0.000000e+00	0.000000e+00	0.000000e+00
8.100000e+02	8.400000e+02	2.700000e+02	3.000000e+02	0.000000e+00	0.000000e+00	0.000000e+00
8.100000e+02	8.400000e+02	3.000000e+02	3.300000e+02	2.015218e-06	2.015218e-06	2.015218e-06
8.100000e+02	8.400000e+02	3.300000e+02	3.600000e+02	0.000000e+00	0.000000e+00	0.000000e+00
8.100000e+02	8.400000e+02	3.600000e+02	3.900000e+02	2.015218e-06	2.015218e-06	2.015218e-06
8.100000e+02	8.400000e+02	3.900000e+02	4.200000e+02	0.000000e+00	0.000000e+00	0.000000e+00
8.100000e+02	8.400000e+02	4.200000e+02	4.500000e+02	2.015218e-06	2.015218e-06	2.015218e-06
8.100000e+02	8.400000e+02	4.500000e+02	4.800000e+02	0.000000e+00	0.000000e+00	0.000000e+00
8.100000e+02	8.400000e+02	4.800000e+02	5.100000e+02	0.000000e+00	0.000000e+00	0.000000e+00
8.100000e+02	8.400000e+02	5.100000e+02	5.400000e+02	0.000000e+00	0.000000e+00	0.000000e+00
8.100000e+02	8.400000e+02	5.400000e+02	5.700000e+02	2.015218e-06	2.015218e-06	2.015218e-06
8.100000e+02	8.400000e+02	5.700000e+02	6.000000e+02	4.030436e-06	2.849948e-06	2.849948e-06
8.100000e+02	8.400000e+02	6.000000e+02	6.300000e+02	0.000000e+00	0.000000e+00	0.000000e+00
8.100000e+02	8.400000e+02	6.300000e+02	6.600000e+02	2.015218e-06	2.015218e-06	2.015218e-06
8.100000e+02	8.400000e+02	6.600000e+02	6.900000e+02	0.000000e+00	0.000000e+00	0.000000e+00
8.100000e+02	8.400000e+02	6.900000e+02	7.200000e+02	0.000000e+00	0.000000e+00	0.000000e+00
8.100000e+02	8.400000e+02	7.200000e+02	7.500000e+02	2.015218e-06	2.015218e-06	2.015218e-06
8.100000e+02	8.400000e+02	7.500000e+02	7.800000e+02	0.000000e+00	0.000000e+00	0.000000e+00
8.100000e+02	8.400000e+02	7.800000e+02	8.100000e+02	4.030436e-06	2.849948e-06	2.849948e-06
8.100000e+02	8.400000e+02	8.100000e+02	8.400000e+02	0.000000e+00	0.000000e+00	0.000000e+00
8.100000e+02	8.400000e+02	8.400000e+02	8.700000e+02	0.000000e+00	0.000000e+00	0.000000e+00
8.100000e+02	8.400000e+02	8.700000e+02	9.000000e+02	0.000000e+00	0.000000e+00	0.000000e+00
8.400000e+02	8.700000e+02	0.000000e+00	3.000000e+01	0.000000e+00	0.000000e+00	0.000000e+00
8.400000e+02	8.700000e+02	3.000000e+01	6.000000e+01	0.000000e+00	0.000000e+00	0.000000e+00
8.400000e+02	8.700000e+02	6.000000e+01	9.000000e+01	0.000000e+00	0.000000e+00	0.000000e+00
8.400000e+02	8.700000e+02	9.000000e+01	1.200000e+02	0.000000e+00	0.000000e+00	0.000000e+00
8.400000e+02	8.700000e+02	1.200000e+02	1.500000e+02	0.000000e+00	0.000000e+00	0.000000e+00
8.400000e+02	8.700000e+02	1.500000e+02	1.800000e+02	0.000000e+00	0.000000e+00	0.000000e+00
8.400000e+02	8.700000e+02	1.800000e+02	2.100000e+02	2.015218e-06	2.015218e-06	2.015218e-06
8.400000e+02	8.700000e+02	2.100000e+02	2.400000e+02	2.015218e-06	2.015218e-06	2.015218e-06
8.400000e+02	8.700000e+02	2.400000e+02	2.700000e+02	4.030436e-06	2.849948e-06	2.849948e-06
8.400000e+02	8.700000e+02	2.700000e+02	3.000000e+02	0.000000e+00	0.000000e+00	0.000000e+00
8.400000e+02	8.700000e+02	3.000000e+02	3.300000e+02	2.015218e-06	2.015218e-06	2.015218e-06
8.400000e+02	8.700000e+02	3.300000e+02	3.600000e+02	2.015218e-06	2.015218e-06	2.015218e-06
8.400000e+02	8.700000e+02	3.600000e+02	3.900000e+02	2.015218e-06	2.015218e-06	2.015218e-06
8.400000e+02	8.700000e+02	3.900000e+02	4.200000e+02	0.000000e+00	0.000000e+00	0.000000e+00
8.400000e+02	8.700000e+02	4.200000e+02	4.500000e+02	0.000000e+00	0.000000e+00	0.000000e+00
8.400000e+02	8.700000e+02	4.500000e+02	4.800000e+02	0.000000e+00	0.000000e+00	0.000000e+00
8.400000e+02	8.700000e+02	4.800000e+02	5.100000e+02	0.000000e+00	0.000000e+00	0.000000e+00
8.400000e+02	8.700000e+02	5.100000e+02	5.400000e+02	0.000000e+00	0.000000e+00	0.000000e+00
8.400000e+02	8.700000e+02	5.400000e+02	5.700000e+02	0.000000e+00	0.000000e+00	0.000000e+00
8.400000e+02	8.700000e+02	5.700000e+02	6.000000e+02	2.015218e-06	2.015218e-06	2.015218e-06
8.400000e+02	8.700000e+02	6.000000e+02	6.300000e+02	2.015218e-06	2.015218e-06	2.015218e-06
8.400000e+02	8.700000e+02	6.300000e+02	6.600000e+02	0.000000e+00	0.000000e+00	0.000000e+00
8.400000e+02	8.700000e+02	6.600000e+02	6.900000e+02	0.000000e+00	0.000000e+00	0.000000e+00
8.400000e+02	8.700000e+02	6.900000e+02	7.200000e+02	0.000000e+00	0.000000e+00	0.000000e+00
8.400000e+02	8.700000e+02	7.200000e+02	7.500000e+02	0.000000e+00	0.000000e+00	0.000000e+00
8.400000e+02	8.700000e+02	7.500000e+02	7.800000e+02	2.015218e-06	2.015218e-06	2.015218e-06
8.400000e+02	8.700000e+02	7.800000e+02	8.100000e+02	2.015218e-06	2.015218e-06	2.015218e-06
8.400000e+02	8.700000e+02	8.100000e+02	8.400000e+02	0.000000e+00	0.000000e+00	0.000000e+00
8.400000e+02	8.700000e+02	8.400000e+02	8.700000e+02	0.000000e+00	0.000000e+00	0.000000e+00
8.400000e+02	8.700000e+02	8.700000e+02	9.000000e+02	0.000000e+00	0.000000e+00	0.000000e+00
8.700000e+02	9.000000e+02	0.000000e+00	3.000000e+01	0.000000e+00	0.000000e+00	0.000000e+00
8.700000e+02	9.000000e+02	3.000000e+01	6.000000e+01	0.000000e+00	0.000000e+00	0.000000e+00
8.700000e+02	9.000000e+02	6.000000e+01	9.000000e+01	0.000000e+00	0.000000e+00	0.000000e+00
8.700000e+02	9.000000e+02	9.000000e+01	1.200000e+02	0.000000e+00	0.000000e+00	0.000000e+00
8.700000e+02	9.000000e+02	1.200000e+02	1.500000e+02	0.000000e+00	0.000000e+00	0.000000e+00
8.700000e+02	9.000000e+02	1.500000e+02	1.800000e+02	2.015218e-06	2.015218e-06	2.015218e-06
8.700000e+02	9.000000e+02	1.800000e+02	2.100000e+02	2.015218e-06	2.015218e-06	2.015218e-06
8.700000e+02	9.000000e+02	2.100000e+02	2.400000e+02	0.000000e+00	0.000000e+00	0.000000e+00
8.700000e+02	9.000000e+02	2.400000e+02	2.700000e+02	0.000000e+00	0.000000e+00	0.000000e+00
8.700000e+02	9.000000e+02	2.700000e+02	3.000000e+02	0.000000e+00	0.000000e+00	0.000000e+00
8.700000e+02	9.000000e+02	3.000000e+02	3.300000e+02	0.000000e+00	0.000000e+00	0.000000e+00
8.700000e+02	9.000000e+02	3.300000e+02	3.600000e+02	0.000000e+00	0.000000e+00	0.000000e+00
8.700000e+02	9.000000e+02	3.600000e+02	3.900000e+02	0.000000e+00	0.000000e+00	0.000000e+00
8.700000e+02	9.000000e+02	3.900000e+02	4.200000e+02	4.030436e-06	2.849948e-06	2.849948e-06
8.700000e+02	9.000000e+02	4.200000e+02	4.500000e+02	0.000000e+00	0.000000e+00	0.000000e+00
8.700000e+02	9.000000e+02	4.500000e+02	4.800000e+02	0.000000e+00	0.000000e+00	0.000000e+00
8.700000e+02	9.000000e+02	4.800000e+02	5.100000e+02	0.000000e+00	0.000000e+00	0.000000e+00
8.700000e+02	9.000000e+02	5.100000e+02	5.400000e+02	0.000000e+00	0.000000e+00	0.000000e+00
8.700000e+02	9.000000e+02	5.400000e+02	5.700000e+02	2.015218e-06	2.015218e-06	2.015218e-06
8.700000e+02	9.000000e+02	5.700000e+02	6.000000e+02	0.000000e+00	0.000000e+00	0.000000e+00
8.700000e+02	9.000000e+02	6.000000e+02	6.300000e+02	0.000000e+00	0.000000e+00	0.000000e+00
8.700000e+02	9.000000e+02	6.300000e+02	6.600000e+02	0.000000e+00	0.000000e+00	0.000000e+00
8.700000e+02	9.000000e+02	6.600000e+02	6.900000e+02	0.000000e+00	0.000000e+00	0.000000e+00
8.700000e+02	9.000000e+02	6.900000e+02	7.200000e+02	2.015218e-06	2.015218e-06	2.015218e-06
8.700000e+02	9.000000e+02	7.200000e+02	7.500000e+02	0.000000e+00	0.000000e+00	0.000000e+00
8.700000e+02	9.000000e+02	7.500000e+02	7.800000e+02	0.000000e+00	0.000000e+00	0.000000e+00
8.700000e+02	9.000000e+02	7.800000e+02	8.100000e+02	2.015218e-06	2.015218e-06	2.015218e-06
8.700000e+02	9.000000e+02	8.100000e+02	8.400000e+02	0.000000e+00	0.000000e+00	0.000000e+00
8.700000e+02	9.000000e+02	8.400000e+02	8.700000e+02	0.000000e+00	0.000000e+00	0.000000e+00
8.700000e+02	9.000000e+02	8.700000e+02	9.000000e+02	0.000000e+00	0.000000e+00	0.000000e+00
# END HISTO2D

