# BEGIN HISTO2D /res/baseline_noPU_sideband/histo_mHmH_boost_SIG
Path=/res/baseline_noPU_sideband/histo_mHmH_boost_SIG
ScaledBy=1
Title=mHmH_boost_SIG
# xlow	 xhigh	 ylow	 yhigh	 val	 errminus	 errplus
0.000000e+00	6.000000e+00	0.000000e+00	6.000000e+00	0.000000e+00	0.000000e+00	0.000000e+00
0.000000e+00	6.000000e+00	6.000000e+00	1.200000e+01	0.000000e+00	0.000000e+00	0.000000e+00
0.000000e+00	6.000000e+00	1.200000e+01	1.800000e+01	0.000000e+00	0.000000e+00	0.000000e+00
0.000000e+00	6.000000e+00	1.800000e+01	2.400000e+01	0.000000e+00	0.000000e+00	0.000000e+00
0.000000e+00	6.000000e+00	2.400000e+01	3.000000e+01	0.000000e+00	0.000000e+00	0.000000e+00
0.000000e+00	6.000000e+00	3.000000e+01	3.600000e+01	0.000000e+00	0.000000e+00	0.000000e+00
0.000000e+00	6.000000e+00	3.600000e+01	4.200000e+01	0.000000e+00	0.000000e+00	0.000000e+00
0.000000e+00	6.000000e+00	4.200000e+01	4.800000e+01	0.000000e+00	0.000000e+00	0.000000e+00
0.000000e+00	6.000000e+00	4.800000e+01	5.400000e+01	0.000000e+00	0.000000e+00	0.000000e+00
0.000000e+00	6.000000e+00	5.400000e+01	6.000000e+01	0.000000e+00	0.000000e+00	0.000000e+00
0.000000e+00	6.000000e+00	6.000000e+01	6.600000e+01	0.000000e+00	0.000000e+00	0.000000e+00
0.000000e+00	6.000000e+00	6.600000e+01	7.200000e+01	0.000000e+00	0.000000e+00	0.000000e+00
0.000000e+00	6.000000e+00	7.200000e+01	7.800000e+01	0.000000e+00	0.000000e+00	0.000000e+00
0.000000e+00	6.000000e+00	7.800000e+01	8.400000e+01	0.000000e+00	0.000000e+00	0.000000e+00
0.000000e+00	6.000000e+00	8.400000e+01	9.000000e+01	0.000000e+00	0.000000e+00	0.000000e+00
0.000000e+00	6.000000e+00	9.000000e+01	9.600000e+01	0.000000e+00	0.000000e+00	0.000000e+00
0.000000e+00	6.000000e+00	9.600000e+01	1.020000e+02	0.000000e+00	0.000000e+00	0.000000e+00
0.000000e+00	6.000000e+00	1.020000e+02	1.080000e+02	0.000000e+00	0.000000e+00	0.000000e+00
0.000000e+00	6.000000e+00	1.080000e+02	1.140000e+02	0.000000e+00	0.000000e+00	0.000000e+00
0.000000e+00	6.000000e+00	1.140000e+02	1.200000e+02	0.000000e+00	0.000000e+00	0.000000e+00
0.000000e+00	6.000000e+00	1.200000e+02	1.260000e+02	0.000000e+00	0.000000e+00	0.000000e+00
0.000000e+00	6.000000e+00	1.260000e+02	1.320000e+02	0.000000e+00	0.000000e+00	0.000000e+00
0.000000e+00	6.000000e+00	1.320000e+02	1.380000e+02	0.000000e+00	0.000000e+00	0.000000e+00
0.000000e+00	6.000000e+00	1.380000e+02	1.440000e+02	0.000000e+00	0.000000e+00	0.000000e+00
0.000000e+00	6.000000e+00	1.440000e+02	1.500000e+02	0.000000e+00	0.000000e+00	0.000000e+00
0.000000e+00	6.000000e+00	1.500000e+02	1.560000e+02	0.000000e+00	0.000000e+00	0.000000e+00
0.000000e+00	6.000000e+00	1.560000e+02	1.620000e+02	0.000000e+00	0.000000e+00	0.000000e+00
0.000000e+00	6.000000e+00	1.620000e+02	1.680000e+02	0.000000e+00	0.000000e+00	0.000000e+00
0.000000e+00	6.000000e+00	1.680000e+02	1.740000e+02	0.000000e+00	0.000000e+00	0.000000e+00
0.000000e+00	6.000000e+00	1.740000e+02	1.800000e+02	0.000000e+00	0.000000e+00	0.000000e+00
6.000000e+00	1.200000e+01	0.000000e+00	6.000000e+00	0.000000e+00	0.000000e+00	0.000000e+00
6.000000e+00	1.200000e+01	6.000000e+00	1.200000e+01	0.000000e+00	0.000000e+00	0.000000e+00
6.000000e+00	1.200000e+01	1.200000e+01	1.800000e+01	0.000000e+00	0.000000e+00	0.000000e+00
6.000000e+00	1.200000e+01	1.800000e+01	2.400000e+01	0.000000e+00	0.000000e+00	0.000000e+00
6.000000e+00	1.200000e+01	2.400000e+01	3.000000e+01	0.000000e+00	0.000000e+00	0.000000e+00
6.000000e+00	1.200000e+01	3.000000e+01	3.600000e+01	0.000000e+00	0.000000e+00	0.000000e+00
6.000000e+00	1.200000e+01	3.600000e+01	4.200000e+01	0.000000e+00	0.000000e+00	0.000000e+00
6.000000e+00	1.200000e+01	4.200000e+01	4.800000e+01	0.000000e+00	0.000000e+00	0.000000e+00
6.000000e+00	1.200000e+01	4.800000e+01	5.400000e+01	0.000000e+00	0.000000e+00	0.000000e+00
6.000000e+00	1.200000e+01	5.400000e+01	6.000000e+01	0.000000e+00	0.000000e+00	0.000000e+00
6.000000e+00	1.200000e+01	6.000000e+01	6.600000e+01	0.000000e+00	0.000000e+00	0.000000e+00
6.000000e+00	1.200000e+01	6.600000e+01	7.200000e+01	0.000000e+00	0.000000e+00	0.000000e+00
6.000000e+00	1.200000e+01	7.200000e+01	7.800000e+01	0.000000e+00	0.000000e+00	0.000000e+00
6.000000e+00	1.200000e+01	7.800000e+01	8.400000e+01	0.000000e+00	0.000000e+00	0.000000e+00
6.000000e+00	1.200000e+01	8.400000e+01	9.000000e+01	0.000000e+00	0.000000e+00	0.000000e+00
6.000000e+00	1.200000e+01	9.000000e+01	9.600000e+01	0.000000e+00	0.000000e+00	0.000000e+00
6.000000e+00	1.200000e+01	9.600000e+01	1.020000e+02	0.000000e+00	0.000000e+00	0.000000e+00
6.000000e+00	1.200000e+01	1.020000e+02	1.080000e+02	0.000000e+00	0.000000e+00	0.000000e+00
6.000000e+00	1.200000e+01	1.080000e+02	1.140000e+02	0.000000e+00	0.000000e+00	0.000000e+00
6.000000e+00	1.200000e+01	1.140000e+02	1.200000e+02	0.000000e+00	0.000000e+00	0.000000e+00
6.000000e+00	1.200000e+01	1.200000e+02	1.260000e+02	0.000000e+00	0.000000e+00	0.000000e+00
6.000000e+00	1.200000e+01	1.260000e+02	1.320000e+02	0.000000e+00	0.000000e+00	0.000000e+00
6.000000e+00	1.200000e+01	1.320000e+02	1.380000e+02	0.000000e+00	0.000000e+00	0.000000e+00
6.000000e+00	1.200000e+01	1.380000e+02	1.440000e+02	0.000000e+00	0.000000e+00	0.000000e+00
6.000000e+00	1.200000e+01	1.440000e+02	1.500000e+02	0.000000e+00	0.000000e+00	0.000000e+00
6.000000e+00	1.200000e+01	1.500000e+02	1.560000e+02	0.000000e+00	0.000000e+00	0.000000e+00
6.000000e+00	1.200000e+01	1.560000e+02	1.620000e+02	0.000000e+00	0.000000e+00	0.000000e+00
6.000000e+00	1.200000e+01	1.620000e+02	1.680000e+02	0.000000e+00	0.000000e+00	0.000000e+00
6.000000e+00	1.200000e+01	1.680000e+02	1.740000e+02	0.000000e+00	0.000000e+00	0.000000e+00
6.000000e+00	1.200000e+01	1.740000e+02	1.800000e+02	0.000000e+00	0.000000e+00	0.000000e+00
1.200000e+01	1.800000e+01	0.000000e+00	6.000000e+00	0.000000e+00	0.000000e+00	0.000000e+00
1.200000e+01	1.800000e+01	6.000000e+00	1.200000e+01	0.000000e+00	0.000000e+00	0.000000e+00
1.200000e+01	1.800000e+01	1.200000e+01	1.800000e+01	0.000000e+00	0.000000e+00	0.000000e+00
1.200000e+01	1.800000e+01	1.800000e+01	2.400000e+01	0.000000e+00	0.000000e+00	0.000000e+00
1.200000e+01	1.800000e+01	2.400000e+01	3.000000e+01	0.000000e+00	0.000000e+00	0.000000e+00
1.200000e+01	1.800000e+01	3.000000e+01	3.600000e+01	0.000000e+00	0.000000e+00	0.000000e+00
1.200000e+01	1.800000e+01	3.600000e+01	4.200000e+01	0.000000e+00	0.000000e+00	0.000000e+00
1.200000e+01	1.800000e+01	4.200000e+01	4.800000e+01	0.000000e+00	0.000000e+00	0.000000e+00
1.200000e+01	1.800000e+01	4.800000e+01	5.400000e+01	0.000000e+00	0.000000e+00	0.000000e+00
1.200000e+01	1.800000e+01	5.400000e+01	6.000000e+01	0.000000e+00	0.000000e+00	0.000000e+00
1.200000e+01	1.800000e+01	6.000000e+01	6.600000e+01	0.000000e+00	0.000000e+00	0.000000e+00
1.200000e+01	1.800000e+01	6.600000e+01	7.200000e+01	0.000000e+00	0.000000e+00	0.000000e+00
1.200000e+01	1.800000e+01	7.200000e+01	7.800000e+01	0.000000e+00	0.000000e+00	0.000000e+00
1.200000e+01	1.800000e+01	7.800000e+01	8.400000e+01	0.000000e+00	0.000000e+00	0.000000e+00
1.200000e+01	1.800000e+01	8.400000e+01	9.000000e+01	0.000000e+00	0.000000e+00	0.000000e+00
1.200000e+01	1.800000e+01	9.000000e+01	9.600000e+01	0.000000e+00	0.000000e+00	0.000000e+00
1.200000e+01	1.800000e+01	9.600000e+01	1.020000e+02	0.000000e+00	0.000000e+00	0.000000e+00
1.200000e+01	1.800000e+01	1.020000e+02	1.080000e+02	0.000000e+00	0.000000e+00	0.000000e+00
1.200000e+01	1.800000e+01	1.080000e+02	1.140000e+02	0.000000e+00	0.000000e+00	0.000000e+00
1.200000e+01	1.800000e+01	1.140000e+02	1.200000e+02	0.000000e+00	0.000000e+00	0.000000e+00
1.200000e+01	1.800000e+01	1.200000e+02	1.260000e+02	0.000000e+00	0.000000e+00	0.000000e+00
1.200000e+01	1.800000e+01	1.260000e+02	1.320000e+02	0.000000e+00	0.000000e+00	0.000000e+00
1.200000e+01	1.800000e+01	1.320000e+02	1.380000e+02	0.000000e+00	0.000000e+00	0.000000e+00
1.200000e+01	1.800000e+01	1.380000e+02	1.440000e+02	0.000000e+00	0.000000e+00	0.000000e+00
1.200000e+01	1.800000e+01	1.440000e+02	1.500000e+02	0.000000e+00	0.000000e+00	0.000000e+00
1.200000e+01	1.800000e+01	1.500000e+02	1.560000e+02	0.000000e+00	0.000000e+00	0.000000e+00
1.200000e+01	1.800000e+01	1.560000e+02	1.620000e+02	0.000000e+00	0.000000e+00	0.000000e+00
1.200000e+01	1.800000e+01	1.620000e+02	1.680000e+02	0.000000e+00	0.000000e+00	0.000000e+00
1.200000e+01	1.800000e+01	1.680000e+02	1.740000e+02	0.000000e+00	0.000000e+00	0.000000e+00
1.200000e+01	1.800000e+01	1.740000e+02	1.800000e+02	0.000000e+00	0.000000e+00	0.000000e+00
1.800000e+01	2.400000e+01	0.000000e+00	6.000000e+00	0.000000e+00	0.000000e+00	0.000000e+00
1.800000e+01	2.400000e+01	6.000000e+00	1.200000e+01	0.000000e+00	0.000000e+00	0.000000e+00
1.800000e+01	2.400000e+01	1.200000e+01	1.800000e+01	0.000000e+00	0.000000e+00	0.000000e+00
1.800000e+01	2.400000e+01	1.800000e+01	2.400000e+01	0.000000e+00	0.000000e+00	0.000000e+00
1.800000e+01	2.400000e+01	2.400000e+01	3.000000e+01	0.000000e+00	0.000000e+00	0.000000e+00
1.800000e+01	2.400000e+01	3.000000e+01	3.600000e+01	0.000000e+00	0.000000e+00	0.000000e+00
1.800000e+01	2.400000e+01	3.600000e+01	4.200000e+01	0.000000e+00	0.000000e+00	0.000000e+00
1.800000e+01	2.400000e+01	4.200000e+01	4.800000e+01	0.000000e+00	0.000000e+00	0.000000e+00
1.800000e+01	2.400000e+01	4.800000e+01	5.400000e+01	0.000000e+00	0.000000e+00	0.000000e+00
1.800000e+01	2.400000e+01	5.400000e+01	6.000000e+01	0.000000e+00	0.000000e+00	0.000000e+00
1.800000e+01	2.400000e+01	6.000000e+01	6.600000e+01	0.000000e+00	0.000000e+00	0.000000e+00
1.800000e+01	2.400000e+01	6.600000e+01	7.200000e+01	0.000000e+00	0.000000e+00	0.000000e+00
1.800000e+01	2.400000e+01	7.200000e+01	7.800000e+01	0.000000e+00	0.000000e+00	0.000000e+00
1.800000e+01	2.400000e+01	7.800000e+01	8.400000e+01	0.000000e+00	0.000000e+00	0.000000e+00
1.800000e+01	2.400000e+01	8.400000e+01	9.000000e+01	0.000000e+00	0.000000e+00	0.000000e+00
1.800000e+01	2.400000e+01	9.000000e+01	9.600000e+01	0.000000e+00	0.000000e+00	0.000000e+00
1.800000e+01	2.400000e+01	9.600000e+01	1.020000e+02	0.000000e+00	0.000000e+00	0.000000e+00
1.800000e+01	2.400000e+01	1.020000e+02	1.080000e+02	0.000000e+00	0.000000e+00	0.000000e+00
1.800000e+01	2.400000e+01	1.080000e+02	1.140000e+02	0.000000e+00	0.000000e+00	0.000000e+00
1.800000e+01	2.400000e+01	1.140000e+02	1.200000e+02	0.000000e+00	0.000000e+00	0.000000e+00
1.800000e+01	2.400000e+01	1.200000e+02	1.260000e+02	0.000000e+00	0.000000e+00	0.000000e+00
1.800000e+01	2.400000e+01	1.260000e+02	1.320000e+02	0.000000e+00	0.000000e+00	0.000000e+00
1.800000e+01	2.400000e+01	1.320000e+02	1.380000e+02	0.000000e+00	0.000000e+00	0.000000e+00
1.800000e+01	2.400000e+01	1.380000e+02	1.440000e+02	0.000000e+00	0.000000e+00	0.000000e+00
1.800000e+01	2.400000e+01	1.440000e+02	1.500000e+02	0.000000e+00	0.000000e+00	0.000000e+00
1.800000e+01	2.400000e+01	1.500000e+02	1.560000e+02	0.000000e+00	0.000000e+00	0.000000e+00
1.800000e+01	2.400000e+01	1.560000e+02	1.620000e+02	0.000000e+00	0.000000e+00	0.000000e+00
1.800000e+01	2.400000e+01	1.620000e+02	1.680000e+02	0.000000e+00	0.000000e+00	0.000000e+00
1.800000e+01	2.400000e+01	1.680000e+02	1.740000e+02	0.000000e+00	0.000000e+00	0.000000e+00
1.800000e+01	2.400000e+01	1.740000e+02	1.800000e+02	0.000000e+00	0.000000e+00	0.000000e+00
2.400000e+01	3.000000e+01	0.000000e+00	6.000000e+00	0.000000e+00	0.000000e+00	0.000000e+00
2.400000e+01	3.000000e+01	6.000000e+00	1.200000e+01	0.000000e+00	0.000000e+00	0.000000e+00
2.400000e+01	3.000000e+01	1.200000e+01	1.800000e+01	0.000000e+00	0.000000e+00	0.000000e+00
2.400000e+01	3.000000e+01	1.800000e+01	2.400000e+01	0.000000e+00	0.000000e+00	0.000000e+00
2.400000e+01	3.000000e+01	2.400000e+01	3.000000e+01	0.000000e+00	0.000000e+00	0.000000e+00
2.400000e+01	3.000000e+01	3.000000e+01	3.600000e+01	0.000000e+00	0.000000e+00	0.000000e+00
2.400000e+01	3.000000e+01	3.600000e+01	4.200000e+01	0.000000e+00	0.000000e+00	0.000000e+00
2.400000e+01	3.000000e+01	4.200000e+01	4.800000e+01	0.000000e+00	0.000000e+00	0.000000e+00
2.400000e+01	3.000000e+01	4.800000e+01	5.400000e+01	0.000000e+00	0.000000e+00	0.000000e+00
2.400000e+01	3.000000e+01	5.400000e+01	6.000000e+01	0.000000e+00	0.000000e+00	0.000000e+00
2.400000e+01	3.000000e+01	6.000000e+01	6.600000e+01	0.000000e+00	0.000000e+00	0.000000e+00
2.400000e+01	3.000000e+01	6.600000e+01	7.200000e+01	0.000000e+00	0.000000e+00	0.000000e+00
2.400000e+01	3.000000e+01	7.200000e+01	7.800000e+01	0.000000e+00	0.000000e+00	0.000000e+00
2.400000e+01	3.000000e+01	7.800000e+01	8.400000e+01	0.000000e+00	0.000000e+00	0.000000e+00
2.400000e+01	3.000000e+01	8.400000e+01	9.000000e+01	0.000000e+00	0.000000e+00	0.000000e+00
2.400000e+01	3.000000e+01	9.000000e+01	9.600000e+01	0.000000e+00	0.000000e+00	0.000000e+00
2.400000e+01	3.000000e+01	9.600000e+01	1.020000e+02	0.000000e+00	0.000000e+00	0.000000e+00
2.400000e+01	3.000000e+01	1.020000e+02	1.080000e+02	0.000000e+00	0.000000e+00	0.000000e+00
2.400000e+01	3.000000e+01	1.080000e+02	1.140000e+02	0.000000e+00	0.000000e+00	0.000000e+00
2.400000e+01	3.000000e+01	1.140000e+02	1.200000e+02	0.000000e+00	0.000000e+00	0.000000e+00
2.400000e+01	3.000000e+01	1.200000e+02	1.260000e+02	0.000000e+00	0.000000e+00	0.000000e+00
2.400000e+01	3.000000e+01	1.260000e+02	1.320000e+02	0.000000e+00	0.000000e+00	0.000000e+00
2.400000e+01	3.000000e+01	1.320000e+02	1.380000e+02	0.000000e+00	0.000000e+00	0.000000e+00
2.400000e+01	3.000000e+01	1.380000e+02	1.440000e+02	0.000000e+00	0.000000e+00	0.000000e+00
2.400000e+01	3.000000e+01	1.440000e+02	1.500000e+02	0.000000e+00	0.000000e+00	0.000000e+00
2.400000e+01	3.000000e+01	1.500000e+02	1.560000e+02	0.000000e+00	0.000000e+00	0.000000e+00
2.400000e+01	3.000000e+01	1.560000e+02	1.620000e+02	0.000000e+00	0.000000e+00	0.000000e+00
2.400000e+01	3.000000e+01	1.620000e+02	1.680000e+02	0.000000e+00	0.000000e+00	0.000000e+00
2.400000e+01	3.000000e+01	1.680000e+02	1.740000e+02	0.000000e+00	0.000000e+00	0.000000e+00
2.400000e+01	3.000000e+01	1.740000e+02	1.800000e+02	0.000000e+00	0.000000e+00	0.000000e+00
3.000000e+01	3.600000e+01	0.000000e+00	6.000000e+00	0.000000e+00	0.000000e+00	0.000000e+00
3.000000e+01	3.600000e+01	6.000000e+00	1.200000e+01	0.000000e+00	0.000000e+00	0.000000e+00
3.000000e+01	3.600000e+01	1.200000e+01	1.800000e+01	0.000000e+00	0.000000e+00	0.000000e+00
3.000000e+01	3.600000e+01	1.800000e+01	2.400000e+01	0.000000e+00	0.000000e+00	0.000000e+00
3.000000e+01	3.600000e+01	2.400000e+01	3.000000e+01	0.000000e+00	0.000000e+00	0.000000e+00
3.000000e+01	3.600000e+01	3.000000e+01	3.600000e+01	0.000000e+00	0.000000e+00	0.000000e+00
3.000000e+01	3.600000e+01	3.600000e+01	4.200000e+01	0.000000e+00	0.000000e+00	0.000000e+00
3.000000e+01	3.600000e+01	4.200000e+01	4.800000e+01	0.000000e+00	0.000000e+00	0.000000e+00
3.000000e+01	3.600000e+01	4.800000e+01	5.400000e+01	0.000000e+00	0.000000e+00	0.000000e+00
3.000000e+01	3.600000e+01	5.400000e+01	6.000000e+01	0.000000e+00	0.000000e+00	0.000000e+00
3.000000e+01	3.600000e+01	6.000000e+01	6.600000e+01	0.000000e+00	0.000000e+00	0.000000e+00
3.000000e+01	3.600000e+01	6.600000e+01	7.200000e+01	0.000000e+00	0.000000e+00	0.000000e+00
3.000000e+01	3.600000e+01	7.200000e+01	7.800000e+01	0.000000e+00	0.000000e+00	0.000000e+00
3.000000e+01	3.600000e+01	7.800000e+01	8.400000e+01	0.000000e+00	0.000000e+00	0.000000e+00
3.000000e+01	3.600000e+01	8.400000e+01	9.000000e+01	0.000000e+00	0.000000e+00	0.000000e+00
3.000000e+01	3.600000e+01	9.000000e+01	9.600000e+01	0.000000e+00	0.000000e+00	0.000000e+00
3.000000e+01	3.600000e+01	9.600000e+01	1.020000e+02	0.000000e+00	0.000000e+00	0.000000e+00
3.000000e+01	3.600000e+01	1.020000e+02	1.080000e+02	0.000000e+00	0.000000e+00	0.000000e+00
3.000000e+01	3.600000e+01	1.080000e+02	1.140000e+02	0.000000e+00	0.000000e+00	0.000000e+00
3.000000e+01	3.600000e+01	1.140000e+02	1.200000e+02	0.000000e+00	0.000000e+00	0.000000e+00
3.000000e+01	3.600000e+01	1.200000e+02	1.260000e+02	0.000000e+00	0.000000e+00	0.000000e+00
3.000000e+01	3.600000e+01	1.260000e+02	1.320000e+02	0.000000e+00	0.000000e+00	0.000000e+00
3.000000e+01	3.600000e+01	1.320000e+02	1.380000e+02	0.000000e+00	0.000000e+00	0.000000e+00
3.000000e+01	3.600000e+01	1.380000e+02	1.440000e+02	0.000000e+00	0.000000e+00	0.000000e+00
3.000000e+01	3.600000e+01	1.440000e+02	1.500000e+02	0.000000e+00	0.000000e+00	0.000000e+00
3.000000e+01	3.600000e+01	1.500000e+02	1.560000e+02	0.000000e+00	0.000000e+00	0.000000e+00
3.000000e+01	3.600000e+01	1.560000e+02	1.620000e+02	0.000000e+00	0.000000e+00	0.000000e+00
3.000000e+01	3.600000e+01	1.620000e+02	1.680000e+02	0.000000e+00	0.000000e+00	0.000000e+00
3.000000e+01	3.600000e+01	1.680000e+02	1.740000e+02	0.000000e+00	0.000000e+00	0.000000e+00
3.000000e+01	3.600000e+01	1.740000e+02	1.800000e+02	0.000000e+00	0.000000e+00	0.000000e+00
3.600000e+01	4.200000e+01	0.000000e+00	6.000000e+00	0.000000e+00	0.000000e+00	0.000000e+00
3.600000e+01	4.200000e+01	6.000000e+00	1.200000e+01	0.000000e+00	0.000000e+00	0.000000e+00
3.600000e+01	4.200000e+01	1.200000e+01	1.800000e+01	0.000000e+00	0.000000e+00	0.000000e+00
3.600000e+01	4.200000e+01	1.800000e+01	2.400000e+01	0.000000e+00	0.000000e+00	0.000000e+00
3.600000e+01	4.200000e+01	2.400000e+01	3.000000e+01	0.000000e+00	0.000000e+00	0.000000e+00
3.600000e+01	4.200000e+01	3.000000e+01	3.600000e+01	0.000000e+00	0.000000e+00	0.000000e+00
3.600000e+01	4.200000e+01	3.600000e+01	4.200000e+01	0.000000e+00	0.000000e+00	0.000000e+00
3.600000e+01	4.200000e+01	4.200000e+01	4.800000e+01	0.000000e+00	0.000000e+00	0.000000e+00
3.600000e+01	4.200000e+01	4.800000e+01	5.400000e+01	0.000000e+00	0.000000e+00	0.000000e+00
3.600000e+01	4.200000e+01	5.400000e+01	6.000000e+01	0.000000e+00	0.000000e+00	0.000000e+00
3.600000e+01	4.200000e+01	6.000000e+01	6.600000e+01	0.000000e+00	0.000000e+00	0.000000e+00
3.600000e+01	4.200000e+01	6.600000e+01	7.200000e+01	0.000000e+00	0.000000e+00	0.000000e+00
3.600000e+01	4.200000e+01	7.200000e+01	7.800000e+01	0.000000e+00	0.000000e+00	0.000000e+00
3.600000e+01	4.200000e+01	7.800000e+01	8.400000e+01	0.000000e+00	0.000000e+00	0.000000e+00
3.600000e+01	4.200000e+01	8.400000e+01	9.000000e+01	0.000000e+00	0.000000e+00	0.000000e+00
3.600000e+01	4.200000e+01	9.000000e+01	9.600000e+01	0.000000e+00	0.000000e+00	0.000000e+00
3.600000e+01	4.200000e+01	9.600000e+01	1.020000e+02	0.000000e+00	0.000000e+00	0.000000e+00
3.600000e+01	4.200000e+01	1.020000e+02	1.080000e+02	0.000000e+00	0.000000e+00	0.000000e+00
3.600000e+01	4.200000e+01	1.080000e+02	1.140000e+02	0.000000e+00	0.000000e+00	0.000000e+00
3.600000e+01	4.200000e+01	1.140000e+02	1.200000e+02	0.000000e+00	0.000000e+00	0.000000e+00
3.600000e+01	4.200000e+01	1.200000e+02	1.260000e+02	0.000000e+00	0.000000e+00	0.000000e+00
3.600000e+01	4.200000e+01	1.260000e+02	1.320000e+02	0.000000e+00	0.000000e+00	0.000000e+00
3.600000e+01	4.200000e+01	1.320000e+02	1.380000e+02	0.000000e+00	0.000000e+00	0.000000e+00
3.600000e+01	4.200000e+01	1.380000e+02	1.440000e+02	0.000000e+00	0.000000e+00	0.000000e+00
3.600000e+01	4.200000e+01	1.440000e+02	1.500000e+02	0.000000e+00	0.000000e+00	0.000000e+00
3.600000e+01	4.200000e+01	1.500000e+02	1.560000e+02	0.000000e+00	0.000000e+00	0.000000e+00
3.600000e+01	4.200000e+01	1.560000e+02	1.620000e+02	0.000000e+00	0.000000e+00	0.000000e+00
3.600000e+01	4.200000e+01	1.620000e+02	1.680000e+02	0.000000e+00	0.000000e+00	0.000000e+00
3.600000e+01	4.200000e+01	1.680000e+02	1.740000e+02	0.000000e+00	0.000000e+00	0.000000e+00
3.600000e+01	4.200000e+01	1.740000e+02	1.800000e+02	0.000000e+00	0.000000e+00	0.000000e+00
4.200000e+01	4.800000e+01	0.000000e+00	6.000000e+00	0.000000e+00	0.000000e+00	0.000000e+00
4.200000e+01	4.800000e+01	6.000000e+00	1.200000e+01	0.000000e+00	0.000000e+00	0.000000e+00
4.200000e+01	4.800000e+01	1.200000e+01	1.800000e+01	0.000000e+00	0.000000e+00	0.000000e+00
4.200000e+01	4.800000e+01	1.800000e+01	2.400000e+01	0.000000e+00	0.000000e+00	0.000000e+00
4.200000e+01	4.800000e+01	2.400000e+01	3.000000e+01	0.000000e+00	0.000000e+00	0.000000e+00
4.200000e+01	4.800000e+01	3.000000e+01	3.600000e+01	0.000000e+00	0.000000e+00	0.000000e+00
4.200000e+01	4.800000e+01	3.600000e+01	4.200000e+01	0.000000e+00	0.000000e+00	0.000000e+00
4.200000e+01	4.800000e+01	4.200000e+01	4.800000e+01	0.000000e+00	0.000000e+00	0.000000e+00
4.200000e+01	4.800000e+01	4.800000e+01	5.400000e+01	0.000000e+00	0.000000e+00	0.000000e+00
4.200000e+01	4.800000e+01	5.400000e+01	6.000000e+01	0.000000e+00	0.000000e+00	0.000000e+00
4.200000e+01	4.800000e+01	6.000000e+01	6.600000e+01	0.000000e+00	0.000000e+00	0.000000e+00
4.200000e+01	4.800000e+01	6.600000e+01	7.200000e+01	0.000000e+00	0.000000e+00	0.000000e+00
4.200000e+01	4.800000e+01	7.200000e+01	7.800000e+01	0.000000e+00	0.000000e+00	0.000000e+00
4.200000e+01	4.800000e+01	7.800000e+01	8.400000e+01	0.000000e+00	0.000000e+00	0.000000e+00
4.200000e+01	4.800000e+01	8.400000e+01	9.000000e+01	0.000000e+00	0.000000e+00	0.000000e+00
4.200000e+01	4.800000e+01	9.000000e+01	9.600000e+01	0.000000e+00	0.000000e+00	0.000000e+00
4.200000e+01	4.800000e+01	9.600000e+01	1.020000e+02	0.000000e+00	0.000000e+00	0.000000e+00
4.200000e+01	4.800000e+01	1.020000e+02	1.080000e+02	0.000000e+00	0.000000e+00	0.000000e+00
4.200000e+01	4.800000e+01	1.080000e+02	1.140000e+02	0.000000e+00	0.000000e+00	0.000000e+00
4.200000e+01	4.800000e+01	1.140000e+02	1.200000e+02	0.000000e+00	0.000000e+00	0.000000e+00
4.200000e+01	4.800000e+01	1.200000e+02	1.260000e+02	0.000000e+00	0.000000e+00	0.000000e+00
4.200000e+01	4.800000e+01	1.260000e+02	1.320000e+02	0.000000e+00	0.000000e+00	0.000000e+00
4.200000e+01	4.800000e+01	1.320000e+02	1.380000e+02	0.000000e+00	0.000000e+00	0.000000e+00
4.200000e+01	4.800000e+01	1.380000e+02	1.440000e+02	0.000000e+00	0.000000e+00	0.000000e+00
4.200000e+01	4.800000e+01	1.440000e+02	1.500000e+02	0.000000e+00	0.000000e+00	0.000000e+00
4.200000e+01	4.800000e+01	1.500000e+02	1.560000e+02	0.000000e+00	0.000000e+00	0.000000e+00
4.200000e+01	4.800000e+01	1.560000e+02	1.620000e+02	0.000000e+00	0.000000e+00	0.000000e+00
4.200000e+01	4.800000e+01	1.620000e+02	1.680000e+02	0.000000e+00	0.000000e+00	0.000000e+00
4.200000e+01	4.800000e+01	1.680000e+02	1.740000e+02	0.000000e+00	0.000000e+00	0.000000e+00
4.200000e+01	4.800000e+01	1.740000e+02	1.800000e+02	0.000000e+00	0.000000e+00	0.000000e+00
4.800000e+01	5.400000e+01	0.000000e+00	6.000000e+00	0.000000e+00	0.000000e+00	0.000000e+00
4.800000e+01	5.400000e+01	6.000000e+00	1.200000e+01	0.000000e+00	0.000000e+00	0.000000e+00
4.800000e+01	5.400000e+01	1.200000e+01	1.800000e+01	0.000000e+00	0.000000e+00	0.000000e+00
4.800000e+01	5.400000e+01	1.800000e+01	2.400000e+01	0.000000e+00	0.000000e+00	0.000000e+00
4.800000e+01	5.400000e+01	2.400000e+01	3.000000e+01	0.000000e+00	0.000000e+00	0.000000e+00
4.800000e+01	5.400000e+01	3.000000e+01	3.600000e+01	0.000000e+00	0.000000e+00	0.000000e+00
4.800000e+01	5.400000e+01	3.600000e+01	4.200000e+01	0.000000e+00	0.000000e+00	0.000000e+00
4.800000e+01	5.400000e+01	4.200000e+01	4.800000e+01	0.000000e+00	0.000000e+00	0.000000e+00
4.800000e+01	5.400000e+01	4.800000e+01	5.400000e+01	0.000000e+00	0.000000e+00	0.000000e+00
4.800000e+01	5.400000e+01	5.400000e+01	6.000000e+01	0.000000e+00	0.000000e+00	0.000000e+00
4.800000e+01	5.400000e+01	6.000000e+01	6.600000e+01	0.000000e+00	0.000000e+00	0.000000e+00
4.800000e+01	5.400000e+01	6.600000e+01	7.200000e+01	0.000000e+00	0.000000e+00	0.000000e+00
4.800000e+01	5.400000e+01	7.200000e+01	7.800000e+01	0.000000e+00	0.000000e+00	0.000000e+00
4.800000e+01	5.400000e+01	7.800000e+01	8.400000e+01	0.000000e+00	0.000000e+00	0.000000e+00
4.800000e+01	5.400000e+01	8.400000e+01	9.000000e+01	0.000000e+00	0.000000e+00	0.000000e+00
4.800000e+01	5.400000e+01	9.000000e+01	9.600000e+01	0.000000e+00	0.000000e+00	0.000000e+00
4.800000e+01	5.400000e+01	9.600000e+01	1.020000e+02	0.000000e+00	0.000000e+00	0.000000e+00
4.800000e+01	5.400000e+01	1.020000e+02	1.080000e+02	0.000000e+00	0.000000e+00	0.000000e+00
4.800000e+01	5.400000e+01	1.080000e+02	1.140000e+02	0.000000e+00	0.000000e+00	0.000000e+00
4.800000e+01	5.400000e+01	1.140000e+02	1.200000e+02	0.000000e+00	0.000000e+00	0.000000e+00
4.800000e+01	5.400000e+01	1.200000e+02	1.260000e+02	0.000000e+00	0.000000e+00	0.000000e+00
4.800000e+01	5.400000e+01	1.260000e+02	1.320000e+02	0.000000e+00	0.000000e+00	0.000000e+00
4.800000e+01	5.400000e+01	1.320000e+02	1.380000e+02	0.000000e+00	0.000000e+00	0.000000e+00
4.800000e+01	5.400000e+01	1.380000e+02	1.440000e+02	0.000000e+00	0.000000e+00	0.000000e+00
4.800000e+01	5.400000e+01	1.440000e+02	1.500000e+02	0.000000e+00	0.000000e+00	0.000000e+00
4.800000e+01	5.400000e+01	1.500000e+02	1.560000e+02	0.000000e+00	0.000000e+00	0.000000e+00
4.800000e+01	5.400000e+01	1.560000e+02	1.620000e+02	0.000000e+00	0.000000e+00	0.000000e+00
4.800000e+01	5.400000e+01	1.620000e+02	1.680000e+02	0.000000e+00	0.000000e+00	0.000000e+00
4.800000e+01	5.400000e+01	1.680000e+02	1.740000e+02	0.000000e+00	0.000000e+00	0.000000e+00
4.800000e+01	5.400000e+01	1.740000e+02	1.800000e+02	0.000000e+00	0.000000e+00	0.000000e+00
5.400000e+01	6.000000e+01	0.000000e+00	6.000000e+00	0.000000e+00	0.000000e+00	0.000000e+00
5.400000e+01	6.000000e+01	6.000000e+00	1.200000e+01	0.000000e+00	0.000000e+00	0.000000e+00
5.400000e+01	6.000000e+01	1.200000e+01	1.800000e+01	0.000000e+00	0.000000e+00	0.000000e+00
5.400000e+01	6.000000e+01	1.800000e+01	2.400000e+01	0.000000e+00	0.000000e+00	0.000000e+00
5.400000e+01	6.000000e+01	2.400000e+01	3.000000e+01	0.000000e+00	0.000000e+00	0.000000e+00
5.400000e+01	6.000000e+01	3.000000e+01	3.600000e+01	0.000000e+00	0.000000e+00	0.000000e+00
5.400000e+01	6.000000e+01	3.600000e+01	4.200000e+01	0.000000e+00	0.000000e+00	0.000000e+00
5.400000e+01	6.000000e+01	4.200000e+01	4.800000e+01	0.000000e+00	0.000000e+00	0.000000e+00
5.400000e+01	6.000000e+01	4.800000e+01	5.400000e+01	0.000000e+00	0.000000e+00	0.000000e+00
5.400000e+01	6.000000e+01	5.400000e+01	6.000000e+01	0.000000e+00	0.000000e+00	0.000000e+00
5.400000e+01	6.000000e+01	6.000000e+01	6.600000e+01	0.000000e+00	0.000000e+00	0.000000e+00
5.400000e+01	6.000000e+01	6.600000e+01	7.200000e+01	0.000000e+00	0.000000e+00	0.000000e+00
5.400000e+01	6.000000e+01	7.200000e+01	7.800000e+01	0.000000e+00	0.000000e+00	0.000000e+00
5.400000e+01	6.000000e+01	7.800000e+01	8.400000e+01	0.000000e+00	0.000000e+00	0.000000e+00
5.400000e+01	6.000000e+01	8.400000e+01	9.000000e+01	0.000000e+00	0.000000e+00	0.000000e+00
5.400000e+01	6.000000e+01	9.000000e+01	9.600000e+01	0.000000e+00	0.000000e+00	0.000000e+00
5.400000e+01	6.000000e+01	9.600000e+01	1.020000e+02	0.000000e+00	0.000000e+00	0.000000e+00
5.400000e+01	6.000000e+01	1.020000e+02	1.080000e+02	0.000000e+00	0.000000e+00	0.000000e+00
5.400000e+01	6.000000e+01	1.080000e+02	1.140000e+02	0.000000e+00	0.000000e+00	0.000000e+00
5.400000e+01	6.000000e+01	1.140000e+02	1.200000e+02	0.000000e+00	0.000000e+00	0.000000e+00
5.400000e+01	6.000000e+01	1.200000e+02	1.260000e+02	0.000000e+00	0.000000e+00	0.000000e+00
5.400000e+01	6.000000e+01	1.260000e+02	1.320000e+02	0.000000e+00	0.000000e+00	0.000000e+00
5.400000e+01	6.000000e+01	1.320000e+02	1.380000e+02	0.000000e+00	0.000000e+00	0.000000e+00
5.400000e+01	6.000000e+01	1.380000e+02	1.440000e+02	0.000000e+00	0.000000e+00	0.000000e+00
5.400000e+01	6.000000e+01	1.440000e+02	1.500000e+02	0.000000e+00	0.000000e+00	0.000000e+00
5.400000e+01	6.000000e+01	1.500000e+02	1.560000e+02	0.000000e+00	0.000000e+00	0.000000e+00
5.400000e+01	6.000000e+01	1.560000e+02	1.620000e+02	0.000000e+00	0.000000e+00	0.000000e+00
5.400000e+01	6.000000e+01	1.620000e+02	1.680000e+02	0.000000e+00	0.000000e+00	0.000000e+00
5.400000e+01	6.000000e+01	1.680000e+02	1.740000e+02	0.000000e+00	0.000000e+00	0.000000e+00
5.400000e+01	6.000000e+01	1.740000e+02	1.800000e+02	0.000000e+00	0.000000e+00	0.000000e+00
6.000000e+01	6.600000e+01	0.000000e+00	6.000000e+00	0.000000e+00	0.000000e+00	0.000000e+00
6.000000e+01	6.600000e+01	6.000000e+00	1.200000e+01	0.000000e+00	0.000000e+00	0.000000e+00
6.000000e+01	6.600000e+01	1.200000e+01	1.800000e+01	0.000000e+00	0.000000e+00	0.000000e+00
6.000000e+01	6.600000e+01	1.800000e+01	2.400000e+01	0.000000e+00	0.000000e+00	0.000000e+00
6.000000e+01	6.600000e+01	2.400000e+01	3.000000e+01	0.000000e+00	0.000000e+00	0.000000e+00
6.000000e+01	6.600000e+01	3.000000e+01	3.600000e+01	0.000000e+00	0.000000e+00	0.000000e+00
6.000000e+01	6.600000e+01	3.600000e+01	4.200000e+01	0.000000e+00	0.000000e+00	0.000000e+00
6.000000e+01	6.600000e+01	4.200000e+01	4.800000e+01	0.000000e+00	0.000000e+00	0.000000e+00
6.000000e+01	6.600000e+01	4.800000e+01	5.400000e+01	0.000000e+00	0.000000e+00	0.000000e+00
6.000000e+01	6.600000e+01	5.400000e+01	6.000000e+01	0.000000e+00	0.000000e+00	0.000000e+00
6.000000e+01	6.600000e+01	6.000000e+01	6.600000e+01	0.000000e+00	0.000000e+00	0.000000e+00
6.000000e+01	6.600000e+01	6.600000e+01	7.200000e+01	0.000000e+00	0.000000e+00	0.000000e+00
6.000000e+01	6.600000e+01	7.200000e+01	7.800000e+01	0.000000e+00	0.000000e+00	0.000000e+00
6.000000e+01	6.600000e+01	7.800000e+01	8.400000e+01	0.000000e+00	0.000000e+00	0.000000e+00
6.000000e+01	6.600000e+01	8.400000e+01	9.000000e+01	0.000000e+00	0.000000e+00	0.000000e+00
6.000000e+01	6.600000e+01	9.000000e+01	9.600000e+01	0.000000e+00	0.000000e+00	0.000000e+00
6.000000e+01	6.600000e+01	9.600000e+01	1.020000e+02	0.000000e+00	0.000000e+00	0.000000e+00
6.000000e+01	6.600000e+01	1.020000e+02	1.080000e+02	0.000000e+00	0.000000e+00	0.000000e+00
6.000000e+01	6.600000e+01	1.080000e+02	1.140000e+02	0.000000e+00	0.000000e+00	0.000000e+00
6.000000e+01	6.600000e+01	1.140000e+02	1.200000e+02	0.000000e+00	0.000000e+00	0.000000e+00
6.000000e+01	6.600000e+01	1.200000e+02	1.260000e+02	0.000000e+00	0.000000e+00	0.000000e+00
6.000000e+01	6.600000e+01	1.260000e+02	1.320000e+02	0.000000e+00	0.000000e+00	0.000000e+00
6.000000e+01	6.600000e+01	1.320000e+02	1.380000e+02	0.000000e+00	0.000000e+00	0.000000e+00
6.000000e+01	6.600000e+01	1.380000e+02	1.440000e+02	0.000000e+00	0.000000e+00	0.000000e+00
6.000000e+01	6.600000e+01	1.440000e+02	1.500000e+02	0.000000e+00	0.000000e+00	0.000000e+00
6.000000e+01	6.600000e+01	1.500000e+02	1.560000e+02	0.000000e+00	0.000000e+00	0.000000e+00
6.000000e+01	6.600000e+01	1.560000e+02	1.620000e+02	0.000000e+00	0.000000e+00	0.000000e+00
6.000000e+01	6.600000e+01	1.620000e+02	1.680000e+02	0.000000e+00	0.000000e+00	0.000000e+00
6.000000e+01	6.600000e+01	1.680000e+02	1.740000e+02	0.000000e+00	0.000000e+00	0.000000e+00
6.000000e+01	6.600000e+01	1.740000e+02	1.800000e+02	0.000000e+00	0.000000e+00	0.000000e+00
6.600000e+01	7.200000e+01	0.000000e+00	6.000000e+00	0.000000e+00	0.000000e+00	0.000000e+00
6.600000e+01	7.200000e+01	6.000000e+00	1.200000e+01	0.000000e+00	0.000000e+00	0.000000e+00
6.600000e+01	7.200000e+01	1.200000e+01	1.800000e+01	0.000000e+00	0.000000e+00	0.000000e+00
6.600000e+01	7.200000e+01	1.800000e+01	2.400000e+01	0.000000e+00	0.000000e+00	0.000000e+00
6.600000e+01	7.200000e+01	2.400000e+01	3.000000e+01	0.000000e+00	0.000000e+00	0.000000e+00
6.600000e+01	7.200000e+01	3.000000e+01	3.600000e+01	0.000000e+00	0.000000e+00	0.000000e+00
6.600000e+01	7.200000e+01	3.600000e+01	4.200000e+01	0.000000e+00	0.000000e+00	0.000000e+00
6.600000e+01	7.200000e+01	4.200000e+01	4.800000e+01	0.000000e+00	0.000000e+00	0.000000e+00
6.600000e+01	7.200000e+01	4.800000e+01	5.400000e+01	0.000000e+00	0.000000e+00	0.000000e+00
6.600000e+01	7.200000e+01	5.400000e+01	6.000000e+01	0.000000e+00	0.000000e+00	0.000000e+00
6.600000e+01	7.200000e+01	6.000000e+01	6.600000e+01	0.000000e+00	0.000000e+00	0.000000e+00
6.600000e+01	7.200000e+01	6.600000e+01	7.200000e+01	0.000000e+00	0.000000e+00	0.000000e+00
6.600000e+01	7.200000e+01	7.200000e+01	7.800000e+01	0.000000e+00	0.000000e+00	0.000000e+00
6.600000e+01	7.200000e+01	7.800000e+01	8.400000e+01	0.000000e+00	0.000000e+00	0.000000e+00
6.600000e+01	7.200000e+01	8.400000e+01	9.000000e+01	0.000000e+00	0.000000e+00	0.000000e+00
6.600000e+01	7.200000e+01	9.000000e+01	9.600000e+01	0.000000e+00	0.000000e+00	0.000000e+00
6.600000e+01	7.200000e+01	9.600000e+01	1.020000e+02	0.000000e+00	0.000000e+00	0.000000e+00
6.600000e+01	7.200000e+01	1.020000e+02	1.080000e+02	0.000000e+00	0.000000e+00	0.000000e+00
6.600000e+01	7.200000e+01	1.080000e+02	1.140000e+02	0.000000e+00	0.000000e+00	0.000000e+00
6.600000e+01	7.200000e+01	1.140000e+02	1.200000e+02	0.000000e+00	0.000000e+00	0.000000e+00
6.600000e+01	7.200000e+01	1.200000e+02	1.260000e+02	0.000000e+00	0.000000e+00	0.000000e+00
6.600000e+01	7.200000e+01	1.260000e+02	1.320000e+02	0.000000e+00	0.000000e+00	0.000000e+00
6.600000e+01	7.200000e+01	1.320000e+02	1.380000e+02	0.000000e+00	0.000000e+00	0.000000e+00
6.600000e+01	7.200000e+01	1.380000e+02	1.440000e+02	0.000000e+00	0.000000e+00	0.000000e+00
6.600000e+01	7.200000e+01	1.440000e+02	1.500000e+02	0.000000e+00	0.000000e+00	0.000000e+00
6.600000e+01	7.200000e+01	1.500000e+02	1.560000e+02	0.000000e+00	0.000000e+00	0.000000e+00
6.600000e+01	7.200000e+01	1.560000e+02	1.620000e+02	0.000000e+00	0.000000e+00	0.000000e+00
6.600000e+01	7.200000e+01	1.620000e+02	1.680000e+02	0.000000e+00	0.000000e+00	0.000000e+00
6.600000e+01	7.200000e+01	1.680000e+02	1.740000e+02	0.000000e+00	0.000000e+00	0.000000e+00
6.600000e+01	7.200000e+01	1.740000e+02	1.800000e+02	0.000000e+00	0.000000e+00	0.000000e+00
7.200000e+01	7.800000e+01	0.000000e+00	6.000000e+00	0.000000e+00	0.000000e+00	0.000000e+00
7.200000e+01	7.800000e+01	6.000000e+00	1.200000e+01	0.000000e+00	0.000000e+00	0.000000e+00
7.200000e+01	7.800000e+01	1.200000e+01	1.800000e+01	0.000000e+00	0.000000e+00	0.000000e+00
7.200000e+01	7.800000e+01	1.800000e+01	2.400000e+01	0.000000e+00	0.000000e+00	0.000000e+00
7.200000e+01	7.800000e+01	2.400000e+01	3.000000e+01	0.000000e+00	0.000000e+00	0.000000e+00
7.200000e+01	7.800000e+01	3.000000e+01	3.600000e+01	0.000000e+00	0.000000e+00	0.000000e+00
7.200000e+01	7.800000e+01	3.600000e+01	4.200000e+01	0.000000e+00	0.000000e+00	0.000000e+00
7.200000e+01	7.800000e+01	4.200000e+01	4.800000e+01	0.000000e+00	0.000000e+00	0.000000e+00
7.200000e+01	7.800000e+01	4.800000e+01	5.400000e+01	0.000000e+00	0.000000e+00	0.000000e+00
7.200000e+01	7.800000e+01	5.400000e+01	6.000000e+01	0.000000e+00	0.000000e+00	0.000000e+00
7.200000e+01	7.800000e+01	6.000000e+01	6.600000e+01	0.000000e+00	0.000000e+00	0.000000e+00
7.200000e+01	7.800000e+01	6.600000e+01	7.200000e+01	0.000000e+00	0.000000e+00	0.000000e+00
7.200000e+01	7.800000e+01	7.200000e+01	7.800000e+01	0.000000e+00	0.000000e+00	0.000000e+00
7.200000e+01	7.800000e+01	7.800000e+01	8.400000e+01	0.000000e+00	0.000000e+00	0.000000e+00
7.200000e+01	7.800000e+01	8.400000e+01	9.000000e+01	0.000000e+00	0.000000e+00	0.000000e+00
7.200000e+01	7.800000e+01	9.000000e+01	9.600000e+01	0.000000e+00	0.000000e+00	0.000000e+00
7.200000e+01	7.800000e+01	9.600000e+01	1.020000e+02	0.000000e+00	0.000000e+00	0.000000e+00
7.200000e+01	7.800000e+01	1.020000e+02	1.080000e+02	0.000000e+00	0.000000e+00	0.000000e+00
7.200000e+01	7.800000e+01	1.080000e+02	1.140000e+02	0.000000e+00	0.000000e+00	0.000000e+00
7.200000e+01	7.800000e+01	1.140000e+02	1.200000e+02	0.000000e+00	0.000000e+00	0.000000e+00
7.200000e+01	7.800000e+01	1.200000e+02	1.260000e+02	0.000000e+00	0.000000e+00	0.000000e+00
7.200000e+01	7.800000e+01	1.260000e+02	1.320000e+02	0.000000e+00	0.000000e+00	0.000000e+00
7.200000e+01	7.800000e+01	1.320000e+02	1.380000e+02	0.000000e+00	0.000000e+00	0.000000e+00
7.200000e+01	7.800000e+01	1.380000e+02	1.440000e+02	0.000000e+00	0.000000e+00	0.000000e+00
7.200000e+01	7.800000e+01	1.440000e+02	1.500000e+02	0.000000e+00	0.000000e+00	0.000000e+00
7.200000e+01	7.800000e+01	1.500000e+02	1.560000e+02	0.000000e+00	0.000000e+00	0.000000e+00
7.200000e+01	7.800000e+01	1.560000e+02	1.620000e+02	0.000000e+00	0.000000e+00	0.000000e+00
7.200000e+01	7.800000e+01	1.620000e+02	1.680000e+02	0.000000e+00	0.000000e+00	0.000000e+00
7.200000e+01	7.800000e+01	1.680000e+02	1.740000e+02	0.000000e+00	0.000000e+00	0.000000e+00
7.200000e+01	7.800000e+01	1.740000e+02	1.800000e+02	0.000000e+00	0.000000e+00	0.000000e+00
7.800000e+01	8.400000e+01	0.000000e+00	6.000000e+00	0.000000e+00	0.000000e+00	0.000000e+00
7.800000e+01	8.400000e+01	6.000000e+00	1.200000e+01	0.000000e+00	0.000000e+00	0.000000e+00
7.800000e+01	8.400000e+01	1.200000e+01	1.800000e+01	0.000000e+00	0.000000e+00	0.000000e+00
7.800000e+01	8.400000e+01	1.800000e+01	2.400000e+01	0.000000e+00	0.000000e+00	0.000000e+00
7.800000e+01	8.400000e+01	2.400000e+01	3.000000e+01	0.000000e+00	0.000000e+00	0.000000e+00
7.800000e+01	8.400000e+01	3.000000e+01	3.600000e+01	0.000000e+00	0.000000e+00	0.000000e+00
7.800000e+01	8.400000e+01	3.600000e+01	4.200000e+01	0.000000e+00	0.000000e+00	0.000000e+00
7.800000e+01	8.400000e+01	4.200000e+01	4.800000e+01	0.000000e+00	0.000000e+00	0.000000e+00
7.800000e+01	8.400000e+01	4.800000e+01	5.400000e+01	0.000000e+00	0.000000e+00	0.000000e+00
7.800000e+01	8.400000e+01	5.400000e+01	6.000000e+01	0.000000e+00	0.000000e+00	0.000000e+00
7.800000e+01	8.400000e+01	6.000000e+01	6.600000e+01	0.000000e+00	0.000000e+00	0.000000e+00
7.800000e+01	8.400000e+01	6.600000e+01	7.200000e+01	0.000000e+00	0.000000e+00	0.000000e+00
7.800000e+01	8.400000e+01	7.200000e+01	7.800000e+01	0.000000e+00	0.000000e+00	0.000000e+00
7.800000e+01	8.400000e+01	7.800000e+01	8.400000e+01	0.000000e+00	0.000000e+00	0.000000e+00
7.800000e+01	8.400000e+01	8.400000e+01	9.000000e+01	0.000000e+00	0.000000e+00	0.000000e+00
7.800000e+01	8.400000e+01	9.000000e+01	9.600000e+01	0.000000e+00	0.000000e+00	0.000000e+00
7.800000e+01	8.400000e+01	9.600000e+01	1.020000e+02	0.000000e+00	0.000000e+00	0.000000e+00
7.800000e+01	8.400000e+01	1.020000e+02	1.080000e+02	0.000000e+00	0.000000e+00	0.000000e+00
7.800000e+01	8.400000e+01	1.080000e+02	1.140000e+02	0.000000e+00	0.000000e+00	0.000000e+00
7.800000e+01	8.400000e+01	1.140000e+02	1.200000e+02	0.000000e+00	0.000000e+00	0.000000e+00
7.800000e+01	8.400000e+01	1.200000e+02	1.260000e+02	0.000000e+00	0.000000e+00	0.000000e+00
7.800000e+01	8.400000e+01	1.260000e+02	1.320000e+02	0.000000e+00	0.000000e+00	0.000000e+00
7.800000e+01	8.400000e+01	1.320000e+02	1.380000e+02	0.000000e+00	0.000000e+00	0.000000e+00
7.800000e+01	8.400000e+01	1.380000e+02	1.440000e+02	0.000000e+00	0.000000e+00	0.000000e+00
7.800000e+01	8.400000e+01	1.440000e+02	1.500000e+02	0.000000e+00	0.000000e+00	0.000000e+00
7.800000e+01	8.400000e+01	1.500000e+02	1.560000e+02	0.000000e+00	0.000000e+00	0.000000e+00
7.800000e+01	8.400000e+01	1.560000e+02	1.620000e+02	0.000000e+00	0.000000e+00	0.000000e+00
7.800000e+01	8.400000e+01	1.620000e+02	1.680000e+02	0.000000e+00	0.000000e+00	0.000000e+00
7.800000e+01	8.400000e+01	1.680000e+02	1.740000e+02	0.000000e+00	0.000000e+00	0.000000e+00
7.800000e+01	8.400000e+01	1.740000e+02	1.800000e+02	0.000000e+00	0.000000e+00	0.000000e+00
8.400000e+01	9.000000e+01	0.000000e+00	6.000000e+00	0.000000e+00	0.000000e+00	0.000000e+00
8.400000e+01	9.000000e+01	6.000000e+00	1.200000e+01	0.000000e+00	0.000000e+00	0.000000e+00
8.400000e+01	9.000000e+01	1.200000e+01	1.800000e+01	0.000000e+00	0.000000e+00	0.000000e+00
8.400000e+01	9.000000e+01	1.800000e+01	2.400000e+01	0.000000e+00	0.000000e+00	0.000000e+00
8.400000e+01	9.000000e+01	2.400000e+01	3.000000e+01	0.000000e+00	0.000000e+00	0.000000e+00
8.400000e+01	9.000000e+01	3.000000e+01	3.600000e+01	0.000000e+00	0.000000e+00	0.000000e+00
8.400000e+01	9.000000e+01	3.600000e+01	4.200000e+01	0.000000e+00	0.000000e+00	0.000000e+00
8.400000e+01	9.000000e+01	4.200000e+01	4.800000e+01	0.000000e+00	0.000000e+00	0.000000e+00
8.400000e+01	9.000000e+01	4.800000e+01	5.400000e+01	0.000000e+00	0.000000e+00	0.000000e+00
8.400000e+01	9.000000e+01	5.400000e+01	6.000000e+01	0.000000e+00	0.000000e+00	0.000000e+00
8.400000e+01	9.000000e+01	6.000000e+01	6.600000e+01	0.000000e+00	0.000000e+00	0.000000e+00
8.400000e+01	9.000000e+01	6.600000e+01	7.200000e+01	0.000000e+00	0.000000e+00	0.000000e+00
8.400000e+01	9.000000e+01	7.200000e+01	7.800000e+01	0.000000e+00	0.000000e+00	0.000000e+00
8.400000e+01	9.000000e+01	7.800000e+01	8.400000e+01	0.000000e+00	0.000000e+00	0.000000e+00
8.400000e+01	9.000000e+01	8.400000e+01	9.000000e+01	6.251753e-09	5.391429e-09	5.391429e-09
8.400000e+01	9.000000e+01	9.000000e+01	9.600000e+01	1.158972e-08	6.192850e-09	6.192850e-09
8.400000e+01	9.000000e+01	9.600000e+01	1.020000e+02	1.944885e-08	9.222996e-09	9.222996e-09
8.400000e+01	9.000000e+01	1.020000e+02	1.080000e+02	4.194439e-07	3.476464e-07	3.476464e-07
8.400000e+01	9.000000e+01	1.080000e+02	1.140000e+02	3.599728e-07	3.448575e-07	3.448575e-07
8.400000e+01	9.000000e+01	1.140000e+02	1.200000e+02	1.385523e-06	6.895656e-07	6.895656e-07
8.400000e+01	9.000000e+01	1.200000e+02	1.260000e+02	1.771403e-06	7.710702e-07	7.710702e-07
8.400000e+01	9.000000e+01	1.260000e+02	1.320000e+02	1.083514e-06	5.973407e-07	5.973407e-07
8.400000e+01	9.000000e+01	1.320000e+02	1.380000e+02	2.726018e-08	1.104110e-08	1.104110e-08
8.400000e+01	9.000000e+01	1.380000e+02	1.440000e+02	7.084683e-07	4.876734e-07	4.876734e-07
8.400000e+01	9.000000e+01	1.440000e+02	1.500000e+02	1.357689e-08	7.484415e-09	7.484415e-09
8.400000e+01	9.000000e+01	1.500000e+02	1.560000e+02	4.848408e-10	1.616136e-10	1.616136e-10
8.400000e+01	9.000000e+01	1.560000e+02	1.620000e+02	9.481333e-09	6.120016e-09	6.120016e-09
8.400000e+01	9.000000e+01	1.620000e+02	1.680000e+02	5.455303e-11	5.387542e-11	5.387542e-11
8.400000e+01	9.000000e+01	1.680000e+02	1.740000e+02	0.000000e+00	0.000000e+00	0.000000e+00
8.400000e+01	9.000000e+01	1.740000e+02	1.800000e+02	0.000000e+00	0.000000e+00	0.000000e+00
9.000000e+01	9.600000e+01	0.000000e+00	6.000000e+00	0.000000e+00	0.000000e+00	0.000000e+00
9.000000e+01	9.600000e+01	6.000000e+00	1.200000e+01	0.000000e+00	0.000000e+00	0.000000e+00
9.000000e+01	9.600000e+01	1.200000e+01	1.800000e+01	0.000000e+00	0.000000e+00	0.000000e+00
9.000000e+01	9.600000e+01	1.800000e+01	2.400000e+01	0.000000e+00	0.000000e+00	0.000000e+00
9.000000e+01	9.600000e+01	2.400000e+01	3.000000e+01	0.000000e+00	0.000000e+00	0.000000e+00
9.000000e+01	9.600000e+01	3.000000e+01	3.600000e+01	0.000000e+00	0.000000e+00	0.000000e+00
9.000000e+01	9.600000e+01	3.600000e+01	4.200000e+01	0.000000e+00	0.000000e+00	0.000000e+00
9.000000e+01	9.600000e+01	4.200000e+01	4.800000e+01	0.000000e+00	0.000000e+00	0.000000e+00
9.000000e+01	9.600000e+01	4.800000e+01	5.400000e+01	0.000000e+00	0.000000e+00	0.000000e+00
9.000000e+01	9.600000e+01	5.400000e+01	6.000000e+01	0.000000e+00	0.000000e+00	0.000000e+00
9.000000e+01	9.600000e+01	6.000000e+01	6.600000e+01	0.000000e+00	0.000000e+00	0.000000e+00
9.000000e+01	9.600000e+01	6.600000e+01	7.200000e+01	0.000000e+00	0.000000e+00	0.000000e+00
9.000000e+01	9.600000e+01	7.200000e+01	7.800000e+01	0.000000e+00	0.000000e+00	0.000000e+00
9.000000e+01	9.600000e+01	7.800000e+01	8.400000e+01	0.000000e+00	0.000000e+00	0.000000e+00
9.000000e+01	9.600000e+01	8.400000e+01	9.000000e+01	2.047510e-08	8.704827e-09	8.704827e-09
9.000000e+01	9.600000e+01	9.000000e+01	9.600000e+01	4.591006e-07	3.502814e-07	3.502814e-07
9.000000e+01	9.600000e+01	9.600000e+01	1.020000e+02	7.130442e-07	4.876824e-07	4.876824e-07
9.000000e+01	9.600000e+01	1.020000e+02	1.080000e+02	3.723378e-08	1.223849e-08	1.223849e-08
9.000000e+01	9.600000e+01	1.080000e+02	1.140000e+02	7.095931e-07	4.876636e-07	4.876636e-07
9.000000e+01	9.600000e+01	1.140000e+02	1.200000e+02	1.399629e-06	6.896063e-07	6.896063e-07
9.000000e+01	9.600000e+01	1.200000e+02	1.260000e+02	7.471978e-07	4.878342e-07	4.878342e-07
9.000000e+01	9.600000e+01	1.260000e+02	1.320000e+02	2.496232e-06	9.132998e-07	9.132998e-07
9.000000e+01	9.600000e+01	1.320000e+02	1.380000e+02	8.480069e-08	4.511739e-08	4.511739e-08
9.000000e+01	9.600000e+01	1.380000e+02	1.440000e+02	3.538814e-07	3.448296e-07	3.448296e-07
9.000000e+01	9.600000e+01	1.440000e+02	1.500000e+02	1.007526e-08	6.143916e-09	6.143916e-09
9.000000e+01	9.600000e+01	1.500000e+02	1.560000e+02	1.052159e-06	5.972313e-07	5.972313e-07
9.000000e+01	9.600000e+01	1.560000e+02	1.620000e+02	1.061465e-08	6.921350e-09	6.921350e-09
9.000000e+01	9.600000e+01	1.620000e+02	1.680000e+02	1.040254e-06	5.971854e-07	5.971854e-07
9.000000e+01	9.600000e+01	1.680000e+02	1.740000e+02	0.000000e+00	0.000000e+00	0.000000e+00
9.000000e+01	9.600000e+01	1.740000e+02	1.800000e+02	0.000000e+00	0.000000e+00	0.000000e+00
9.600000e+01	1.020000e+02	0.000000e+00	6.000000e+00	0.000000e+00	0.000000e+00	0.000000e+00
9.600000e+01	1.020000e+02	6.000000e+00	1.200000e+01	0.000000e+00	0.000000e+00	0.000000e+00
9.600000e+01	1.020000e+02	1.200000e+01	1.800000e+01	0.000000e+00	0.000000e+00	0.000000e+00
9.600000e+01	1.020000e+02	1.800000e+01	2.400000e+01	0.000000e+00	0.000000e+00	0.000000e+00
9.600000e+01	1.020000e+02	2.400000e+01	3.000000e+01	0.000000e+00	0.000000e+00	0.000000e+00
9.600000e+01	1.020000e+02	3.000000e+01	3.600000e+01	0.000000e+00	0.000000e+00	0.000000e+00
9.600000e+01	1.020000e+02	3.600000e+01	4.200000e+01	0.000000e+00	0.000000e+00	0.000000e+00
9.600000e+01	1.020000e+02	4.200000e+01	4.800000e+01	0.000000e+00	0.000000e+00	0.000000e+00
9.600000e+01	1.020000e+02	4.800000e+01	5.400000e+01	0.000000e+00	0.000000e+00	0.000000e+00
9.600000e+01	1.020000e+02	5.400000e+01	6.000000e+01	0.000000e+00	0.000000e+00	0.000000e+00
9.600000e+01	1.020000e+02	6.000000e+01	6.600000e+01	0.000000e+00	0.000000e+00	0.000000e+00
9.600000e+01	1.020000e+02	6.600000e+01	7.200000e+01	0.000000e+00	0.000000e+00	0.000000e+00
9.600000e+01	1.020000e+02	7.200000e+01	7.800000e+01	0.000000e+00	0.000000e+00	0.000000e+00
9.600000e+01	1.020000e+02	7.800000e+01	8.400000e+01	0.000000e+00	0.000000e+00	0.000000e+00
9.600000e+01	1.020000e+02	8.400000e+01	9.000000e+01	4.121694e-07	3.476080e-07	3.476080e-07
9.600000e+01	1.020000e+02	9.000000e+01	9.600000e+01	2.043268e-08	8.689650e-09	8.689650e-09
9.600000e+01	1.020000e+02	9.600000e+01	1.020000e+02	7.083614e-07	4.876631e-07	4.876631e-07
9.600000e+01	1.020000e+02	1.020000e+02	1.080000e+02	5.221803e-08	1.470591e-08	1.470591e-08
9.600000e+01	1.020000e+02	1.080000e+02	1.140000e+02	1.057924e-06	5.972474e-07	5.972474e-07
9.600000e+01	1.020000e+02	1.140000e+02	1.200000e+02	7.126703e-07	4.876821e-07	4.876821e-07
9.600000e+01	1.020000e+02	1.200000e+02	1.260000e+02	3.827197e-06	1.143558e-06	1.143558e-06
9.600000e+01	1.020000e+02	1.260000e+02	1.320000e+02	2.508759e-06	9.133268e-07	9.133268e-07
9.600000e+01	1.020000e+02	1.320000e+02	1.380000e+02	1.070262e-06	5.972938e-07	5.972938e-07
9.600000e+01	1.020000e+02	1.380000e+02	1.440000e+02	7.032886e-07	4.876437e-07	4.876437e-07
9.600000e+01	1.020000e+02	1.440000e+02	1.500000e+02	4.799250e-09	4.312726e-09	4.312726e-09
9.600000e+01	1.020000e+02	1.500000e+02	1.560000e+02	3.549050e-07	3.448304e-07	3.448304e-07
9.600000e+01	1.020000e+02	1.560000e+02	1.620000e+02	6.538619e-10	1.867380e-10	1.867380e-10
9.600000e+01	1.020000e+02	1.620000e+02	1.680000e+02	4.417447e-09	4.310370e-09	4.310370e-09
9.600000e+01	1.020000e+02	1.680000e+02	1.740000e+02	0.000000e+00	0.000000e+00	0.000000e+00
9.600000e+01	1.020000e+02	1.740000e+02	1.800000e+02	0.000000e+00	0.000000e+00	0.000000e+00
1.020000e+02	1.080000e+02	0.000000e+00	6.000000e+00	0.000000e+00	0.000000e+00	0.000000e+00
1.020000e+02	1.080000e+02	6.000000e+00	1.200000e+01	0.000000e+00	0.000000e+00	0.000000e+00
1.020000e+02	1.080000e+02	1.200000e+01	1.800000e+01	0.000000e+00	0.000000e+00	0.000000e+00
1.020000e+02	1.080000e+02	1.800000e+01	2.400000e+01	0.000000e+00	0.000000e+00	0.000000e+00
1.020000e+02	1.080000e+02	2.400000e+01	3.000000e+01	0.000000e+00	0.000000e+00	0.000000e+00
1.020000e+02	1.080000e+02	3.000000e+01	3.600000e+01	0.000000e+00	0.000000e+00	0.000000e+00
1.020000e+02	1.080000e+02	3.600000e+01	4.200000e+01	0.000000e+00	0.000000e+00	0.000000e+00
1.020000e+02	1.080000e+02	4.200000e+01	4.800000e+01	0.000000e+00	0.000000e+00	0.000000e+00
1.020000e+02	1.080000e+02	4.800000e+01	5.400000e+01	0.000000e+00	0.000000e+00	0.000000e+00
1.020000e+02	1.080000e+02	5.400000e+01	6.000000e+01	0.000000e+00	0.000000e+00	0.000000e+00
1.020000e+02	1.080000e+02	6.000000e+01	6.600000e+01	0.000000e+00	0.000000e+00	0.000000e+00
1.020000e+02	1.080000e+02	6.600000e+01	7.200000e+01	0.000000e+00	0.000000e+00	0.000000e+00
1.020000e+02	1.080000e+02	7.200000e+01	7.800000e+01	0.000000e+00	0.000000e+00	0.000000e+00
1.020000e+02	1.080000e+02	7.800000e+01	8.400000e+01	0.000000e+00	0.000000e+00	0.000000e+00
1.020000e+02	1.080000e+02	8.400000e+01	9.000000e+01	2.790867e-08	1.058648e-08	1.058648e-08
1.020000e+02	1.080000e+02	9.000000e+01	9.600000e+01	4.586622e-07	3.502811e-07	3.502811e-07
1.020000e+02	1.080000e+02	9.600000e+01	1.020000e+02	7.253928e-07	4.877393e-07	4.877393e-07
1.020000e+02	1.080000e+02	1.020000e+02	1.080000e+02	1.066385e-06	5.972785e-07	5.972785e-07
1.020000e+02	1.080000e+02	1.080000e+02	1.140000e+02	1.761059e-06	7.710390e-07	7.710390e-07
1.020000e+02	1.080000e+02	1.140000e+02	1.200000e+02	3.477197e-06	1.090329e-06	1.090329e-06
1.020000e+02	1.080000e+02	1.200000e+02	1.260000e+02	3.566028e-06	1.092038e-06	1.092038e-06
1.020000e+02	1.080000e+02	1.260000e+02	1.320000e+02	2.489074e-06	9.123645e-07	9.123645e-07
1.020000e+02	1.080000e+02	1.320000e+02	1.380000e+02	1.075110e-06	5.973096e-07	5.973096e-07
1.020000e+02	1.080000e+02	1.380000e+02	1.440000e+02	7.205828e-07	4.877199e-07	4.877199e-07
1.020000e+02	1.080000e+02	1.440000e+02	1.500000e+02	7.036672e-07	4.876440e-07	4.876440e-07
1.020000e+02	1.080000e+02	1.500000e+02	1.560000e+02	3.633633e-07	3.448987e-07	3.448987e-07
1.020000e+02	1.080000e+02	1.560000e+02	1.620000e+02	4.701611e-09	4.312063e-09	4.312063e-09
1.020000e+02	1.080000e+02	1.620000e+02	1.680000e+02	3.503797e-07	3.448179e-07	3.448179e-07
1.020000e+02	1.080000e+02	1.680000e+02	1.740000e+02	0.000000e+00	0.000000e+00	0.000000e+00
1.020000e+02	1.080000e+02	1.740000e+02	1.800000e+02	0.000000e+00	0.000000e+00	0.000000e+00
1.080000e+02	1.140000e+02	0.000000e+00	6.000000e+00	0.000000e+00	0.000000e+00	0.000000e+00
1.080000e+02	1.140000e+02	6.000000e+00	1.200000e+01	0.000000e+00	0.000000e+00	0.000000e+00
1.080000e+02	1.140000e+02	1.200000e+01	1.800000e+01	0.000000e+00	0.000000e+00	0.000000e+00
1.080000e+02	1.140000e+02	1.800000e+01	2.400000e+01	0.000000e+00	0.000000e+00	0.000000e+00
1.080000e+02	1.140000e+02	2.400000e+01	3.000000e+01	0.000000e+00	0.000000e+00	0.000000e+00
1.080000e+02	1.140000e+02	3.000000e+01	3.600000e+01	0.000000e+00	0.000000e+00	0.000000e+00
1.080000e+02	1.140000e+02	3.600000e+01	4.200000e+01	0.000000e+00	0.000000e+00	0.000000e+00
1.080000e+02	1.140000e+02	4.200000e+01	4.800000e+01	0.000000e+00	0.000000e+00	0.000000e+00
1.080000e+02	1.140000e+02	4.800000e+01	5.400000e+01	0.000000e+00	0.000000e+00	0.000000e+00
1.080000e+02	1.140000e+02	5.400000e+01	6.000000e+01	0.000000e+00	0.000000e+00	0.000000e+00
1.080000e+02	1.140000e+02	6.000000e+01	6.600000e+01	0.000000e+00	0.000000e+00	0.000000e+00
1.080000e+02	1.140000e+02	6.600000e+01	7.200000e+01	0.000000e+00	0.000000e+00	0.000000e+00
1.080000e+02	1.140000e+02	7.200000e+01	7.800000e+01	0.000000e+00	0.000000e+00	0.000000e+00
1.080000e+02	1.140000e+02	7.800000e+01	8.400000e+01	0.000000e+00	0.000000e+00	0.000000e+00
1.080000e+02	1.140000e+02	8.400000e+01	9.000000e+01	7.913883e-08	4.479154e-08	4.479154e-08
1.080000e+02	1.140000e+02	9.000000e+01	9.600000e+01	3.351936e-08	1.187882e-08	1.187882e-08
1.080000e+02	1.140000e+02	9.600000e+01	1.020000e+02	1.463978e-06	6.910258e-07	6.910258e-07
1.080000e+02	1.140000e+02	1.020000e+02	1.080000e+02	3.887092e-07	3.450498e-07	3.450498e-07
1.080000e+02	1.140000e+02	1.080000e+02	1.140000e+02	1.429273e-06	6.897075e-07	6.897075e-07
1.080000e+02	1.140000e+02	1.140000e+02	1.200000e+02	7.745128e-06	1.618382e-06	1.618382e-06
1.080000e+02	1.140000e+02	1.200000e+02	1.260000e+02	1.210832e-05	2.039762e-06	2.039762e-06
1.080000e+02	1.140000e+02	1.260000e+02	1.320000e+02	1.078988e-05	1.920177e-06	1.920177e-06
1.080000e+02	1.140000e+02	1.320000e+02	1.380000e+02	7.312267e-06	1.580587e-06	1.580587e-06
1.080000e+02	1.140000e+02	1.380000e+02	1.440000e+02	1.401353e-06	6.896188e-07	6.896188e-07
1.080000e+02	1.140000e+02	1.440000e+02	1.500000e+02	1.044242e-06	5.972005e-07	5.972005e-07
1.080000e+02	1.140000e+02	1.500000e+02	1.560000e+02	2.440663e-06	9.122524e-07	9.122524e-07
1.080000e+02	1.140000e+02	1.560000e+02	1.620000e+02	1.072104e-08	6.167960e-09	6.167960e-09
1.080000e+02	1.140000e+02	1.620000e+02	1.680000e+02	1.384490e-08	7.485385e-09	7.485385e-09
1.080000e+02	1.140000e+02	1.680000e+02	1.740000e+02	0.000000e+00	0.000000e+00	0.000000e+00
1.080000e+02	1.140000e+02	1.740000e+02	1.800000e+02	0.000000e+00	0.000000e+00	0.000000e+00
1.140000e+02	1.200000e+02	0.000000e+00	6.000000e+00	0.000000e+00	0.000000e+00	0.000000e+00
1.140000e+02	1.200000e+02	6.000000e+00	1.200000e+01	0.000000e+00	0.000000e+00	0.000000e+00
1.140000e+02	1.200000e+02	1.200000e+01	1.800000e+01	0.000000e+00	0.000000e+00	0.000000e+00
1.140000e+02	1.200000e+02	1.800000e+01	2.400000e+01	0.000000e+00	0.000000e+00	0.000000e+00
1.140000e+02	1.200000e+02	2.400000e+01	3.000000e+01	0.000000e+00	0.000000e+00	0.000000e+00
1.140000e+02	1.200000e+02	3.000000e+01	3.600000e+01	0.000000e+00	0.000000e+00	0.000000e+00
1.140000e+02	1.200000e+02	3.600000e+01	4.200000e+01	0.000000e+00	0.000000e+00	0.000000e+00
1.140000e+02	1.200000e+02	4.200000e+01	4.800000e+01	0.000000e+00	0.000000e+00	0.000000e+00
1.140000e+02	1.200000e+02	4.800000e+01	5.400000e+01	0.000000e+00	0.000000e+00	0.000000e+00
1.140000e+02	1.200000e+02	5.400000e+01	6.000000e+01	0.000000e+00	0.000000e+00	0.000000e+00
1.140000e+02	1.200000e+02	6.000000e+01	6.600000e+01	0.000000e+00	0.000000e+00	0.000000e+00
1.140000e+02	1.200000e+02	6.600000e+01	7.200000e+01	0.000000e+00	0.000000e+00	0.000000e+00
1.140000e+02	1.200000e+02	7.200000e+01	7.800000e+01	0.000000e+00	0.000000e+00	0.000000e+00
1.140000e+02	1.200000e+02	7.800000e+01	8.400000e+01	0.000000e+00	0.000000e+00	0.000000e+00
1.140000e+02	1.200000e+02	8.400000e+01	9.000000e+01	1.005856e-07	4.581641e-08	4.581641e-08
1.140000e+02	1.200000e+02	9.000000e+01	9.600000e+01	1.508299e-06	6.911605e-07	6.911605e-07
1.140000e+02	1.200000e+02	9.600000e+01	1.020000e+02	1.503950e-06	6.911471e-07	6.911471e-07
1.140000e+02	1.200000e+02	1.020000e+02	1.080000e+02	1.167938e-06	5.990419e-07	5.990419e-07
1.140000e+02	1.200000e+02	1.080000e+02	1.140000e+02	1.088025e-05	1.920714e-06	1.920714e-06
1.140000e+02	1.200000e+02	1.140000e+02	1.200000e+02	1.609204e-05	2.339666e-06	2.339666e-06
1.140000e+02	1.200000e+02	1.200000e+02	1.260000e+02	3.172439e-05	3.289942e-06	3.289942e-06
1.140000e+02	1.200000e+02	1.260000e+02	1.320000e+02	2.987333e-05	3.197728e-06	3.197728e-06
1.140000e+02	1.200000e+02	1.320000e+02	1.380000e+02	1.350896e-05	2.153184e-06	2.153184e-06
1.140000e+02	1.200000e+02	1.380000e+02	1.440000e+02	9.126008e-06	1.759167e-06	1.759167e-06
1.140000e+02	1.200000e+02	1.440000e+02	1.500000e+02	5.961081e-06	1.422285e-06	1.422285e-06
1.140000e+02	1.200000e+02	1.500000e+02	1.560000e+02	4.186017e-06	1.194424e-06	1.194424e-06
1.140000e+02	1.200000e+02	1.560000e+02	1.620000e+02	2.431748e-06	9.122317e-07	9.122317e-07
1.140000e+02	1.200000e+02	1.620000e+02	1.680000e+02	1.384114e-06	6.895652e-07	6.895652e-07
1.140000e+02	1.200000e+02	1.680000e+02	1.740000e+02	0.000000e+00	0.000000e+00	0.000000e+00
1.140000e+02	1.200000e+02	1.740000e+02	1.800000e+02	0.000000e+00	0.000000e+00	0.000000e+00
1.200000e+02	1.260000e+02	0.000000e+00	6.000000e+00	0.000000e+00	0.000000e+00	0.000000e+00
1.200000e+02	1.260000e+02	6.000000e+00	1.200000e+01	0.000000e+00	0.000000e+00	0.000000e+00
1.200000e+02	1.260000e+02	1.200000e+01	1.800000e+01	0.000000e+00	0.000000e+00	0.000000e+00
1.200000e+02	1.260000e+02	1.800000e+01	2.400000e+01	0.000000e+00	0.000000e+00	0.000000e+00
1.200000e+02	1.260000e+02	2.400000e+01	3.000000e+01	0.000000e+00	0.000000e+00	0.000000e+00
1.200000e+02	1.260000e+02	3.000000e+01	3.600000e+01	0.000000e+00	0.000000e+00	0.000000e+00
1.200000e+02	1.260000e+02	3.600000e+01	4.200000e+01	0.000000e+00	0.000000e+00	0.000000e+00
1.200000e+02	1.260000e+02	4.200000e+01	4.800000e+01	0.000000e+00	0.000000e+00	0.000000e+00
1.200000e+02	1.260000e+02	4.800000e+01	5.400000e+01	0.000000e+00	0.000000e+00	0.000000e+00
1.200000e+02	1.260000e+02	5.400000e+01	6.000000e+01	0.000000e+00	0.000000e+00	0.000000e+00
1.200000e+02	1.260000e+02	6.000000e+01	6.600000e+01	0.000000e+00	0.000000e+00	0.000000e+00
1.200000e+02	1.260000e+02	6.600000e+01	7.200000e+01	0.000000e+00	0.000000e+00	0.000000e+00
1.200000e+02	1.260000e+02	7.200000e+01	7.800000e+01	0.000000e+00	0.000000e+00	0.000000e+00
1.200000e+02	1.260000e+02	7.800000e+01	8.400000e+01	0.000000e+00	0.000000e+00	0.000000e+00
1.200000e+02	1.260000e+02	8.400000e+01	9.000000e+01	1.457987e-06	6.897964e-07	6.897964e-07
1.200000e+02	1.260000e+02	9.000000e+01	9.600000e+01	1.752610e-06	6.979319e-07	6.979319e-07
1.200000e+02	1.260000e+02	9.600000e+01	1.020000e+02	3.963861e-06	1.144540e-06	1.144540e-06
1.200000e+02	1.260000e+02	1.020000e+02	1.080000e+02	6.446892e-06	1.464251e-06	1.464251e-06
1.200000e+02	1.260000e+02	1.080000e+02	1.140000e+02	1.539328e-05	2.287556e-06	2.287556e-06
1.200000e+02	1.260000e+02	1.140000e+02	1.200000e+02	4.138575e-05	3.761930e-06	3.761930e-06
1.200000e+02	1.260000e+02	1.200000e+02	1.260000e+02	6.915175e-05	4.864757e-06	4.864757e-06
1.200000e+02	1.260000e+02	1.260000e+02	1.320000e+02	5.672094e-05	4.402626e-06	4.402626e-06
1.200000e+02	1.260000e+02	1.320000e+02	1.380000e+02	3.267789e-05	3.343148e-06	3.343148e-06
1.200000e+02	1.260000e+02	1.380000e+02	1.440000e+02	1.529296e-05	2.287463e-06	2.287463e-06
1.200000e+02	1.260000e+02	1.440000e+02	1.500000e+02	8.440072e-06	1.690248e-06	1.690248e-06
1.200000e+02	1.260000e+02	1.500000e+02	1.560000e+02	3.513056e-06	1.090404e-06	1.090404e-06
1.200000e+02	1.260000e+02	1.560000e+02	1.620000e+02	5.574700e-06	1.379191e-06	1.379191e-06
1.200000e+02	1.260000e+02	1.620000e+02	1.680000e+02	1.496383e-06	6.923339e-07	6.923339e-07
1.200000e+02	1.260000e+02	1.680000e+02	1.740000e+02	0.000000e+00	0.000000e+00	0.000000e+00
1.200000e+02	1.260000e+02	1.740000e+02	1.800000e+02	0.000000e+00	0.000000e+00	0.000000e+00
1.260000e+02	1.320000e+02	0.000000e+00	6.000000e+00	0.000000e+00	0.000000e+00	0.000000e+00
1.260000e+02	1.320000e+02	6.000000e+00	1.200000e+01	0.000000e+00	0.000000e+00	0.000000e+00
1.260000e+02	1.320000e+02	1.200000e+01	1.800000e+01	0.000000e+00	0.000000e+00	0.000000e+00
1.260000e+02	1.320000e+02	1.800000e+01	2.400000e+01	0.000000e+00	0.000000e+00	0.000000e+00
1.260000e+02	1.320000e+02	2.400000e+01	3.000000e+01	0.000000e+00	0.000000e+00	0.000000e+00
1.260000e+02	1.320000e+02	3.000000e+01	3.600000e+01	0.000000e+00	0.000000e+00	0.000000e+00
1.260000e+02	1.320000e+02	3.600000e+01	4.200000e+01	0.000000e+00	0.000000e+00	0.000000e+00
1.260000e+02	1.320000e+02	4.200000e+01	4.800000e+01	0.000000e+00	0.000000e+00	0.000000e+00
1.260000e+02	1.320000e+02	4.800000e+01	5.400000e+01	0.000000e+00	0.000000e+00	0.000000e+00
1.260000e+02	1.320000e+02	5.400000e+01	6.000000e+01	0.000000e+00	0.000000e+00	0.000000e+00
1.260000e+02	1.320000e+02	6.000000e+01	6.600000e+01	0.000000e+00	0.000000e+00	0.000000e+00
1.260000e+02	1.320000e+02	6.600000e+01	7.200000e+01	0.000000e+00	0.000000e+00	0.000000e+00
1.260000e+02	1.320000e+02	7.200000e+01	7.800000e+01	0.000000e+00	0.000000e+00	0.000000e+00
1.260000e+02	1.320000e+02	7.800000e+01	8.400000e+01	0.000000e+00	0.000000e+00	0.000000e+00
1.260000e+02	1.320000e+02	8.400000e+01	9.000000e+01	1.890506e-06	7.724830e-07	7.724830e-07
1.260000e+02	1.320000e+02	9.000000e+01	9.600000e+01	2.986753e-06	9.773906e-07	9.773906e-07
1.260000e+02	1.320000e+02	9.600000e+01	1.020000e+02	2.907869e-06	9.772094e-07	9.772094e-07
1.260000e+02	1.320000e+02	1.020000e+02	1.080000e+02	7.408372e-06	1.580714e-06	1.580714e-06
1.260000e+02	1.320000e+02	1.080000e+02	1.140000e+02	1.417537e-05	2.182463e-06	2.182463e-06
1.260000e+02	1.320000e+02	1.140000e+02	1.200000e+02	4.345936e-05	3.855561e-06	3.855561e-06
1.260000e+02	1.320000e+02	1.200000e+02	1.260000e+02	6.144103e-05	4.587501e-06	4.587501e-06
1.260000e+02	1.320000e+02	1.260000e+02	1.320000e+02	6.050386e-05	4.549065e-06	4.549065e-06
1.260000e+02	1.320000e+02	1.320000e+02	1.380000e+02	3.298239e-05	3.360851e-06	3.360851e-06
1.260000e+02	1.320000e+02	1.380000e+02	1.440000e+02	1.158259e-05	1.981650e-06	1.981650e-06
1.260000e+02	1.320000e+02	1.440000e+02	1.500000e+02	1.020316e-05	1.858259e-06	1.858259e-06
1.260000e+02	1.320000e+02	1.500000e+02	1.560000e+02	5.250631e-06	1.335436e-06	1.335436e-06
1.260000e+02	1.320000e+02	1.560000e+02	1.620000e+02	4.217850e-06	1.194479e-06	1.194479e-06
1.260000e+02	1.320000e+02	1.620000e+02	1.680000e+02	2.784494e-06	9.752303e-07	9.752303e-07
1.260000e+02	1.320000e+02	1.680000e+02	1.740000e+02	0.000000e+00	0.000000e+00	0.000000e+00
1.260000e+02	1.320000e+02	1.740000e+02	1.800000e+02	0.000000e+00	0.000000e+00	0.000000e+00
1.320000e+02	1.380000e+02	0.000000e+00	6.000000e+00	0.000000e+00	0.000000e+00	0.000000e+00
1.320000e+02	1.380000e+02	6.000000e+00	1.200000e+01	0.000000e+00	0.000000e+00	0.000000e+00
1.320000e+02	1.380000e+02	1.200000e+01	1.800000e+01	0.000000e+00	0.000000e+00	0.000000e+00
1.320000e+02	1.380000e+02	1.800000e+01	2.400000e+01	0.000000e+00	0.000000e+00	0.000000e+00
1.320000e+02	1.380000e+02	2.400000e+01	3.000000e+01	0.000000e+00	0.000000e+00	0.000000e+00
1.320000e+02	1.380000e+02	3.000000e+01	3.600000e+01	0.000000e+00	0.000000e+00	0.000000e+00
1.320000e+02	1.380000e+02	3.600000e+01	4.200000e+01	0.000000e+00	0.000000e+00	0.000000e+00
1.320000e+02	1.380000e+02	4.200000e+01	4.800000e+01	0.000000e+00	0.000000e+00	0.000000e+00
1.320000e+02	1.380000e+02	4.800000e+01	5.400000e+01	0.000000e+00	0.000000e+00	0.000000e+00
1.320000e+02	1.380000e+02	5.400000e+01	6.000000e+01	0.000000e+00	0.000000e+00	0.000000e+00
1.320000e+02	1.380000e+02	6.000000e+01	6.600000e+01	0.000000e+00	0.000000e+00	0.000000e+00
1.320000e+02	1.380000e+02	6.600000e+01	7.200000e+01	0.000000e+00	0.000000e+00	0.000000e+00
1.320000e+02	1.380000e+02	7.200000e+01	7.800000e+01	0.000000e+00	0.000000e+00	0.000000e+00
1.320000e+02	1.380000e+02	7.800000e+01	8.400000e+01	0.000000e+00	0.000000e+00	0.000000e+00
1.320000e+02	1.380000e+02	8.400000e+01	9.000000e+01	3.809347e-07	3.449921e-07	3.449921e-07
1.320000e+02	1.380000e+02	9.000000e+01	9.600000e+01	4.783253e-07	3.480098e-07	3.480098e-07
1.320000e+02	1.380000e+02	9.600000e+01	1.020000e+02	1.209320e-06	6.005812e-07	6.005812e-07
1.320000e+02	1.380000e+02	1.020000e+02	1.080000e+02	2.513101e-06	9.124211e-07	9.124211e-07
1.320000e+02	1.380000e+02	1.080000e+02	1.140000e+02	1.115188e-05	1.950475e-06	1.950475e-06
1.320000e+02	1.380000e+02	1.140000e+02	1.200000e+02	2.638219e-05	3.006089e-06	3.006089e-06
1.320000e+02	1.380000e+02	1.200000e+02	1.260000e+02	4.145394e-05	3.762190e-06	3.762190e-06
1.320000e+02	1.380000e+02	1.260000e+02	1.320000e+02	3.759642e-05	3.584162e-06	3.584162e-06
1.320000e+02	1.380000e+02	1.320000e+02	1.380000e+02	2.290497e-05	2.801383e-06	2.801383e-06
1.320000e+02	1.380000e+02	1.380000e+02	1.440000e+02	1.078869e-05	1.919740e-06	1.919740e-06
1.320000e+02	1.380000e+02	1.440000e+02	1.500000e+02	6.928447e-06	1.541926e-06	1.541926e-06
1.320000e+02	1.380000e+02	1.500000e+02	1.560000e+02	5.251867e-06	1.336062e-06	1.336062e-06
1.320000e+02	1.380000e+02	1.560000e+02	1.620000e+02	4.526531e-06	1.243181e-06	1.243181e-06
1.320000e+02	1.380000e+02	1.620000e+02	1.680000e+02	7.129856e-07	4.876927e-07	4.876927e-07
1.320000e+02	1.380000e+02	1.680000e+02	1.740000e+02	0.000000e+00	0.000000e+00	0.000000e+00
1.320000e+02	1.380000e+02	1.740000e+02	1.800000e+02	0.000000e+00	0.000000e+00	0.000000e+00
1.380000e+02	1.440000e+02	0.000000e+00	6.000000e+00	0.000000e+00	0.000000e+00	0.000000e+00
1.380000e+02	1.440000e+02	6.000000e+00	1.200000e+01	0.000000e+00	0.000000e+00	0.000000e+00
1.380000e+02	1.440000e+02	1.200000e+01	1.800000e+01	0.000000e+00	0.000000e+00	0.000000e+00
1.380000e+02	1.440000e+02	1.800000e+01	2.400000e+01	0.000000e+00	0.000000e+00	0.000000e+00
1.380000e+02	1.440000e+02	2.400000e+01	3.000000e+01	0.000000e+00	0.000000e+00	0.000000e+00
1.380000e+02	1.440000e+02	3.000000e+01	3.600000e+01	0.000000e+00	0.000000e+00	0.000000e+00
1.380000e+02	1.440000e+02	3.600000e+01	4.200000e+01	0.000000e+00	0.000000e+00	0.000000e+00
1.380000e+02	1.440000e+02	4.200000e+01	4.800000e+01	0.000000e+00	0.000000e+00	0.000000e+00
1.380000e+02	1.440000e+02	4.800000e+01	5.400000e+01	0.000000e+00	0.000000e+00	0.000000e+00
1.380000e+02	1.440000e+02	5.400000e+01	6.000000e+01	0.000000e+00	0.000000e+00	0.000000e+00
1.380000e+02	1.440000e+02	6.000000e+01	6.600000e+01	0.000000e+00	0.000000e+00	0.000000e+00
1.380000e+02	1.440000e+02	6.600000e+01	7.200000e+01	0.000000e+00	0.000000e+00	0.000000e+00
1.380000e+02	1.440000e+02	7.200000e+01	7.800000e+01	0.000000e+00	0.000000e+00	0.000000e+00
1.380000e+02	1.440000e+02	7.800000e+01	8.400000e+01	0.000000e+00	0.000000e+00	0.000000e+00
1.380000e+02	1.440000e+02	8.400000e+01	9.000000e+01	1.076408e-06	5.973185e-07	5.973185e-07
1.380000e+02	1.440000e+02	9.000000e+01	9.600000e+01	8.113206e-07	4.915325e-07	4.915325e-07
1.380000e+02	1.440000e+02	9.600000e+01	1.020000e+02	7.540522e-07	4.878547e-07	4.878547e-07
1.380000e+02	1.440000e+02	1.020000e+02	1.080000e+02	1.123763e-06	5.988866e-07	5.988866e-07
1.380000e+02	1.440000e+02	1.080000e+02	1.140000e+02	4.894056e-06	1.290141e-06	1.290141e-06
1.380000e+02	1.440000e+02	1.140000e+02	1.200000e+02	1.176453e-05	2.010415e-06	2.010415e-06
1.380000e+02	1.440000e+02	1.200000e+02	1.260000e+02	1.951394e-05	2.580885e-06	2.580885e-06
1.380000e+02	1.440000e+02	1.260000e+02	1.320000e+02	1.602728e-05	2.338894e-06	2.338894e-06
1.380000e+02	1.440000e+02	1.320000e+02	1.380000e+02	9.342147e-06	1.791544e-06	1.791544e-06
1.380000e+02	1.440000e+02	1.380000e+02	1.440000e+02	5.291344e-06	1.336125e-06	1.336125e-06
1.380000e+02	1.440000e+02	1.440000e+02	1.500000e+02	4.173186e-06	1.194401e-06	1.194401e-06
1.380000e+02	1.440000e+02	1.500000e+02	1.560000e+02	2.444408e-06	9.122621e-07	9.122621e-07
1.380000e+02	1.440000e+02	1.560000e+02	1.620000e+02	2.082400e-06	8.445576e-07	8.445576e-07
1.380000e+02	1.440000e+02	1.620000e+02	1.680000e+02	3.535028e-07	3.448296e-07	3.448296e-07
1.380000e+02	1.440000e+02	1.680000e+02	1.740000e+02	0.000000e+00	0.000000e+00	0.000000e+00
1.380000e+02	1.440000e+02	1.740000e+02	1.800000e+02	0.000000e+00	0.000000e+00	0.000000e+00
1.440000e+02	1.500000e+02	0.000000e+00	6.000000e+00	0.000000e+00	0.000000e+00	0.000000e+00
1.440000e+02	1.500000e+02	6.000000e+00	1.200000e+01	0.000000e+00	0.000000e+00	0.000000e+00
1.440000e+02	1.500000e+02	1.200000e+01	1.800000e+01	0.000000e+00	0.000000e+00	0.000000e+00
1.440000e+02	1.500000e+02	1.800000e+01	2.400000e+01	0.000000e+00	0.000000e+00	0.000000e+00
1.440000e+02	1.500000e+02	2.400000e+01	3.000000e+01	0.000000e+00	0.000000e+00	0.000000e+00
1.440000e+02	1.500000e+02	3.000000e+01	3.600000e+01	0.000000e+00	0.000000e+00	0.000000e+00
1.440000e+02	1.500000e+02	3.600000e+01	4.200000e+01	0.000000e+00	0.000000e+00	0.000000e+00
1.440000e+02	1.500000e+02	4.200000e+01	4.800000e+01	0.000000e+00	0.000000e+00	0.000000e+00
1.440000e+02	1.500000e+02	4.800000e+01	5.400000e+01	0.000000e+00	0.000000e+00	0.000000e+00
1.440000e+02	1.500000e+02	5.400000e+01	6.000000e+01	0.000000e+00	0.000000e+00	0.000000e+00
1.440000e+02	1.500000e+02	6.000000e+01	6.600000e+01	0.000000e+00	0.000000e+00	0.000000e+00
1.440000e+02	1.500000e+02	6.600000e+01	7.200000e+01	0.000000e+00	0.000000e+00	0.000000e+00
1.440000e+02	1.500000e+02	7.200000e+01	7.800000e+01	0.000000e+00	0.000000e+00	0.000000e+00
1.440000e+02	1.500000e+02	7.800000e+01	8.400000e+01	0.000000e+00	0.000000e+00	0.000000e+00
1.440000e+02	1.500000e+02	8.400000e+01	9.000000e+01	3.559822e-07	3.448453e-07	3.448453e-07
1.440000e+02	1.500000e+02	9.000000e+01	9.600000e+01	4.251064e-07	3.476881e-07	3.476881e-07
1.440000e+02	1.500000e+02	9.600000e+01	1.020000e+02	4.169128e-07	3.476210e-07	3.476210e-07
1.440000e+02	1.500000e+02	1.020000e+02	1.080000e+02	1.753032e-06	7.710150e-07	7.710150e-07
1.440000e+02	1.500000e+02	1.080000e+02	1.140000e+02	1.395212e-06	6.895999e-07	6.895999e-07
1.440000e+02	1.500000e+02	1.140000e+02	1.200000e+02	6.643731e-06	1.503529e-06	1.503529e-06
1.440000e+02	1.500000e+02	1.200000e+02	1.260000e+02	1.046940e-05	1.888555e-06	1.888555e-06
1.440000e+02	1.500000e+02	1.260000e+02	1.320000e+02	9.796697e-06	1.825009e-06	1.825009e-06
1.440000e+02	1.500000e+02	1.320000e+02	1.380000e+02	5.942317e-06	1.421672e-06	1.421672e-06
1.440000e+02	1.500000e+02	1.380000e+02	1.440000e+02	2.849581e-06	9.762294e-07	9.762294e-07
1.440000e+02	1.500000e+02	1.440000e+02	1.500000e+02	2.428031e-06	9.122215e-07	9.122215e-07
1.440000e+02	1.500000e+02	1.500000e+02	1.560000e+02	7.428914e-07	4.895260e-07	4.895260e-07
1.440000e+02	1.500000e+02	1.560000e+02	1.620000e+02	1.152372e-06	6.003801e-07	6.003801e-07
1.440000e+02	1.500000e+02	1.620000e+02	1.680000e+02	9.912303e-09	6.899722e-09	6.899722e-09
1.440000e+02	1.500000e+02	1.680000e+02	1.740000e+02	0.000000e+00	0.000000e+00	0.000000e+00
1.440000e+02	1.500000e+02	1.740000e+02	1.800000e+02	0.000000e+00	0.000000e+00	0.000000e+00
1.500000e+02	1.560000e+02	0.000000e+00	6.000000e+00	0.000000e+00	0.000000e+00	0.000000e+00
1.500000e+02	1.560000e+02	6.000000e+00	1.200000e+01	0.000000e+00	0.000000e+00	0.000000e+00
1.500000e+02	1.560000e+02	1.200000e+01	1.800000e+01	0.000000e+00	0.000000e+00	0.000000e+00
1.500000e+02	1.560000e+02	1.800000e+01	2.400000e+01	0.000000e+00	0.000000e+00	0.000000e+00
1.500000e+02	1.560000e+02	2.400000e+01	3.000000e+01	0.000000e+00	0.000000e+00	0.000000e+00
1.500000e+02	1.560000e+02	3.000000e+01	3.600000e+01	0.000000e+00	0.000000e+00	0.000000e+00
1.500000e+02	1.560000e+02	3.600000e+01	4.200000e+01	0.000000e+00	0.000000e+00	0.000000e+00
1.500000e+02	1.560000e+02	4.200000e+01	4.800000e+01	0.000000e+00	0.000000e+00	0.000000e+00
1.500000e+02	1.560000e+02	4.800000e+01	5.400000e+01	0.000000e+00	0.000000e+00	0.000000e+00
1.500000e+02	1.560000e+02	5.400000e+01	6.000000e+01	0.000000e+00	0.000000e+00	0.000000e+00
1.500000e+02	1.560000e+02	6.000000e+01	6.600000e+01	0.000000e+00	0.000000e+00	0.000000e+00
1.500000e+02	1.560000e+02	6.600000e+01	7.200000e+01	0.000000e+00	0.000000e+00	0.000000e+00
1.500000e+02	1.560000e+02	7.200000e+01	7.800000e+01	0.000000e+00	0.000000e+00	0.000000e+00
1.500000e+02	1.560000e+02	7.800000e+01	8.400000e+01	0.000000e+00	0.000000e+00	0.000000e+00
1.500000e+02	1.560000e+02	8.400000e+01	9.000000e+01	2.139579e-08	8.722648e-09	8.722648e-09
1.500000e+02	1.560000e+02	9.000000e+01	9.600000e+01	4.245050e-07	3.476739e-07	3.476739e-07
1.500000e+02	1.560000e+02	9.600000e+01	1.020000e+02	6.911164e-07	4.875869e-07	4.875869e-07
1.500000e+02	1.560000e+02	1.020000e+02	1.080000e+02	7.993417e-07	4.914862e-07	4.914862e-07
1.500000e+02	1.560000e+02	1.080000e+02	1.140000e+02	7.046517e-07	4.876443e-07	4.876443e-07
1.500000e+02	1.560000e+02	1.140000e+02	1.200000e+02	6.239097e-06	1.462804e-06	1.462804e-06
1.500000e+02	1.560000e+02	1.200000e+02	1.260000e+02	3.525819e-06	1.090422e-06	1.090422e-06
1.500000e+02	1.560000e+02	1.260000e+02	1.320000e+02	6.645506e-06	1.503532e-06	1.503532e-06
1.500000e+02	1.560000e+02	1.320000e+02	1.380000e+02	4.189133e-06	1.194433e-06	1.194433e-06
1.500000e+02	1.560000e+02	1.380000e+02	1.440000e+02	3.561372e-06	1.092030e-06	1.092030e-06
1.500000e+02	1.560000e+02	1.440000e+02	1.500000e+02	7.237064e-07	4.877217e-07	4.877217e-07
1.500000e+02	1.560000e+02	1.500000e+02	1.560000e+02	8.061294e-07	4.915066e-07	4.915066e-07
1.500000e+02	1.560000e+02	1.560000e+02	1.620000e+02	1.039723e-06	5.971849e-07	5.971849e-07
1.500000e+02	1.560000e+02	1.620000e+02	1.680000e+02	1.794652e-08	8.636719e-09	8.636719e-09
1.500000e+02	1.560000e+02	1.680000e+02	1.740000e+02	0.000000e+00	0.000000e+00	0.000000e+00
1.500000e+02	1.560000e+02	1.740000e+02	1.800000e+02	0.000000e+00	0.000000e+00	0.000000e+00
1.560000e+02	1.620000e+02	0.000000e+00	6.000000e+00	0.000000e+00	0.000000e+00	0.000000e+00
1.560000e+02	1.620000e+02	6.000000e+00	1.200000e+01	0.000000e+00	0.000000e+00	0.000000e+00
1.560000e+02	1.620000e+02	1.200000e+01	1.800000e+01	0.000000e+00	0.000000e+00	0.000000e+00
1.560000e+02	1.620000e+02	1.800000e+01	2.400000e+01	0.000000e+00	0.000000e+00	0.000000e+00
1.560000e+02	1.620000e+02	2.400000e+01	3.000000e+01	0.000000e+00	0.000000e+00	0.000000e+00
1.560000e+02	1.620000e+02	3.000000e+01	3.600000e+01	0.000000e+00	0.000000e+00	0.000000e+00
1.560000e+02	1.620000e+02	3.600000e+01	4.200000e+01	0.000000e+00	0.000000e+00	0.000000e+00
1.560000e+02	1.620000e+02	4.200000e+01	4.800000e+01	0.000000e+00	0.000000e+00	0.000000e+00
1.560000e+02	1.620000e+02	4.800000e+01	5.400000e+01	0.000000e+00	0.000000e+00	0.000000e+00
1.560000e+02	1.620000e+02	5.400000e+01	6.000000e+01	0.000000e+00	0.000000e+00	0.000000e+00
1.560000e+02	1.620000e+02	6.000000e+01	6.600000e+01	0.000000e+00	0.000000e+00	0.000000e+00
1.560000e+02	1.620000e+02	6.600000e+01	7.200000e+01	0.000000e+00	0.000000e+00	0.000000e+00
1.560000e+02	1.620000e+02	7.200000e+01	7.800000e+01	0.000000e+00	0.000000e+00	0.000000e+00
1.560000e+02	1.620000e+02	7.800000e+01	8.400000e+01	0.000000e+00	0.000000e+00	0.000000e+00
1.560000e+02	1.620000e+02	8.400000e+01	9.000000e+01	3.515131e-07	3.448040e-07	3.448040e-07
1.560000e+02	1.620000e+02	9.000000e+01	9.600000e+01	7.435306e-07	4.895364e-07	4.895364e-07
1.560000e+02	1.620000e+02	9.600000e+01	1.020000e+02	8.150917e-08	4.480463e-08	4.480463e-08
1.560000e+02	1.620000e+02	1.020000e+02	1.080000e+02	7.017297e-07	4.876360e-07	4.876360e-07
1.560000e+02	1.620000e+02	1.080000e+02	1.140000e+02	1.080237e-06	5.973338e-07	5.973338e-07
1.560000e+02	1.620000e+02	1.140000e+02	1.200000e+02	2.851536e-06	9.762350e-07	9.762350e-07
1.560000e+02	1.620000e+02	1.200000e+02	1.260000e+02	3.931658e-06	1.145212e-06	1.145212e-06
1.560000e+02	1.620000e+02	1.260000e+02	1.320000e+02	3.324617e-06	1.038011e-06	1.038011e-06
1.560000e+02	1.620000e+02	1.320000e+02	1.380000e+02	2.449309e-06	9.122723e-07	9.122723e-07
1.560000e+02	1.620000e+02	1.380000e+02	1.440000e+02	1.795441e-06	7.722184e-07	7.722184e-07
1.560000e+02	1.620000e+02	1.440000e+02	1.500000e+02	7.179686e-09	4.446588e-09	4.446588e-09
1.560000e+02	1.620000e+02	1.500000e+02	1.560000e+02	3.976328e-07	3.475128e-07	3.475128e-07
1.560000e+02	1.620000e+02	1.560000e+02	1.620000e+02	4.455150e-08	1.400724e-08	1.400724e-08
1.560000e+02	1.620000e+02	1.620000e+02	1.680000e+02	9.597156e-09	6.120494e-09	6.120494e-09
1.560000e+02	1.620000e+02	1.680000e+02	1.740000e+02	0.000000e+00	0.000000e+00	0.000000e+00
1.560000e+02	1.620000e+02	1.740000e+02	1.800000e+02	0.000000e+00	0.000000e+00	0.000000e+00
1.620000e+02	1.680000e+02	0.000000e+00	6.000000e+00	0.000000e+00	0.000000e+00	0.000000e+00
1.620000e+02	1.680000e+02	6.000000e+00	1.200000e+01	0.000000e+00	0.000000e+00	0.000000e+00
1.620000e+02	1.680000e+02	1.200000e+01	1.800000e+01	0.000000e+00	0.000000e+00	0.000000e+00
1.620000e+02	1.680000e+02	1.800000e+01	2.400000e+01	0.000000e+00	0.000000e+00	0.000000e+00
1.620000e+02	1.680000e+02	2.400000e+01	3.000000e+01	0.000000e+00	0.000000e+00	0.000000e+00
1.620000e+02	1.680000e+02	3.000000e+01	3.600000e+01	0.000000e+00	0.000000e+00	0.000000e+00
1.620000e+02	1.680000e+02	3.600000e+01	4.200000e+01	0.000000e+00	0.000000e+00	0.000000e+00
1.620000e+02	1.680000e+02	4.200000e+01	4.800000e+01	0.000000e+00	0.000000e+00	0.000000e+00
1.620000e+02	1.680000e+02	4.800000e+01	5.400000e+01	0.000000e+00	0.000000e+00	0.000000e+00
1.620000e+02	1.680000e+02	5.400000e+01	6.000000e+01	0.000000e+00	0.000000e+00	0.000000e+00
1.620000e+02	1.680000e+02	6.000000e+01	6.600000e+01	0.000000e+00	0.000000e+00	0.000000e+00
1.620000e+02	1.680000e+02	6.600000e+01	7.200000e+01	0.000000e+00	0.000000e+00	0.000000e+00
1.620000e+02	1.680000e+02	7.200000e+01	7.800000e+01	0.000000e+00	0.000000e+00	0.000000e+00
1.620000e+02	1.680000e+02	7.800000e+01	8.400000e+01	0.000000e+00	0.000000e+00	0.000000e+00
1.620000e+02	1.680000e+02	8.400000e+01	9.000000e+01	3.579217e-07	3.448566e-07	3.448566e-07
1.620000e+02	1.680000e+02	9.000000e+01	9.600000e+01	4.529222e-09	4.311044e-09	4.311044e-09
1.620000e+02	1.680000e+02	9.600000e+01	1.020000e+02	1.395332e-08	7.485773e-09	7.485773e-09
1.620000e+02	1.680000e+02	1.020000e+02	1.080000e+02	3.545283e-07	3.448301e-07	3.448301e-07
1.620000e+02	1.680000e+02	1.080000e+02	1.140000e+02	5.172308e-09	4.345240e-09	4.345240e-09
1.620000e+02	1.680000e+02	1.140000e+02	1.200000e+02	1.060402e-06	5.972624e-07	5.972624e-07
1.620000e+02	1.680000e+02	1.200000e+02	1.260000e+02	2.084770e-06	8.445644e-07	8.445644e-07
1.620000e+02	1.680000e+02	1.260000e+02	1.320000e+02	1.048388e-06	5.972160e-07	5.972160e-07
1.620000e+02	1.680000e+02	1.320000e+02	1.380000e+02	1.082650e-06	5.987380e-07	5.987380e-07
1.620000e+02	1.680000e+02	1.380000e+02	1.440000e+02	3.926142e-07	3.474856e-07	3.474856e-07
1.620000e+02	1.680000e+02	1.440000e+02	1.500000e+02	1.373783e-08	7.484997e-09	7.484997e-09
1.620000e+02	1.680000e+02	1.500000e+02	1.560000e+02	3.455853e-07	3.447762e-07	3.447762e-07
1.620000e+02	1.680000e+02	1.560000e+02	1.620000e+02	5.333922e-09	4.346241e-09	4.346241e-09
1.620000e+02	1.680000e+02	1.620000e+02	1.680000e+02	7.616042e-10	5.494224e-10	5.494224e-10
1.620000e+02	1.680000e+02	1.680000e+02	1.740000e+02	0.000000e+00	0.000000e+00	0.000000e+00
1.620000e+02	1.680000e+02	1.740000e+02	1.800000e+02	0.000000e+00	0.000000e+00	0.000000e+00
1.680000e+02	1.740000e+02	0.000000e+00	6.000000e+00	0.000000e+00	0.000000e+00	0.000000e+00
1.680000e+02	1.740000e+02	6.000000e+00	1.200000e+01	0.000000e+00	0.000000e+00	0.000000e+00
1.680000e+02	1.740000e+02	1.200000e+01	1.800000e+01	0.000000e+00	0.000000e+00	0.000000e+00
1.680000e+02	1.740000e+02	1.800000e+01	2.400000e+01	0.000000e+00	0.000000e+00	0.000000e+00
1.680000e+02	1.740000e+02	2.400000e+01	3.000000e+01	0.000000e+00	0.000000e+00	0.000000e+00
1.680000e+02	1.740000e+02	3.000000e+01	3.600000e+01	0.000000e+00	0.000000e+00	0.000000e+00
1.680000e+02	1.740000e+02	3.600000e+01	4.200000e+01	0.000000e+00	0.000000e+00	0.000000e+00
1.680000e+02	1.740000e+02	4.200000e+01	4.800000e+01	0.000000e+00	0.000000e+00	0.000000e+00
1.680000e+02	1.740000e+02	4.800000e+01	5.400000e+01	0.000000e+00	0.000000e+00	0.000000e+00
1.680000e+02	1.740000e+02	5.400000e+01	6.000000e+01	0.000000e+00	0.000000e+00	0.000000e+00
1.680000e+02	1.740000e+02	6.000000e+01	6.600000e+01	0.000000e+00	0.000000e+00	0.000000e+00
1.680000e+02	1.740000e+02	6.600000e+01	7.200000e+01	0.000000e+00	0.000000e+00	0.000000e+00
1.680000e+02	1.740000e+02	7.200000e+01	7.800000e+01	0.000000e+00	0.000000e+00	0.000000e+00
1.680000e+02	1.740000e+02	7.800000e+01	8.400000e+01	0.000000e+00	0.000000e+00	0.000000e+00
1.680000e+02	1.740000e+02	8.400000e+01	9.000000e+01	0.000000e+00	0.000000e+00	0.000000e+00
1.680000e+02	1.740000e+02	9.000000e+01	9.600000e+01	0.000000e+00	0.000000e+00	0.000000e+00
1.680000e+02	1.740000e+02	9.600000e+01	1.020000e+02	0.000000e+00	0.000000e+00	0.000000e+00
1.680000e+02	1.740000e+02	1.020000e+02	1.080000e+02	0.000000e+00	0.000000e+00	0.000000e+00
1.680000e+02	1.740000e+02	1.080000e+02	1.140000e+02	0.000000e+00	0.000000e+00	0.000000e+00
1.680000e+02	1.740000e+02	1.140000e+02	1.200000e+02	0.000000e+00	0.000000e+00	0.000000e+00
1.680000e+02	1.740000e+02	1.200000e+02	1.260000e+02	0.000000e+00	0.000000e+00	0.000000e+00
1.680000e+02	1.740000e+02	1.260000e+02	1.320000e+02	0.000000e+00	0.000000e+00	0.000000e+00
1.680000e+02	1.740000e+02	1.320000e+02	1.380000e+02	0.000000e+00	0.000000e+00	0.000000e+00
1.680000e+02	1.740000e+02	1.380000e+02	1.440000e+02	0.000000e+00	0.000000e+00	0.000000e+00
1.680000e+02	1.740000e+02	1.440000e+02	1.500000e+02	0.000000e+00	0.000000e+00	0.000000e+00
1.680000e+02	1.740000e+02	1.500000e+02	1.560000e+02	0.000000e+00	0.000000e+00	0.000000e+00
1.680000e+02	1.740000e+02	1.560000e+02	1.620000e+02	0.000000e+00	0.000000e+00	0.000000e+00
1.680000e+02	1.740000e+02	1.620000e+02	1.680000e+02	0.000000e+00	0.000000e+00	0.000000e+00
1.680000e+02	1.740000e+02	1.680000e+02	1.740000e+02	0.000000e+00	0.000000e+00	0.000000e+00
1.680000e+02	1.740000e+02	1.740000e+02	1.800000e+02	0.000000e+00	0.000000e+00	0.000000e+00
1.740000e+02	1.800000e+02	0.000000e+00	6.000000e+00	0.000000e+00	0.000000e+00	0.000000e+00
1.740000e+02	1.800000e+02	6.000000e+00	1.200000e+01	0.000000e+00	0.000000e+00	0.000000e+00
1.740000e+02	1.800000e+02	1.200000e+01	1.800000e+01	0.000000e+00	0.000000e+00	0.000000e+00
1.740000e+02	1.800000e+02	1.800000e+01	2.400000e+01	0.000000e+00	0.000000e+00	0.000000e+00
1.740000e+02	1.800000e+02	2.400000e+01	3.000000e+01	0.000000e+00	0.000000e+00	0.000000e+00
1.740000e+02	1.800000e+02	3.000000e+01	3.600000e+01	0.000000e+00	0.000000e+00	0.000000e+00
1.740000e+02	1.800000e+02	3.600000e+01	4.200000e+01	0.000000e+00	0.000000e+00	0.000000e+00
1.740000e+02	1.800000e+02	4.200000e+01	4.800000e+01	0.000000e+00	0.000000e+00	0.000000e+00
1.740000e+02	1.800000e+02	4.800000e+01	5.400000e+01	0.000000e+00	0.000000e+00	0.000000e+00
1.740000e+02	1.800000e+02	5.400000e+01	6.000000e+01	0.000000e+00	0.000000e+00	0.000000e+00
1.740000e+02	1.800000e+02	6.000000e+01	6.600000e+01	0.000000e+00	0.000000e+00	0.000000e+00
1.740000e+02	1.800000e+02	6.600000e+01	7.200000e+01	0.000000e+00	0.000000e+00	0.000000e+00
1.740000e+02	1.800000e+02	7.200000e+01	7.800000e+01	0.000000e+00	0.000000e+00	0.000000e+00
1.740000e+02	1.800000e+02	7.800000e+01	8.400000e+01	0.000000e+00	0.000000e+00	0.000000e+00
1.740000e+02	1.800000e+02	8.400000e+01	9.000000e+01	0.000000e+00	0.000000e+00	0.000000e+00
1.740000e+02	1.800000e+02	9.000000e+01	9.600000e+01	0.000000e+00	0.000000e+00	0.000000e+00
1.740000e+02	1.800000e+02	9.600000e+01	1.020000e+02	0.000000e+00	0.000000e+00	0.000000e+00
1.740000e+02	1.800000e+02	1.020000e+02	1.080000e+02	0.000000e+00	0.000000e+00	0.000000e+00
1.740000e+02	1.800000e+02	1.080000e+02	1.140000e+02	0.000000e+00	0.000000e+00	0.000000e+00
1.740000e+02	1.800000e+02	1.140000e+02	1.200000e+02	0.000000e+00	0.000000e+00	0.000000e+00
1.740000e+02	1.800000e+02	1.200000e+02	1.260000e+02	0.000000e+00	0.000000e+00	0.000000e+00
1.740000e+02	1.800000e+02	1.260000e+02	1.320000e+02	0.000000e+00	0.000000e+00	0.000000e+00
1.740000e+02	1.800000e+02	1.320000e+02	1.380000e+02	0.000000e+00	0.000000e+00	0.000000e+00
1.740000e+02	1.800000e+02	1.380000e+02	1.440000e+02	0.000000e+00	0.000000e+00	0.000000e+00
1.740000e+02	1.800000e+02	1.440000e+02	1.500000e+02	0.000000e+00	0.000000e+00	0.000000e+00
1.740000e+02	1.800000e+02	1.500000e+02	1.560000e+02	0.000000e+00	0.000000e+00	0.000000e+00
1.740000e+02	1.800000e+02	1.560000e+02	1.620000e+02	0.000000e+00	0.000000e+00	0.000000e+00
1.740000e+02	1.800000e+02	1.620000e+02	1.680000e+02	0.000000e+00	0.000000e+00	0.000000e+00
1.740000e+02	1.800000e+02	1.680000e+02	1.740000e+02	0.000000e+00	0.000000e+00	0.000000e+00
1.740000e+02	1.800000e+02	1.740000e+02	1.800000e+02	0.000000e+00	0.000000e+00	0.000000e+00
# END HISTO2D

