# BEGIN HISTO2D /res/100TeVlambda_oxford/histo_ptHptH_boost_C1e
Path=/res/100TeVlambda_oxford/histo_ptHptH_boost_C1e
ScaledBy=1
Title=ptHptH_boost_C1e
# xlow	 xhigh	 ylow	 yhigh	 val	 errminus	 errplus
0.000000e+00	3.000000e+01	0.000000e+00	3.000000e+01	0.000000e+00	0.000000e+00	0.000000e+00
0.000000e+00	3.000000e+01	3.000000e+01	6.000000e+01	0.000000e+00	0.000000e+00	0.000000e+00
0.000000e+00	3.000000e+01	6.000000e+01	9.000000e+01	0.000000e+00	0.000000e+00	0.000000e+00
0.000000e+00	3.000000e+01	9.000000e+01	1.200000e+02	0.000000e+00	0.000000e+00	0.000000e+00
0.000000e+00	3.000000e+01	1.200000e+02	1.500000e+02	0.000000e+00	0.000000e+00	0.000000e+00
0.000000e+00	3.000000e+01	1.500000e+02	1.800000e+02	0.000000e+00	0.000000e+00	0.000000e+00
0.000000e+00	3.000000e+01	1.800000e+02	2.100000e+02	0.000000e+00	0.000000e+00	0.000000e+00
0.000000e+00	3.000000e+01	2.100000e+02	2.400000e+02	0.000000e+00	0.000000e+00	0.000000e+00
0.000000e+00	3.000000e+01	2.400000e+02	2.700000e+02	0.000000e+00	0.000000e+00	0.000000e+00
0.000000e+00	3.000000e+01	2.700000e+02	3.000000e+02	0.000000e+00	0.000000e+00	0.000000e+00
0.000000e+00	3.000000e+01	3.000000e+02	3.300000e+02	0.000000e+00	0.000000e+00	0.000000e+00
0.000000e+00	3.000000e+01	3.300000e+02	3.600000e+02	0.000000e+00	0.000000e+00	0.000000e+00
0.000000e+00	3.000000e+01	3.600000e+02	3.900000e+02	0.000000e+00	0.000000e+00	0.000000e+00
0.000000e+00	3.000000e+01	3.900000e+02	4.200000e+02	0.000000e+00	0.000000e+00	0.000000e+00
0.000000e+00	3.000000e+01	4.200000e+02	4.500000e+02	0.000000e+00	0.000000e+00	0.000000e+00
0.000000e+00	3.000000e+01	4.500000e+02	4.800000e+02	0.000000e+00	0.000000e+00	0.000000e+00
0.000000e+00	3.000000e+01	4.800000e+02	5.100000e+02	0.000000e+00	0.000000e+00	0.000000e+00
0.000000e+00	3.000000e+01	5.100000e+02	5.400000e+02	0.000000e+00	0.000000e+00	0.000000e+00
0.000000e+00	3.000000e+01	5.400000e+02	5.700000e+02	0.000000e+00	0.000000e+00	0.000000e+00
0.000000e+00	3.000000e+01	5.700000e+02	6.000000e+02	0.000000e+00	0.000000e+00	0.000000e+00
0.000000e+00	3.000000e+01	6.000000e+02	6.300000e+02	0.000000e+00	0.000000e+00	0.000000e+00
0.000000e+00	3.000000e+01	6.300000e+02	6.600000e+02	0.000000e+00	0.000000e+00	0.000000e+00
0.000000e+00	3.000000e+01	6.600000e+02	6.900000e+02	0.000000e+00	0.000000e+00	0.000000e+00
0.000000e+00	3.000000e+01	6.900000e+02	7.200000e+02	0.000000e+00	0.000000e+00	0.000000e+00
0.000000e+00	3.000000e+01	7.200000e+02	7.500000e+02	0.000000e+00	0.000000e+00	0.000000e+00
0.000000e+00	3.000000e+01	7.500000e+02	7.800000e+02	0.000000e+00	0.000000e+00	0.000000e+00
0.000000e+00	3.000000e+01	7.800000e+02	8.100000e+02	0.000000e+00	0.000000e+00	0.000000e+00
0.000000e+00	3.000000e+01	8.100000e+02	8.400000e+02	0.000000e+00	0.000000e+00	0.000000e+00
0.000000e+00	3.000000e+01	8.400000e+02	8.700000e+02	0.000000e+00	0.000000e+00	0.000000e+00
0.000000e+00	3.000000e+01	8.700000e+02	9.000000e+02	0.000000e+00	0.000000e+00	0.000000e+00
3.000000e+01	6.000000e+01	0.000000e+00	3.000000e+01	0.000000e+00	0.000000e+00	0.000000e+00
3.000000e+01	6.000000e+01	3.000000e+01	6.000000e+01	0.000000e+00	0.000000e+00	0.000000e+00
3.000000e+01	6.000000e+01	6.000000e+01	9.000000e+01	0.000000e+00	0.000000e+00	0.000000e+00
3.000000e+01	6.000000e+01	9.000000e+01	1.200000e+02	0.000000e+00	0.000000e+00	0.000000e+00
3.000000e+01	6.000000e+01	1.200000e+02	1.500000e+02	0.000000e+00	0.000000e+00	0.000000e+00
3.000000e+01	6.000000e+01	1.500000e+02	1.800000e+02	0.000000e+00	0.000000e+00	0.000000e+00
3.000000e+01	6.000000e+01	1.800000e+02	2.100000e+02	0.000000e+00	0.000000e+00	0.000000e+00
3.000000e+01	6.000000e+01	2.100000e+02	2.400000e+02	0.000000e+00	0.000000e+00	0.000000e+00
3.000000e+01	6.000000e+01	2.400000e+02	2.700000e+02	0.000000e+00	0.000000e+00	0.000000e+00
3.000000e+01	6.000000e+01	2.700000e+02	3.000000e+02	0.000000e+00	0.000000e+00	0.000000e+00
3.000000e+01	6.000000e+01	3.000000e+02	3.300000e+02	0.000000e+00	0.000000e+00	0.000000e+00
3.000000e+01	6.000000e+01	3.300000e+02	3.600000e+02	0.000000e+00	0.000000e+00	0.000000e+00
3.000000e+01	6.000000e+01	3.600000e+02	3.900000e+02	0.000000e+00	0.000000e+00	0.000000e+00
3.000000e+01	6.000000e+01	3.900000e+02	4.200000e+02	0.000000e+00	0.000000e+00	0.000000e+00
3.000000e+01	6.000000e+01	4.200000e+02	4.500000e+02	0.000000e+00	0.000000e+00	0.000000e+00
3.000000e+01	6.000000e+01	4.500000e+02	4.800000e+02	0.000000e+00	0.000000e+00	0.000000e+00
3.000000e+01	6.000000e+01	4.800000e+02	5.100000e+02	0.000000e+00	0.000000e+00	0.000000e+00
3.000000e+01	6.000000e+01	5.100000e+02	5.400000e+02	0.000000e+00	0.000000e+00	0.000000e+00
3.000000e+01	6.000000e+01	5.400000e+02	5.700000e+02	0.000000e+00	0.000000e+00	0.000000e+00
3.000000e+01	6.000000e+01	5.700000e+02	6.000000e+02	0.000000e+00	0.000000e+00	0.000000e+00
3.000000e+01	6.000000e+01	6.000000e+02	6.300000e+02	0.000000e+00	0.000000e+00	0.000000e+00
3.000000e+01	6.000000e+01	6.300000e+02	6.600000e+02	0.000000e+00	0.000000e+00	0.000000e+00
3.000000e+01	6.000000e+01	6.600000e+02	6.900000e+02	0.000000e+00	0.000000e+00	0.000000e+00
3.000000e+01	6.000000e+01	6.900000e+02	7.200000e+02	0.000000e+00	0.000000e+00	0.000000e+00
3.000000e+01	6.000000e+01	7.200000e+02	7.500000e+02	0.000000e+00	0.000000e+00	0.000000e+00
3.000000e+01	6.000000e+01	7.500000e+02	7.800000e+02	0.000000e+00	0.000000e+00	0.000000e+00
3.000000e+01	6.000000e+01	7.800000e+02	8.100000e+02	0.000000e+00	0.000000e+00	0.000000e+00
3.000000e+01	6.000000e+01	8.100000e+02	8.400000e+02	0.000000e+00	0.000000e+00	0.000000e+00
3.000000e+01	6.000000e+01	8.400000e+02	8.700000e+02	0.000000e+00	0.000000e+00	0.000000e+00
3.000000e+01	6.000000e+01	8.700000e+02	9.000000e+02	0.000000e+00	0.000000e+00	0.000000e+00
6.000000e+01	9.000000e+01	0.000000e+00	3.000000e+01	0.000000e+00	0.000000e+00	0.000000e+00
6.000000e+01	9.000000e+01	3.000000e+01	6.000000e+01	0.000000e+00	0.000000e+00	0.000000e+00
6.000000e+01	9.000000e+01	6.000000e+01	9.000000e+01	0.000000e+00	0.000000e+00	0.000000e+00
6.000000e+01	9.000000e+01	9.000000e+01	1.200000e+02	0.000000e+00	0.000000e+00	0.000000e+00
6.000000e+01	9.000000e+01	1.200000e+02	1.500000e+02	0.000000e+00	0.000000e+00	0.000000e+00
6.000000e+01	9.000000e+01	1.500000e+02	1.800000e+02	0.000000e+00	0.000000e+00	0.000000e+00
6.000000e+01	9.000000e+01	1.800000e+02	2.100000e+02	0.000000e+00	0.000000e+00	0.000000e+00
6.000000e+01	9.000000e+01	2.100000e+02	2.400000e+02	0.000000e+00	0.000000e+00	0.000000e+00
6.000000e+01	9.000000e+01	2.400000e+02	2.700000e+02	0.000000e+00	0.000000e+00	0.000000e+00
6.000000e+01	9.000000e+01	2.700000e+02	3.000000e+02	0.000000e+00	0.000000e+00	0.000000e+00
6.000000e+01	9.000000e+01	3.000000e+02	3.300000e+02	0.000000e+00	0.000000e+00	0.000000e+00
6.000000e+01	9.000000e+01	3.300000e+02	3.600000e+02	0.000000e+00	0.000000e+00	0.000000e+00
6.000000e+01	9.000000e+01	3.600000e+02	3.900000e+02	0.000000e+00	0.000000e+00	0.000000e+00
6.000000e+01	9.000000e+01	3.900000e+02	4.200000e+02	0.000000e+00	0.000000e+00	0.000000e+00
6.000000e+01	9.000000e+01	4.200000e+02	4.500000e+02	0.000000e+00	0.000000e+00	0.000000e+00
6.000000e+01	9.000000e+01	4.500000e+02	4.800000e+02	0.000000e+00	0.000000e+00	0.000000e+00
6.000000e+01	9.000000e+01	4.800000e+02	5.100000e+02	0.000000e+00	0.000000e+00	0.000000e+00
6.000000e+01	9.000000e+01	5.100000e+02	5.400000e+02	0.000000e+00	0.000000e+00	0.000000e+00
6.000000e+01	9.000000e+01	5.400000e+02	5.700000e+02	0.000000e+00	0.000000e+00	0.000000e+00
6.000000e+01	9.000000e+01	5.700000e+02	6.000000e+02	0.000000e+00	0.000000e+00	0.000000e+00
6.000000e+01	9.000000e+01	6.000000e+02	6.300000e+02	0.000000e+00	0.000000e+00	0.000000e+00
6.000000e+01	9.000000e+01	6.300000e+02	6.600000e+02	0.000000e+00	0.000000e+00	0.000000e+00
6.000000e+01	9.000000e+01	6.600000e+02	6.900000e+02	0.000000e+00	0.000000e+00	0.000000e+00
6.000000e+01	9.000000e+01	6.900000e+02	7.200000e+02	0.000000e+00	0.000000e+00	0.000000e+00
6.000000e+01	9.000000e+01	7.200000e+02	7.500000e+02	0.000000e+00	0.000000e+00	0.000000e+00
6.000000e+01	9.000000e+01	7.500000e+02	7.800000e+02	0.000000e+00	0.000000e+00	0.000000e+00
6.000000e+01	9.000000e+01	7.800000e+02	8.100000e+02	0.000000e+00	0.000000e+00	0.000000e+00
6.000000e+01	9.000000e+01	8.100000e+02	8.400000e+02	0.000000e+00	0.000000e+00	0.000000e+00
6.000000e+01	9.000000e+01	8.400000e+02	8.700000e+02	0.000000e+00	0.000000e+00	0.000000e+00
6.000000e+01	9.000000e+01	8.700000e+02	9.000000e+02	0.000000e+00	0.000000e+00	0.000000e+00
9.000000e+01	1.200000e+02	0.000000e+00	3.000000e+01	0.000000e+00	0.000000e+00	0.000000e+00
9.000000e+01	1.200000e+02	3.000000e+01	6.000000e+01	0.000000e+00	0.000000e+00	0.000000e+00
9.000000e+01	1.200000e+02	6.000000e+01	9.000000e+01	0.000000e+00	0.000000e+00	0.000000e+00
9.000000e+01	1.200000e+02	9.000000e+01	1.200000e+02	0.000000e+00	0.000000e+00	0.000000e+00
9.000000e+01	1.200000e+02	1.200000e+02	1.500000e+02	0.000000e+00	0.000000e+00	0.000000e+00
9.000000e+01	1.200000e+02	1.500000e+02	1.800000e+02	0.000000e+00	0.000000e+00	0.000000e+00
9.000000e+01	1.200000e+02	1.800000e+02	2.100000e+02	0.000000e+00	0.000000e+00	0.000000e+00
9.000000e+01	1.200000e+02	2.100000e+02	2.400000e+02	0.000000e+00	0.000000e+00	0.000000e+00
9.000000e+01	1.200000e+02	2.400000e+02	2.700000e+02	0.000000e+00	0.000000e+00	0.000000e+00
9.000000e+01	1.200000e+02	2.700000e+02	3.000000e+02	0.000000e+00	0.000000e+00	0.000000e+00
9.000000e+01	1.200000e+02	3.000000e+02	3.300000e+02	0.000000e+00	0.000000e+00	0.000000e+00
9.000000e+01	1.200000e+02	3.300000e+02	3.600000e+02	0.000000e+00	0.000000e+00	0.000000e+00
9.000000e+01	1.200000e+02	3.600000e+02	3.900000e+02	0.000000e+00	0.000000e+00	0.000000e+00
9.000000e+01	1.200000e+02	3.900000e+02	4.200000e+02	0.000000e+00	0.000000e+00	0.000000e+00
9.000000e+01	1.200000e+02	4.200000e+02	4.500000e+02	0.000000e+00	0.000000e+00	0.000000e+00
9.000000e+01	1.200000e+02	4.500000e+02	4.800000e+02	0.000000e+00	0.000000e+00	0.000000e+00
9.000000e+01	1.200000e+02	4.800000e+02	5.100000e+02	0.000000e+00	0.000000e+00	0.000000e+00
9.000000e+01	1.200000e+02	5.100000e+02	5.400000e+02	0.000000e+00	0.000000e+00	0.000000e+00
9.000000e+01	1.200000e+02	5.400000e+02	5.700000e+02	0.000000e+00	0.000000e+00	0.000000e+00
9.000000e+01	1.200000e+02	5.700000e+02	6.000000e+02	0.000000e+00	0.000000e+00	0.000000e+00
9.000000e+01	1.200000e+02	6.000000e+02	6.300000e+02	0.000000e+00	0.000000e+00	0.000000e+00
9.000000e+01	1.200000e+02	6.300000e+02	6.600000e+02	0.000000e+00	0.000000e+00	0.000000e+00
9.000000e+01	1.200000e+02	6.600000e+02	6.900000e+02	0.000000e+00	0.000000e+00	0.000000e+00
9.000000e+01	1.200000e+02	6.900000e+02	7.200000e+02	0.000000e+00	0.000000e+00	0.000000e+00
9.000000e+01	1.200000e+02	7.200000e+02	7.500000e+02	0.000000e+00	0.000000e+00	0.000000e+00
9.000000e+01	1.200000e+02	7.500000e+02	7.800000e+02	0.000000e+00	0.000000e+00	0.000000e+00
9.000000e+01	1.200000e+02	7.800000e+02	8.100000e+02	0.000000e+00	0.000000e+00	0.000000e+00
9.000000e+01	1.200000e+02	8.100000e+02	8.400000e+02	0.000000e+00	0.000000e+00	0.000000e+00
9.000000e+01	1.200000e+02	8.400000e+02	8.700000e+02	0.000000e+00	0.000000e+00	0.000000e+00
9.000000e+01	1.200000e+02	8.700000e+02	9.000000e+02	0.000000e+00	0.000000e+00	0.000000e+00
1.200000e+02	1.500000e+02	0.000000e+00	3.000000e+01	0.000000e+00	0.000000e+00	0.000000e+00
1.200000e+02	1.500000e+02	3.000000e+01	6.000000e+01	0.000000e+00	0.000000e+00	0.000000e+00
1.200000e+02	1.500000e+02	6.000000e+01	9.000000e+01	0.000000e+00	0.000000e+00	0.000000e+00
1.200000e+02	1.500000e+02	9.000000e+01	1.200000e+02	0.000000e+00	0.000000e+00	0.000000e+00
1.200000e+02	1.500000e+02	1.200000e+02	1.500000e+02	0.000000e+00	0.000000e+00	0.000000e+00
1.200000e+02	1.500000e+02	1.500000e+02	1.800000e+02	0.000000e+00	0.000000e+00	0.000000e+00
1.200000e+02	1.500000e+02	1.800000e+02	2.100000e+02	0.000000e+00	0.000000e+00	0.000000e+00
1.200000e+02	1.500000e+02	2.100000e+02	2.400000e+02	0.000000e+00	0.000000e+00	0.000000e+00
1.200000e+02	1.500000e+02	2.400000e+02	2.700000e+02	0.000000e+00	0.000000e+00	0.000000e+00
1.200000e+02	1.500000e+02	2.700000e+02	3.000000e+02	0.000000e+00	0.000000e+00	0.000000e+00
1.200000e+02	1.500000e+02	3.000000e+02	3.300000e+02	0.000000e+00	0.000000e+00	0.000000e+00
1.200000e+02	1.500000e+02	3.300000e+02	3.600000e+02	0.000000e+00	0.000000e+00	0.000000e+00
1.200000e+02	1.500000e+02	3.600000e+02	3.900000e+02	0.000000e+00	0.000000e+00	0.000000e+00
1.200000e+02	1.500000e+02	3.900000e+02	4.200000e+02	0.000000e+00	0.000000e+00	0.000000e+00
1.200000e+02	1.500000e+02	4.200000e+02	4.500000e+02	0.000000e+00	0.000000e+00	0.000000e+00
1.200000e+02	1.500000e+02	4.500000e+02	4.800000e+02	0.000000e+00	0.000000e+00	0.000000e+00
1.200000e+02	1.500000e+02	4.800000e+02	5.100000e+02	0.000000e+00	0.000000e+00	0.000000e+00
1.200000e+02	1.500000e+02	5.100000e+02	5.400000e+02	0.000000e+00	0.000000e+00	0.000000e+00
1.200000e+02	1.500000e+02	5.400000e+02	5.700000e+02	0.000000e+00	0.000000e+00	0.000000e+00
1.200000e+02	1.500000e+02	5.700000e+02	6.000000e+02	0.000000e+00	0.000000e+00	0.000000e+00
1.200000e+02	1.500000e+02	6.000000e+02	6.300000e+02	0.000000e+00	0.000000e+00	0.000000e+00
1.200000e+02	1.500000e+02	6.300000e+02	6.600000e+02	0.000000e+00	0.000000e+00	0.000000e+00
1.200000e+02	1.500000e+02	6.600000e+02	6.900000e+02	0.000000e+00	0.000000e+00	0.000000e+00
1.200000e+02	1.500000e+02	6.900000e+02	7.200000e+02	0.000000e+00	0.000000e+00	0.000000e+00
1.200000e+02	1.500000e+02	7.200000e+02	7.500000e+02	0.000000e+00	0.000000e+00	0.000000e+00
1.200000e+02	1.500000e+02	7.500000e+02	7.800000e+02	0.000000e+00	0.000000e+00	0.000000e+00
1.200000e+02	1.500000e+02	7.800000e+02	8.100000e+02	0.000000e+00	0.000000e+00	0.000000e+00
1.200000e+02	1.500000e+02	8.100000e+02	8.400000e+02	0.000000e+00	0.000000e+00	0.000000e+00
1.200000e+02	1.500000e+02	8.400000e+02	8.700000e+02	0.000000e+00	0.000000e+00	0.000000e+00
1.200000e+02	1.500000e+02	8.700000e+02	9.000000e+02	0.000000e+00	0.000000e+00	0.000000e+00
1.500000e+02	1.800000e+02	0.000000e+00	3.000000e+01	0.000000e+00	0.000000e+00	0.000000e+00
1.500000e+02	1.800000e+02	3.000000e+01	6.000000e+01	0.000000e+00	0.000000e+00	0.000000e+00
1.500000e+02	1.800000e+02	6.000000e+01	9.000000e+01	0.000000e+00	0.000000e+00	0.000000e+00
1.500000e+02	1.800000e+02	9.000000e+01	1.200000e+02	0.000000e+00	0.000000e+00	0.000000e+00
1.500000e+02	1.800000e+02	1.200000e+02	1.500000e+02	0.000000e+00	0.000000e+00	0.000000e+00
1.500000e+02	1.800000e+02	1.500000e+02	1.800000e+02	0.000000e+00	0.000000e+00	0.000000e+00
1.500000e+02	1.800000e+02	1.800000e+02	2.100000e+02	0.000000e+00	0.000000e+00	0.000000e+00
1.500000e+02	1.800000e+02	2.100000e+02	2.400000e+02	0.000000e+00	0.000000e+00	0.000000e+00
1.500000e+02	1.800000e+02	2.400000e+02	2.700000e+02	0.000000e+00	0.000000e+00	0.000000e+00
1.500000e+02	1.800000e+02	2.700000e+02	3.000000e+02	0.000000e+00	0.000000e+00	0.000000e+00
1.500000e+02	1.800000e+02	3.000000e+02	3.300000e+02	0.000000e+00	0.000000e+00	0.000000e+00
1.500000e+02	1.800000e+02	3.300000e+02	3.600000e+02	0.000000e+00	0.000000e+00	0.000000e+00
1.500000e+02	1.800000e+02	3.600000e+02	3.900000e+02	0.000000e+00	0.000000e+00	0.000000e+00
1.500000e+02	1.800000e+02	3.900000e+02	4.200000e+02	0.000000e+00	0.000000e+00	0.000000e+00
1.500000e+02	1.800000e+02	4.200000e+02	4.500000e+02	0.000000e+00	0.000000e+00	0.000000e+00
1.500000e+02	1.800000e+02	4.500000e+02	4.800000e+02	0.000000e+00	0.000000e+00	0.000000e+00
1.500000e+02	1.800000e+02	4.800000e+02	5.100000e+02	0.000000e+00	0.000000e+00	0.000000e+00
1.500000e+02	1.800000e+02	5.100000e+02	5.400000e+02	0.000000e+00	0.000000e+00	0.000000e+00
1.500000e+02	1.800000e+02	5.400000e+02	5.700000e+02	0.000000e+00	0.000000e+00	0.000000e+00
1.500000e+02	1.800000e+02	5.700000e+02	6.000000e+02	0.000000e+00	0.000000e+00	0.000000e+00
1.500000e+02	1.800000e+02	6.000000e+02	6.300000e+02	0.000000e+00	0.000000e+00	0.000000e+00
1.500000e+02	1.800000e+02	6.300000e+02	6.600000e+02	0.000000e+00	0.000000e+00	0.000000e+00
1.500000e+02	1.800000e+02	6.600000e+02	6.900000e+02	0.000000e+00	0.000000e+00	0.000000e+00
1.500000e+02	1.800000e+02	6.900000e+02	7.200000e+02	0.000000e+00	0.000000e+00	0.000000e+00
1.500000e+02	1.800000e+02	7.200000e+02	7.500000e+02	0.000000e+00	0.000000e+00	0.000000e+00
1.500000e+02	1.800000e+02	7.500000e+02	7.800000e+02	0.000000e+00	0.000000e+00	0.000000e+00
1.500000e+02	1.800000e+02	7.800000e+02	8.100000e+02	0.000000e+00	0.000000e+00	0.000000e+00
1.500000e+02	1.800000e+02	8.100000e+02	8.400000e+02	0.000000e+00	0.000000e+00	0.000000e+00
1.500000e+02	1.800000e+02	8.400000e+02	8.700000e+02	0.000000e+00	0.000000e+00	0.000000e+00
1.500000e+02	1.800000e+02	8.700000e+02	9.000000e+02	0.000000e+00	0.000000e+00	0.000000e+00
1.800000e+02	2.100000e+02	0.000000e+00	3.000000e+01	0.000000e+00	0.000000e+00	0.000000e+00
1.800000e+02	2.100000e+02	3.000000e+01	6.000000e+01	0.000000e+00	0.000000e+00	0.000000e+00
1.800000e+02	2.100000e+02	6.000000e+01	9.000000e+01	0.000000e+00	0.000000e+00	0.000000e+00
1.800000e+02	2.100000e+02	9.000000e+01	1.200000e+02	0.000000e+00	0.000000e+00	0.000000e+00
1.800000e+02	2.100000e+02	1.200000e+02	1.500000e+02	0.000000e+00	0.000000e+00	0.000000e+00
1.800000e+02	2.100000e+02	1.500000e+02	1.800000e+02	0.000000e+00	0.000000e+00	0.000000e+00
1.800000e+02	2.100000e+02	1.800000e+02	2.100000e+02	2.240813e-04	5.281648e-05	5.281648e-05
1.800000e+02	2.100000e+02	2.100000e+02	2.400000e+02	0.000000e+00	0.000000e+00	0.000000e+00
1.800000e+02	2.100000e+02	2.400000e+02	2.700000e+02	0.000000e+00	0.000000e+00	0.000000e+00
1.800000e+02	2.100000e+02	2.700000e+02	3.000000e+02	0.000000e+00	0.000000e+00	0.000000e+00
1.800000e+02	2.100000e+02	3.000000e+02	3.300000e+02	0.000000e+00	0.000000e+00	0.000000e+00
1.800000e+02	2.100000e+02	3.300000e+02	3.600000e+02	0.000000e+00	0.000000e+00	0.000000e+00
1.800000e+02	2.100000e+02	3.600000e+02	3.900000e+02	0.000000e+00	0.000000e+00	0.000000e+00
1.800000e+02	2.100000e+02	3.900000e+02	4.200000e+02	0.000000e+00	0.000000e+00	0.000000e+00
1.800000e+02	2.100000e+02	4.200000e+02	4.500000e+02	0.000000e+00	0.000000e+00	0.000000e+00
1.800000e+02	2.100000e+02	4.500000e+02	4.800000e+02	0.000000e+00	0.000000e+00	0.000000e+00
1.800000e+02	2.100000e+02	4.800000e+02	5.100000e+02	0.000000e+00	0.000000e+00	0.000000e+00
1.800000e+02	2.100000e+02	5.100000e+02	5.400000e+02	0.000000e+00	0.000000e+00	0.000000e+00
1.800000e+02	2.100000e+02	5.400000e+02	5.700000e+02	0.000000e+00	0.000000e+00	0.000000e+00
1.800000e+02	2.100000e+02	5.700000e+02	6.000000e+02	0.000000e+00	0.000000e+00	0.000000e+00
1.800000e+02	2.100000e+02	6.000000e+02	6.300000e+02	0.000000e+00	0.000000e+00	0.000000e+00
1.800000e+02	2.100000e+02	6.300000e+02	6.600000e+02	0.000000e+00	0.000000e+00	0.000000e+00
1.800000e+02	2.100000e+02	6.600000e+02	6.900000e+02	0.000000e+00	0.000000e+00	0.000000e+00
1.800000e+02	2.100000e+02	6.900000e+02	7.200000e+02	0.000000e+00	0.000000e+00	0.000000e+00
1.800000e+02	2.100000e+02	7.200000e+02	7.500000e+02	0.000000e+00	0.000000e+00	0.000000e+00
1.800000e+02	2.100000e+02	7.500000e+02	7.800000e+02	0.000000e+00	0.000000e+00	0.000000e+00
1.800000e+02	2.100000e+02	7.800000e+02	8.100000e+02	0.000000e+00	0.000000e+00	0.000000e+00
1.800000e+02	2.100000e+02	8.100000e+02	8.400000e+02	0.000000e+00	0.000000e+00	0.000000e+00
1.800000e+02	2.100000e+02	8.400000e+02	8.700000e+02	0.000000e+00	0.000000e+00	0.000000e+00
1.800000e+02	2.100000e+02	8.700000e+02	9.000000e+02	0.000000e+00	0.000000e+00	0.000000e+00
2.100000e+02	2.400000e+02	0.000000e+00	3.000000e+01	0.000000e+00	0.000000e+00	0.000000e+00
2.100000e+02	2.400000e+02	3.000000e+01	6.000000e+01	0.000000e+00	0.000000e+00	0.000000e+00
2.100000e+02	2.400000e+02	6.000000e+01	9.000000e+01	0.000000e+00	0.000000e+00	0.000000e+00
2.100000e+02	2.400000e+02	9.000000e+01	1.200000e+02	0.000000e+00	0.000000e+00	0.000000e+00
2.100000e+02	2.400000e+02	1.200000e+02	1.500000e+02	0.000000e+00	0.000000e+00	0.000000e+00
2.100000e+02	2.400000e+02	1.500000e+02	1.800000e+02	0.000000e+00	0.000000e+00	0.000000e+00
2.100000e+02	2.400000e+02	1.800000e+02	2.100000e+02	1.693059e-03	1.451786e-04	1.451786e-04
2.100000e+02	2.400000e+02	2.100000e+02	2.400000e+02	4.668361e-03	2.410731e-04	2.410731e-04
2.100000e+02	2.400000e+02	2.400000e+02	2.700000e+02	0.000000e+00	0.000000e+00	0.000000e+00
2.100000e+02	2.400000e+02	2.700000e+02	3.000000e+02	0.000000e+00	0.000000e+00	0.000000e+00
2.100000e+02	2.400000e+02	3.000000e+02	3.300000e+02	0.000000e+00	0.000000e+00	0.000000e+00
2.100000e+02	2.400000e+02	3.300000e+02	3.600000e+02	0.000000e+00	0.000000e+00	0.000000e+00
2.100000e+02	2.400000e+02	3.600000e+02	3.900000e+02	0.000000e+00	0.000000e+00	0.000000e+00
2.100000e+02	2.400000e+02	3.900000e+02	4.200000e+02	0.000000e+00	0.000000e+00	0.000000e+00
2.100000e+02	2.400000e+02	4.200000e+02	4.500000e+02	0.000000e+00	0.000000e+00	0.000000e+00
2.100000e+02	2.400000e+02	4.500000e+02	4.800000e+02	0.000000e+00	0.000000e+00	0.000000e+00
2.100000e+02	2.400000e+02	4.800000e+02	5.100000e+02	0.000000e+00	0.000000e+00	0.000000e+00
2.100000e+02	2.400000e+02	5.100000e+02	5.400000e+02	0.000000e+00	0.000000e+00	0.000000e+00
2.100000e+02	2.400000e+02	5.400000e+02	5.700000e+02	0.000000e+00	0.000000e+00	0.000000e+00
2.100000e+02	2.400000e+02	5.700000e+02	6.000000e+02	0.000000e+00	0.000000e+00	0.000000e+00
2.100000e+02	2.400000e+02	6.000000e+02	6.300000e+02	0.000000e+00	0.000000e+00	0.000000e+00
2.100000e+02	2.400000e+02	6.300000e+02	6.600000e+02	0.000000e+00	0.000000e+00	0.000000e+00
2.100000e+02	2.400000e+02	6.600000e+02	6.900000e+02	0.000000e+00	0.000000e+00	0.000000e+00
2.100000e+02	2.400000e+02	6.900000e+02	7.200000e+02	0.000000e+00	0.000000e+00	0.000000e+00
2.100000e+02	2.400000e+02	7.200000e+02	7.500000e+02	0.000000e+00	0.000000e+00	0.000000e+00
2.100000e+02	2.400000e+02	7.500000e+02	7.800000e+02	0.000000e+00	0.000000e+00	0.000000e+00
2.100000e+02	2.400000e+02	7.800000e+02	8.100000e+02	0.000000e+00	0.000000e+00	0.000000e+00
2.100000e+02	2.400000e+02	8.100000e+02	8.400000e+02	0.000000e+00	0.000000e+00	0.000000e+00
2.100000e+02	2.400000e+02	8.400000e+02	8.700000e+02	0.000000e+00	0.000000e+00	0.000000e+00
2.100000e+02	2.400000e+02	8.700000e+02	9.000000e+02	0.000000e+00	0.000000e+00	0.000000e+00
2.400000e+02	2.700000e+02	0.000000e+00	3.000000e+01	0.000000e+00	0.000000e+00	0.000000e+00
2.400000e+02	2.700000e+02	3.000000e+01	6.000000e+01	0.000000e+00	0.000000e+00	0.000000e+00
2.400000e+02	2.700000e+02	6.000000e+01	9.000000e+01	0.000000e+00	0.000000e+00	0.000000e+00
2.400000e+02	2.700000e+02	9.000000e+01	1.200000e+02	0.000000e+00	0.000000e+00	0.000000e+00
2.400000e+02	2.700000e+02	1.200000e+02	1.500000e+02	0.000000e+00	0.000000e+00	0.000000e+00
2.400000e+02	2.700000e+02	1.500000e+02	1.800000e+02	0.000000e+00	0.000000e+00	0.000000e+00
2.400000e+02	2.700000e+02	1.800000e+02	2.100000e+02	2.365303e-03	1.715971e-04	1.715971e-04
2.400000e+02	2.700000e+02	2.100000e+02	2.400000e+02	1.142814e-02	3.771852e-04	3.771852e-04
2.400000e+02	2.700000e+02	2.400000e+02	2.700000e+02	1.004631e-02	3.536470e-04	3.536470e-04
2.400000e+02	2.700000e+02	2.700000e+02	3.000000e+02	0.000000e+00	0.000000e+00	0.000000e+00
2.400000e+02	2.700000e+02	3.000000e+02	3.300000e+02	0.000000e+00	0.000000e+00	0.000000e+00
2.400000e+02	2.700000e+02	3.300000e+02	3.600000e+02	0.000000e+00	0.000000e+00	0.000000e+00
2.400000e+02	2.700000e+02	3.600000e+02	3.900000e+02	0.000000e+00	0.000000e+00	0.000000e+00
2.400000e+02	2.700000e+02	3.900000e+02	4.200000e+02	0.000000e+00	0.000000e+00	0.000000e+00
2.400000e+02	2.700000e+02	4.200000e+02	4.500000e+02	0.000000e+00	0.000000e+00	0.000000e+00
2.400000e+02	2.700000e+02	4.500000e+02	4.800000e+02	0.000000e+00	0.000000e+00	0.000000e+00
2.400000e+02	2.700000e+02	4.800000e+02	5.100000e+02	0.000000e+00	0.000000e+00	0.000000e+00
2.400000e+02	2.700000e+02	5.100000e+02	5.400000e+02	0.000000e+00	0.000000e+00	0.000000e+00
2.400000e+02	2.700000e+02	5.400000e+02	5.700000e+02	0.000000e+00	0.000000e+00	0.000000e+00
2.400000e+02	2.700000e+02	5.700000e+02	6.000000e+02	0.000000e+00	0.000000e+00	0.000000e+00
2.400000e+02	2.700000e+02	6.000000e+02	6.300000e+02	0.000000e+00	0.000000e+00	0.000000e+00
2.400000e+02	2.700000e+02	6.300000e+02	6.600000e+02	0.000000e+00	0.000000e+00	0.000000e+00
2.400000e+02	2.700000e+02	6.600000e+02	6.900000e+02	0.000000e+00	0.000000e+00	0.000000e+00
2.400000e+02	2.700000e+02	6.900000e+02	7.200000e+02	0.000000e+00	0.000000e+00	0.000000e+00
2.400000e+02	2.700000e+02	7.200000e+02	7.500000e+02	0.000000e+00	0.000000e+00	0.000000e+00
2.400000e+02	2.700000e+02	7.500000e+02	7.800000e+02	0.000000e+00	0.000000e+00	0.000000e+00
2.400000e+02	2.700000e+02	7.800000e+02	8.100000e+02	0.000000e+00	0.000000e+00	0.000000e+00
2.400000e+02	2.700000e+02	8.100000e+02	8.400000e+02	0.000000e+00	0.000000e+00	0.000000e+00
2.400000e+02	2.700000e+02	8.400000e+02	8.700000e+02	0.000000e+00	0.000000e+00	0.000000e+00
2.400000e+02	2.700000e+02	8.700000e+02	9.000000e+02	0.000000e+00	0.000000e+00	0.000000e+00
2.700000e+02	3.000000e+02	0.000000e+00	3.000000e+01	0.000000e+00	0.000000e+00	0.000000e+00
2.700000e+02	3.000000e+02	3.000000e+01	6.000000e+01	0.000000e+00	0.000000e+00	0.000000e+00
2.700000e+02	3.000000e+02	6.000000e+01	9.000000e+01	0.000000e+00	0.000000e+00	0.000000e+00
2.700000e+02	3.000000e+02	9.000000e+01	1.200000e+02	0.000000e+00	0.000000e+00	0.000000e+00
2.700000e+02	3.000000e+02	1.200000e+02	1.500000e+02	0.000000e+00	0.000000e+00	0.000000e+00
2.700000e+02	3.000000e+02	1.500000e+02	1.800000e+02	0.000000e+00	0.000000e+00	0.000000e+00
2.700000e+02	3.000000e+02	1.800000e+02	2.100000e+02	2.078977e-03	1.608761e-04	1.608761e-04
2.700000e+02	3.000000e+02	2.100000e+02	2.400000e+02	9.299376e-03	3.402464e-04	3.402464e-04
2.700000e+02	3.000000e+02	2.400000e+02	2.700000e+02	1.749079e-02	4.666286e-04	4.666286e-04
2.700000e+02	3.000000e+02	2.700000e+02	3.000000e+02	1.112938e-02	3.722219e-04	3.722219e-04
2.700000e+02	3.000000e+02	3.000000e+02	3.300000e+02	0.000000e+00	0.000000e+00	0.000000e+00
2.700000e+02	3.000000e+02	3.300000e+02	3.600000e+02	0.000000e+00	0.000000e+00	0.000000e+00
2.700000e+02	3.000000e+02	3.600000e+02	3.900000e+02	0.000000e+00	0.000000e+00	0.000000e+00
2.700000e+02	3.000000e+02	3.900000e+02	4.200000e+02	0.000000e+00	0.000000e+00	0.000000e+00
2.700000e+02	3.000000e+02	4.200000e+02	4.500000e+02	0.000000e+00	0.000000e+00	0.000000e+00
2.700000e+02	3.000000e+02	4.500000e+02	4.800000e+02	0.000000e+00	0.000000e+00	0.000000e+00
2.700000e+02	3.000000e+02	4.800000e+02	5.100000e+02	0.000000e+00	0.000000e+00	0.000000e+00
2.700000e+02	3.000000e+02	5.100000e+02	5.400000e+02	0.000000e+00	0.000000e+00	0.000000e+00
2.700000e+02	3.000000e+02	5.400000e+02	5.700000e+02	0.000000e+00	0.000000e+00	0.000000e+00
2.700000e+02	3.000000e+02	5.700000e+02	6.000000e+02	0.000000e+00	0.000000e+00	0.000000e+00
2.700000e+02	3.000000e+02	6.000000e+02	6.300000e+02	0.000000e+00	0.000000e+00	0.000000e+00
2.700000e+02	3.000000e+02	6.300000e+02	6.600000e+02	0.000000e+00	0.000000e+00	0.000000e+00
2.700000e+02	3.000000e+02	6.600000e+02	6.900000e+02	0.000000e+00	0.000000e+00	0.000000e+00
2.700000e+02	3.000000e+02	6.900000e+02	7.200000e+02	0.000000e+00	0.000000e+00	0.000000e+00
2.700000e+02	3.000000e+02	7.200000e+02	7.500000e+02	0.000000e+00	0.000000e+00	0.000000e+00
2.700000e+02	3.000000e+02	7.500000e+02	7.800000e+02	0.000000e+00	0.000000e+00	0.000000e+00
2.700000e+02	3.000000e+02	7.800000e+02	8.100000e+02	0.000000e+00	0.000000e+00	0.000000e+00
2.700000e+02	3.000000e+02	8.100000e+02	8.400000e+02	0.000000e+00	0.000000e+00	0.000000e+00
2.700000e+02	3.000000e+02	8.400000e+02	8.700000e+02	0.000000e+00	0.000000e+00	0.000000e+00
2.700000e+02	3.000000e+02	8.700000e+02	9.000000e+02	0.000000e+00	0.000000e+00	0.000000e+00
3.000000e+02	3.300000e+02	0.000000e+00	3.000000e+01	0.000000e+00	0.000000e+00	0.000000e+00
3.000000e+02	3.300000e+02	3.000000e+01	6.000000e+01	0.000000e+00	0.000000e+00	0.000000e+00
3.000000e+02	3.300000e+02	6.000000e+01	9.000000e+01	0.000000e+00	0.000000e+00	0.000000e+00
3.000000e+02	3.300000e+02	9.000000e+01	1.200000e+02	0.000000e+00	0.000000e+00	0.000000e+00
3.000000e+02	3.300000e+02	1.200000e+02	1.500000e+02	0.000000e+00	0.000000e+00	0.000000e+00
3.000000e+02	3.300000e+02	1.500000e+02	1.800000e+02	0.000000e+00	0.000000e+00	0.000000e+00
3.000000e+02	3.300000e+02	1.800000e+02	2.100000e+02	1.219999e-03	1.232385e-04	1.232385e-04
3.000000e+02	3.300000e+02	2.100000e+02	2.400000e+02	6.299176e-03	2.800325e-04	2.800325e-04
3.000000e+02	3.300000e+02	2.400000e+02	2.700000e+02	1.178917e-02	3.830965e-04	3.830965e-04
3.000000e+02	3.300000e+02	2.700000e+02	3.000000e+02	1.742854e-02	4.657976e-04	4.657976e-04
3.000000e+02	3.300000e+02	3.000000e+02	3.300000e+02	9.050397e-03	3.356606e-04	3.356606e-04
3.000000e+02	3.300000e+02	3.300000e+02	3.600000e+02	0.000000e+00	0.000000e+00	0.000000e+00
3.000000e+02	3.300000e+02	3.600000e+02	3.900000e+02	0.000000e+00	0.000000e+00	0.000000e+00
3.000000e+02	3.300000e+02	3.900000e+02	4.200000e+02	0.000000e+00	0.000000e+00	0.000000e+00
3.000000e+02	3.300000e+02	4.200000e+02	4.500000e+02	0.000000e+00	0.000000e+00	0.000000e+00
3.000000e+02	3.300000e+02	4.500000e+02	4.800000e+02	0.000000e+00	0.000000e+00	0.000000e+00
3.000000e+02	3.300000e+02	4.800000e+02	5.100000e+02	0.000000e+00	0.000000e+00	0.000000e+00
3.000000e+02	3.300000e+02	5.100000e+02	5.400000e+02	0.000000e+00	0.000000e+00	0.000000e+00
3.000000e+02	3.300000e+02	5.400000e+02	5.700000e+02	0.000000e+00	0.000000e+00	0.000000e+00
3.000000e+02	3.300000e+02	5.700000e+02	6.000000e+02	0.000000e+00	0.000000e+00	0.000000e+00
3.000000e+02	3.300000e+02	6.000000e+02	6.300000e+02	0.000000e+00	0.000000e+00	0.000000e+00
3.000000e+02	3.300000e+02	6.300000e+02	6.600000e+02	0.000000e+00	0.000000e+00	0.000000e+00
3.000000e+02	3.300000e+02	6.600000e+02	6.900000e+02	0.000000e+00	0.000000e+00	0.000000e+00
3.000000e+02	3.300000e+02	6.900000e+02	7.200000e+02	0.000000e+00	0.000000e+00	0.000000e+00
3.000000e+02	3.300000e+02	7.200000e+02	7.500000e+02	0.000000e+00	0.000000e+00	0.000000e+00
3.000000e+02	3.300000e+02	7.500000e+02	7.800000e+02	0.000000e+00	0.000000e+00	0.000000e+00
3.000000e+02	3.300000e+02	7.800000e+02	8.100000e+02	0.000000e+00	0.000000e+00	0.000000e+00
3.000000e+02	3.300000e+02	8.100000e+02	8.400000e+02	0.000000e+00	0.000000e+00	0.000000e+00
3.000000e+02	3.300000e+02	8.400000e+02	8.700000e+02	0.000000e+00	0.000000e+00	0.000000e+00
3.000000e+02	3.300000e+02	8.700000e+02	9.000000e+02	0.000000e+00	0.000000e+00	0.000000e+00
3.300000e+02	3.600000e+02	0.000000e+00	3.000000e+01	0.000000e+00	0.000000e+00	0.000000e+00
3.300000e+02	3.600000e+02	3.000000e+01	6.000000e+01	0.000000e+00	0.000000e+00	0.000000e+00
3.300000e+02	3.600000e+02	6.000000e+01	9.000000e+01	0.000000e+00	0.000000e+00	0.000000e+00
3.300000e+02	3.600000e+02	9.000000e+01	1.200000e+02	0.000000e+00	0.000000e+00	0.000000e+00
3.300000e+02	3.600000e+02	1.200000e+02	1.500000e+02	0.000000e+00	0.000000e+00	0.000000e+00
3.300000e+02	3.600000e+02	1.500000e+02	1.800000e+02	0.000000e+00	0.000000e+00	0.000000e+00
3.300000e+02	3.600000e+02	1.800000e+02	2.100000e+02	8.340806e-04	1.018992e-04	1.018992e-04
3.300000e+02	3.600000e+02	2.100000e+02	2.400000e+02	4.307341e-03	2.315641e-04	2.315641e-04
3.300000e+02	3.600000e+02	2.400000e+02	2.700000e+02	7.643663e-03	3.084732e-04	3.084732e-04
3.300000e+02	3.600000e+02	2.700000e+02	3.000000e+02	1.059407e-02	3.631600e-04	3.631600e-04
3.300000e+02	3.600000e+02	3.000000e+02	3.300000e+02	1.322080e-02	4.056911e-04	4.056911e-04
3.300000e+02	3.600000e+02	3.300000e+02	3.600000e+02	6.846930e-03	2.919541e-04	2.919541e-04
3.300000e+02	3.600000e+02	3.600000e+02	3.900000e+02	0.000000e+00	0.000000e+00	0.000000e+00
3.300000e+02	3.600000e+02	3.900000e+02	4.200000e+02	0.000000e+00	0.000000e+00	0.000000e+00
3.300000e+02	3.600000e+02	4.200000e+02	4.500000e+02	0.000000e+00	0.000000e+00	0.000000e+00
3.300000e+02	3.600000e+02	4.500000e+02	4.800000e+02	0.000000e+00	0.000000e+00	0.000000e+00
3.300000e+02	3.600000e+02	4.800000e+02	5.100000e+02	0.000000e+00	0.000000e+00	0.000000e+00
3.300000e+02	3.600000e+02	5.100000e+02	5.400000e+02	0.000000e+00	0.000000e+00	0.000000e+00
3.300000e+02	3.600000e+02	5.400000e+02	5.700000e+02	0.000000e+00	0.000000e+00	0.000000e+00
3.300000e+02	3.600000e+02	5.700000e+02	6.000000e+02	0.000000e+00	0.000000e+00	0.000000e+00
3.300000e+02	3.600000e+02	6.000000e+02	6.300000e+02	0.000000e+00	0.000000e+00	0.000000e+00
3.300000e+02	3.600000e+02	6.300000e+02	6.600000e+02	0.000000e+00	0.000000e+00	0.000000e+00
3.300000e+02	3.600000e+02	6.600000e+02	6.900000e+02	0.000000e+00	0.000000e+00	0.000000e+00
3.300000e+02	3.600000e+02	6.900000e+02	7.200000e+02	0.000000e+00	0.000000e+00	0.000000e+00
3.300000e+02	3.600000e+02	7.200000e+02	7.500000e+02	0.000000e+00	0.000000e+00	0.000000e+00
3.300000e+02	3.600000e+02	7.500000e+02	7.800000e+02	0.000000e+00	0.000000e+00	0.000000e+00
3.300000e+02	3.600000e+02	7.800000e+02	8.100000e+02	0.000000e+00	0.000000e+00	0.000000e+00
3.300000e+02	3.600000e+02	8.100000e+02	8.400000e+02	0.000000e+00	0.000000e+00	0.000000e+00
3.300000e+02	3.600000e+02	8.400000e+02	8.700000e+02	0.000000e+00	0.000000e+00	0.000000e+00
3.300000e+02	3.600000e+02	8.700000e+02	9.000000e+02	0.000000e+00	0.000000e+00	0.000000e+00
3.600000e+02	3.900000e+02	0.000000e+00	3.000000e+01	0.000000e+00	0.000000e+00	0.000000e+00
3.600000e+02	3.900000e+02	3.000000e+01	6.000000e+01	0.000000e+00	0.000000e+00	0.000000e+00
3.600000e+02	3.900000e+02	6.000000e+01	9.000000e+01	0.000000e+00	0.000000e+00	0.000000e+00
3.600000e+02	3.900000e+02	9.000000e+01	1.200000e+02	0.000000e+00	0.000000e+00	0.000000e+00
3.600000e+02	3.900000e+02	1.200000e+02	1.500000e+02	0.000000e+00	0.000000e+00	0.000000e+00
3.600000e+02	3.900000e+02	1.500000e+02	1.800000e+02	0.000000e+00	0.000000e+00	0.000000e+00
3.600000e+02	3.900000e+02	1.800000e+02	2.100000e+02	4.855096e-04	7.774375e-05	7.774375e-05
3.600000e+02	3.900000e+02	2.100000e+02	2.400000e+02	2.614282e-03	1.804026e-04	1.804026e-04
3.600000e+02	3.900000e+02	2.400000e+02	2.700000e+02	4.892442e-03	2.467911e-04	2.467911e-04
3.600000e+02	3.900000e+02	2.700000e+02	3.000000e+02	6.697542e-03	2.887515e-04	2.887515e-04
3.600000e+02	3.900000e+02	3.000000e+02	3.300000e+02	9.137539e-03	3.372727e-04	3.372727e-04
3.600000e+02	3.900000e+02	3.300000e+02	3.600000e+02	1.035754e-02	3.590830e-04	3.590830e-04
3.600000e+02	3.900000e+02	3.600000e+02	3.900000e+02	4.817749e-03	2.448999e-04	2.448999e-04
3.600000e+02	3.900000e+02	3.900000e+02	4.200000e+02	0.000000e+00	0.000000e+00	0.000000e+00
3.600000e+02	3.900000e+02	4.200000e+02	4.500000e+02	0.000000e+00	0.000000e+00	0.000000e+00
3.600000e+02	3.900000e+02	4.500000e+02	4.800000e+02	0.000000e+00	0.000000e+00	0.000000e+00
3.600000e+02	3.900000e+02	4.800000e+02	5.100000e+02	0.000000e+00	0.000000e+00	0.000000e+00
3.600000e+02	3.900000e+02	5.100000e+02	5.400000e+02	0.000000e+00	0.000000e+00	0.000000e+00
3.600000e+02	3.900000e+02	5.400000e+02	5.700000e+02	0.000000e+00	0.000000e+00	0.000000e+00
3.600000e+02	3.900000e+02	5.700000e+02	6.000000e+02	0.000000e+00	0.000000e+00	0.000000e+00
3.600000e+02	3.900000e+02	6.000000e+02	6.300000e+02	0.000000e+00	0.000000e+00	0.000000e+00
3.600000e+02	3.900000e+02	6.300000e+02	6.600000e+02	0.000000e+00	0.000000e+00	0.000000e+00
3.600000e+02	3.900000e+02	6.600000e+02	6.900000e+02	0.000000e+00	0.000000e+00	0.000000e+00
3.600000e+02	3.900000e+02	6.900000e+02	7.200000e+02	0.000000e+00	0.000000e+00	0.000000e+00
3.600000e+02	3.900000e+02	7.200000e+02	7.500000e+02	0.000000e+00	0.000000e+00	0.000000e+00
3.600000e+02	3.900000e+02	7.500000e+02	7.800000e+02	0.000000e+00	0.000000e+00	0.000000e+00
3.600000e+02	3.900000e+02	7.800000e+02	8.100000e+02	0.000000e+00	0.000000e+00	0.000000e+00
3.600000e+02	3.900000e+02	8.100000e+02	8.400000e+02	0.000000e+00	0.000000e+00	0.000000e+00
3.600000e+02	3.900000e+02	8.400000e+02	8.700000e+02	0.000000e+00	0.000000e+00	0.000000e+00
3.600000e+02	3.900000e+02	8.700000e+02	9.000000e+02	0.000000e+00	0.000000e+00	0.000000e+00
3.900000e+02	4.200000e+02	0.000000e+00	3.000000e+01	0.000000e+00	0.000000e+00	0.000000e+00
3.900000e+02	4.200000e+02	3.000000e+01	6.000000e+01	0.000000e+00	0.000000e+00	0.000000e+00
3.900000e+02	4.200000e+02	6.000000e+01	9.000000e+01	0.000000e+00	0.000000e+00	0.000000e+00
3.900000e+02	4.200000e+02	9.000000e+01	1.200000e+02	0.000000e+00	0.000000e+00	0.000000e+00
3.900000e+02	4.200000e+02	1.200000e+02	1.500000e+02	0.000000e+00	0.000000e+00	0.000000e+00
3.900000e+02	4.200000e+02	1.500000e+02	1.800000e+02	0.000000e+00	0.000000e+00	0.000000e+00
3.900000e+02	4.200000e+02	1.800000e+02	2.100000e+02	3.112241e-04	6.224482e-05	6.224482e-05
3.900000e+02	4.200000e+02	2.100000e+02	2.400000e+02	1.655712e-03	1.435685e-04	1.435685e-04
3.900000e+02	4.200000e+02	2.400000e+02	2.700000e+02	3.236730e-03	2.007335e-04	2.007335e-04
3.900000e+02	4.200000e+02	2.700000e+02	3.000000e+02	4.518973e-03	2.371846e-04	2.371846e-04
3.900000e+02	4.200000e+02	3.000000e+02	3.300000e+02	6.411217e-03	2.825119e-04	2.825119e-04
3.900000e+02	4.200000e+02	3.300000e+02	3.600000e+02	6.909174e-03	2.932781e-04	2.932781e-04
3.900000e+02	4.200000e+02	3.600000e+02	3.900000e+02	7.332440e-03	3.021279e-04	3.021279e-04
3.900000e+02	4.200000e+02	3.900000e+02	4.200000e+02	3.311424e-03	2.030365e-04	2.030365e-04
3.900000e+02	4.200000e+02	4.200000e+02	4.500000e+02	0.000000e+00	0.000000e+00	0.000000e+00
3.900000e+02	4.200000e+02	4.500000e+02	4.800000e+02	0.000000e+00	0.000000e+00	0.000000e+00
3.900000e+02	4.200000e+02	4.800000e+02	5.100000e+02	0.000000e+00	0.000000e+00	0.000000e+00
3.900000e+02	4.200000e+02	5.100000e+02	5.400000e+02	0.000000e+00	0.000000e+00	0.000000e+00
3.900000e+02	4.200000e+02	5.400000e+02	5.700000e+02	0.000000e+00	0.000000e+00	0.000000e+00
3.900000e+02	4.200000e+02	5.700000e+02	6.000000e+02	0.000000e+00	0.000000e+00	0.000000e+00
3.900000e+02	4.200000e+02	6.000000e+02	6.300000e+02	0.000000e+00	0.000000e+00	0.000000e+00
3.900000e+02	4.200000e+02	6.300000e+02	6.600000e+02	0.000000e+00	0.000000e+00	0.000000e+00
3.900000e+02	4.200000e+02	6.600000e+02	6.900000e+02	0.000000e+00	0.000000e+00	0.000000e+00
3.900000e+02	4.200000e+02	6.900000e+02	7.200000e+02	0.000000e+00	0.000000e+00	0.000000e+00
3.900000e+02	4.200000e+02	7.200000e+02	7.500000e+02	0.000000e+00	0.000000e+00	0.000000e+00
3.900000e+02	4.200000e+02	7.500000e+02	7.800000e+02	0.000000e+00	0.000000e+00	0.000000e+00
3.900000e+02	4.200000e+02	7.800000e+02	8.100000e+02	0.000000e+00	0.000000e+00	0.000000e+00
3.900000e+02	4.200000e+02	8.100000e+02	8.400000e+02	0.000000e+00	0.000000e+00	0.000000e+00
3.900000e+02	4.200000e+02	8.400000e+02	8.700000e+02	0.000000e+00	0.000000e+00	0.000000e+00
3.900000e+02	4.200000e+02	8.700000e+02	9.000000e+02	0.000000e+00	0.000000e+00	0.000000e+00
4.200000e+02	4.500000e+02	0.000000e+00	3.000000e+01	0.000000e+00	0.000000e+00	0.000000e+00
4.200000e+02	4.500000e+02	3.000000e+01	6.000000e+01	0.000000e+00	0.000000e+00	0.000000e+00
4.200000e+02	4.500000e+02	6.000000e+01	9.000000e+01	0.000000e+00	0.000000e+00	0.000000e+00
4.200000e+02	4.500000e+02	9.000000e+01	1.200000e+02	0.000000e+00	0.000000e+00	0.000000e+00
4.200000e+02	4.500000e+02	1.200000e+02	1.500000e+02	0.000000e+00	0.000000e+00	0.000000e+00
4.200000e+02	4.500000e+02	1.500000e+02	1.800000e+02	0.000000e+00	0.000000e+00	0.000000e+00
4.200000e+02	4.500000e+02	1.800000e+02	2.100000e+02	2.116323e-04	5.132839e-05	5.132839e-05
4.200000e+02	4.500000e+02	2.100000e+02	2.400000e+02	9.461212e-04	1.085275e-04	1.085275e-04
4.200000e+02	4.500000e+02	2.400000e+02	2.700000e+02	2.091426e-03	1.613570e-04	1.613570e-04
4.200000e+02	4.500000e+02	2.700000e+02	3.000000e+02	3.112241e-03	1.968354e-04	1.968354e-04
4.200000e+02	4.500000e+02	3.000000e+02	3.300000e+02	3.983668e-03	2.226938e-04	2.226938e-04
4.200000e+02	4.500000e+02	3.300000e+02	3.600000e+02	4.307341e-03	2.315641e-04	2.315641e-04
4.200000e+02	4.500000e+02	3.600000e+02	3.900000e+02	4.643463e-03	2.404294e-04	2.404294e-04
4.200000e+02	4.500000e+02	3.900000e+02	4.200000e+02	5.365503e-03	2.584472e-04	2.584472e-04
4.200000e+02	4.500000e+02	4.200000e+02	4.500000e+02	2.352854e-03	1.711449e-04	1.711449e-04
4.200000e+02	4.500000e+02	4.500000e+02	4.800000e+02	0.000000e+00	0.000000e+00	0.000000e+00
4.200000e+02	4.500000e+02	4.800000e+02	5.100000e+02	0.000000e+00	0.000000e+00	0.000000e+00
4.200000e+02	4.500000e+02	5.100000e+02	5.400000e+02	0.000000e+00	0.000000e+00	0.000000e+00
4.200000e+02	4.500000e+02	5.400000e+02	5.700000e+02	0.000000e+00	0.000000e+00	0.000000e+00
4.200000e+02	4.500000e+02	5.700000e+02	6.000000e+02	0.000000e+00	0.000000e+00	0.000000e+00
4.200000e+02	4.500000e+02	6.000000e+02	6.300000e+02	0.000000e+00	0.000000e+00	0.000000e+00
4.200000e+02	4.500000e+02	6.300000e+02	6.600000e+02	0.000000e+00	0.000000e+00	0.000000e+00
4.200000e+02	4.500000e+02	6.600000e+02	6.900000e+02	0.000000e+00	0.000000e+00	0.000000e+00
4.200000e+02	4.500000e+02	6.900000e+02	7.200000e+02	0.000000e+00	0.000000e+00	0.000000e+00
4.200000e+02	4.500000e+02	7.200000e+02	7.500000e+02	0.000000e+00	0.000000e+00	0.000000e+00
4.200000e+02	4.500000e+02	7.500000e+02	7.800000e+02	0.000000e+00	0.000000e+00	0.000000e+00
4.200000e+02	4.500000e+02	7.800000e+02	8.100000e+02	0.000000e+00	0.000000e+00	0.000000e+00
4.200000e+02	4.500000e+02	8.100000e+02	8.400000e+02	0.000000e+00	0.000000e+00	0.000000e+00
4.200000e+02	4.500000e+02	8.400000e+02	8.700000e+02	0.000000e+00	0.000000e+00	0.000000e+00
4.200000e+02	4.500000e+02	8.700000e+02	9.000000e+02	0.000000e+00	0.000000e+00	0.000000e+00
4.500000e+02	4.800000e+02	0.000000e+00	3.000000e+01	0.000000e+00	0.000000e+00	0.000000e+00
4.500000e+02	4.800000e+02	3.000000e+01	6.000000e+01	0.000000e+00	0.000000e+00	0.000000e+00
4.500000e+02	4.800000e+02	6.000000e+01	9.000000e+01	0.000000e+00	0.000000e+00	0.000000e+00
4.500000e+02	4.800000e+02	9.000000e+01	1.200000e+02	0.000000e+00	0.000000e+00	0.000000e+00
4.500000e+02	4.800000e+02	1.200000e+02	1.500000e+02	0.000000e+00	0.000000e+00	0.000000e+00
4.500000e+02	4.800000e+02	1.500000e+02	1.800000e+02	0.000000e+00	0.000000e+00	0.000000e+00
4.500000e+02	4.800000e+02	1.800000e+02	2.100000e+02	1.742854e-04	4.657976e-05	4.657976e-05
4.500000e+02	4.800000e+02	2.100000e+02	2.400000e+02	6.971420e-04	9.315951e-05	9.315951e-05
4.500000e+02	4.800000e+02	2.400000e+02	2.700000e+02	1.693059e-03	1.451786e-04	1.451786e-04
4.500000e+02	4.800000e+02	2.700000e+02	3.000000e+02	2.253262e-03	1.674837e-04	1.674837e-04
4.500000e+02	4.800000e+02	3.000000e+02	3.300000e+02	2.552038e-03	1.782420e-04	1.782420e-04
4.500000e+02	4.800000e+02	3.300000e+02	3.600000e+02	2.863261e-03	1.887979e-04	1.887979e-04
4.500000e+02	4.800000e+02	3.600000e+02	3.900000e+02	3.323873e-03	2.034177e-04	2.034177e-04
4.500000e+02	4.800000e+02	3.900000e+02	4.200000e+02	3.535506e-03	2.097937e-04	2.097937e-04
4.500000e+02	4.800000e+02	4.200000e+02	4.500000e+02	3.622649e-03	2.123634e-04	2.123634e-04
4.500000e+02	4.800000e+02	4.500000e+02	4.800000e+02	1.618366e-03	1.419400e-04	1.419400e-04
4.500000e+02	4.800000e+02	4.800000e+02	5.100000e+02	0.000000e+00	0.000000e+00	0.000000e+00
4.500000e+02	4.800000e+02	5.100000e+02	5.400000e+02	0.000000e+00	0.000000e+00	0.000000e+00
4.500000e+02	4.800000e+02	5.400000e+02	5.700000e+02	0.000000e+00	0.000000e+00	0.000000e+00
4.500000e+02	4.800000e+02	5.700000e+02	6.000000e+02	0.000000e+00	0.000000e+00	0.000000e+00
4.500000e+02	4.800000e+02	6.000000e+02	6.300000e+02	0.000000e+00	0.000000e+00	0.000000e+00
4.500000e+02	4.800000e+02	6.300000e+02	6.600000e+02	0.000000e+00	0.000000e+00	0.000000e+00
4.500000e+02	4.800000e+02	6.600000e+02	6.900000e+02	0.000000e+00	0.000000e+00	0.000000e+00
4.500000e+02	4.800000e+02	6.900000e+02	7.200000e+02	0.000000e+00	0.000000e+00	0.000000e+00
4.500000e+02	4.800000e+02	7.200000e+02	7.500000e+02	0.000000e+00	0.000000e+00	0.000000e+00
4.500000e+02	4.800000e+02	7.500000e+02	7.800000e+02	0.000000e+00	0.000000e+00	0.000000e+00
4.500000e+02	4.800000e+02	7.800000e+02	8.100000e+02	0.000000e+00	0.000000e+00	0.000000e+00
4.500000e+02	4.800000e+02	8.100000e+02	8.400000e+02	0.000000e+00	0.000000e+00	0.000000e+00
4.500000e+02	4.800000e+02	8.400000e+02	8.700000e+02	0.000000e+00	0.000000e+00	0.000000e+00
4.500000e+02	4.800000e+02	8.700000e+02	9.000000e+02	0.000000e+00	0.000000e+00	0.000000e+00
4.800000e+02	5.100000e+02	0.000000e+00	3.000000e+01	0.000000e+00	0.000000e+00	0.000000e+00
4.800000e+02	5.100000e+02	3.000000e+01	6.000000e+01	0.000000e+00	0.000000e+00	0.000000e+00
4.800000e+02	5.100000e+02	6.000000e+01	9.000000e+01	0.000000e+00	0.000000e+00	0.000000e+00
4.800000e+02	5.100000e+02	9.000000e+01	1.200000e+02	0.000000e+00	0.000000e+00	0.000000e+00
4.800000e+02	5.100000e+02	1.200000e+02	1.500000e+02	0.000000e+00	0.000000e+00	0.000000e+00
4.800000e+02	5.100000e+02	1.500000e+02	1.800000e+02	0.000000e+00	0.000000e+00	0.000000e+00
4.800000e+02	5.100000e+02	1.800000e+02	2.100000e+02	9.959171e-05	3.521099e-05	3.521099e-05
4.800000e+02	5.100000e+02	2.100000e+02	2.400000e+02	7.469378e-04	9.642926e-05	9.642926e-05
4.800000e+02	5.100000e+02	2.400000e+02	2.700000e+02	1.008366e-03	1.120407e-04	1.120407e-04
4.800000e+02	5.100000e+02	2.700000e+02	3.000000e+02	1.618366e-03	1.419400e-04	1.419400e-04
4.800000e+02	5.100000e+02	3.000000e+02	3.300000e+02	1.705508e-03	1.457114e-04	1.457114e-04
4.800000e+02	5.100000e+02	3.300000e+02	3.600000e+02	1.829998e-03	1.509356e-04	1.509356e-04
4.800000e+02	5.100000e+02	3.600000e+02	3.900000e+02	2.029181e-03	1.589377e-04	1.589377e-04
4.800000e+02	5.100000e+02	3.900000e+02	4.200000e+02	2.614282e-03	1.804026e-04	1.804026e-04
4.800000e+02	5.100000e+02	4.200000e+02	4.500000e+02	2.390201e-03	1.724979e-04	1.724979e-04
4.800000e+02	5.100000e+02	4.500000e+02	4.800000e+02	2.464894e-03	1.751724e-04	1.751724e-04
4.800000e+02	5.100000e+02	4.800000e+02	5.100000e+02	1.307141e-03	1.275639e-04	1.275639e-04
4.800000e+02	5.100000e+02	5.100000e+02	5.400000e+02	0.000000e+00	0.000000e+00	0.000000e+00
4.800000e+02	5.100000e+02	5.400000e+02	5.700000e+02	0.000000e+00	0.000000e+00	0.000000e+00
4.800000e+02	5.100000e+02	5.700000e+02	6.000000e+02	0.000000e+00	0.000000e+00	0.000000e+00
4.800000e+02	5.100000e+02	6.000000e+02	6.300000e+02	0.000000e+00	0.000000e+00	0.000000e+00
4.800000e+02	5.100000e+02	6.300000e+02	6.600000e+02	0.000000e+00	0.000000e+00	0.000000e+00
4.800000e+02	5.100000e+02	6.600000e+02	6.900000e+02	0.000000e+00	0.000000e+00	0.000000e+00
4.800000e+02	5.100000e+02	6.900000e+02	7.200000e+02	0.000000e+00	0.000000e+00	0.000000e+00
4.800000e+02	5.100000e+02	7.200000e+02	7.500000e+02	0.000000e+00	0.000000e+00	0.000000e+00
4.800000e+02	5.100000e+02	7.500000e+02	7.800000e+02	0.000000e+00	0.000000e+00	0.000000e+00
4.800000e+02	5.100000e+02	7.800000e+02	8.100000e+02	0.000000e+00	0.000000e+00	0.000000e+00
4.800000e+02	5.100000e+02	8.100000e+02	8.400000e+02	0.000000e+00	0.000000e+00	0.000000e+00
4.800000e+02	5.100000e+02	8.400000e+02	8.700000e+02	0.000000e+00	0.000000e+00	0.000000e+00
4.800000e+02	5.100000e+02	8.700000e+02	9.000000e+02	0.000000e+00	0.000000e+00	0.000000e+00
5.100000e+02	5.400000e+02	0.000000e+00	3.000000e+01	0.000000e+00	0.000000e+00	0.000000e+00
5.100000e+02	5.400000e+02	3.000000e+01	6.000000e+01	0.000000e+00	0.000000e+00	0.000000e+00
5.100000e+02	5.400000e+02	6.000000e+01	9.000000e+01	0.000000e+00	0.000000e+00	0.000000e+00
5.100000e+02	5.400000e+02	9.000000e+01	1.200000e+02	0.000000e+00	0.000000e+00	0.000000e+00
5.100000e+02	5.400000e+02	1.200000e+02	1.500000e+02	0.000000e+00	0.000000e+00	0.000000e+00
5.100000e+02	5.400000e+02	1.500000e+02	1.800000e+02	0.000000e+00	0.000000e+00	0.000000e+00
5.100000e+02	5.400000e+02	1.800000e+02	2.100000e+02	1.120407e-04	3.734689e-05	3.734689e-05
5.100000e+02	5.400000e+02	2.100000e+02	2.400000e+02	4.606117e-04	7.572408e-05	7.572408e-05
5.100000e+02	5.400000e+02	2.400000e+02	2.700000e+02	6.597951e-04	9.062982e-05	9.062982e-05
5.100000e+02	5.400000e+02	2.700000e+02	3.000000e+02	9.834681e-04	1.106488e-04	1.106488e-04
5.100000e+02	5.400000e+02	3.000000e+02	3.300000e+02	1.170202e-03	1.206972e-04	1.206972e-04
5.100000e+02	5.400000e+02	3.300000e+02	3.600000e+02	1.269794e-03	1.257283e-04	1.257283e-04
5.100000e+02	5.400000e+02	3.600000e+02	3.900000e+02	1.655712e-03	1.435685e-04	1.435685e-04
5.100000e+02	5.400000e+02	3.900000e+02	4.200000e+02	1.655712e-03	1.435685e-04	1.435685e-04
5.100000e+02	5.400000e+02	4.200000e+02	4.500000e+02	1.556120e-03	1.391836e-04	1.391836e-04
5.100000e+02	5.400000e+02	4.500000e+02	4.800000e+02	1.605917e-03	1.413930e-04	1.413930e-04
5.100000e+02	5.400000e+02	4.800000e+02	5.100000e+02	2.041630e-03	1.594245e-04	1.594245e-04
5.100000e+02	5.400000e+02	5.100000e+02	5.400000e+02	9.212233e-04	1.070900e-04	1.070900e-04
5.100000e+02	5.400000e+02	5.400000e+02	5.700000e+02	0.000000e+00	0.000000e+00	0.000000e+00
5.100000e+02	5.400000e+02	5.700000e+02	6.000000e+02	0.000000e+00	0.000000e+00	0.000000e+00
5.100000e+02	5.400000e+02	6.000000e+02	6.300000e+02	0.000000e+00	0.000000e+00	0.000000e+00
5.100000e+02	5.400000e+02	6.300000e+02	6.600000e+02	0.000000e+00	0.000000e+00	0.000000e+00
5.100000e+02	5.400000e+02	6.600000e+02	6.900000e+02	0.000000e+00	0.000000e+00	0.000000e+00
5.100000e+02	5.400000e+02	6.900000e+02	7.200000e+02	0.000000e+00	0.000000e+00	0.000000e+00
5.100000e+02	5.400000e+02	7.200000e+02	7.500000e+02	0.000000e+00	0.000000e+00	0.000000e+00
5.100000e+02	5.400000e+02	7.500000e+02	7.800000e+02	0.000000e+00	0.000000e+00	0.000000e+00
5.100000e+02	5.400000e+02	7.800000e+02	8.100000e+02	0.000000e+00	0.000000e+00	0.000000e+00
5.100000e+02	5.400000e+02	8.100000e+02	8.400000e+02	0.000000e+00	0.000000e+00	0.000000e+00
5.100000e+02	5.400000e+02	8.400000e+02	8.700000e+02	0.000000e+00	0.000000e+00	0.000000e+00
5.100000e+02	5.400000e+02	8.700000e+02	9.000000e+02	0.000000e+00	0.000000e+00	0.000000e+00
5.400000e+02	5.700000e+02	0.000000e+00	3.000000e+01	0.000000e+00	0.000000e+00	0.000000e+00
5.400000e+02	5.700000e+02	3.000000e+01	6.000000e+01	0.000000e+00	0.000000e+00	0.000000e+00
5.400000e+02	5.700000e+02	6.000000e+01	9.000000e+01	0.000000e+00	0.000000e+00	0.000000e+00
5.400000e+02	5.700000e+02	9.000000e+01	1.200000e+02	0.000000e+00	0.000000e+00	0.000000e+00
5.400000e+02	5.700000e+02	1.200000e+02	1.500000e+02	0.000000e+00	0.000000e+00	0.000000e+00
5.400000e+02	5.700000e+02	1.500000e+02	1.800000e+02	0.000000e+00	0.000000e+00	0.000000e+00
5.400000e+02	5.700000e+02	1.800000e+02	2.100000e+02	4.979586e-05	2.489793e-05	2.489793e-05
5.400000e+02	5.700000e+02	2.100000e+02	2.400000e+02	1.991834e-04	4.979585e-05	4.979585e-05
5.400000e+02	5.700000e+02	2.400000e+02	2.700000e+02	4.730607e-04	7.674057e-05	7.674057e-05
5.400000e+02	5.700000e+02	2.700000e+02	3.000000e+02	8.465296e-04	1.026568e-04	1.026568e-04
5.400000e+02	5.700000e+02	3.000000e+02	3.300000e+02	8.340806e-04	1.018992e-04	1.018992e-04
5.400000e+02	5.700000e+02	3.300000e+02	3.600000e+02	8.838764e-04	1.048968e-04	1.048968e-04
5.400000e+02	5.700000e+02	3.600000e+02	3.900000e+02	1.058162e-03	1.147738e-04	1.147738e-04
5.400000e+02	5.700000e+02	3.900000e+02	4.200000e+02	9.212233e-04	1.070900e-04	1.070900e-04
5.400000e+02	5.700000e+02	4.200000e+02	4.500000e+02	1.120407e-03	1.181012e-04	1.181012e-04
5.400000e+02	5.700000e+02	4.500000e+02	4.800000e+02	1.157753e-03	1.200534e-04	1.200534e-04
5.400000e+02	5.700000e+02	4.800000e+02	5.100000e+02	1.543671e-03	1.386258e-04	1.386258e-04
5.400000e+02	5.700000e+02	5.100000e+02	5.400000e+02	1.518773e-03	1.375033e-04	1.375033e-04
5.400000e+02	5.700000e+02	5.400000e+02	5.700000e+02	7.095909e-04	9.398761e-05	9.398761e-05
5.400000e+02	5.700000e+02	5.700000e+02	6.000000e+02	0.000000e+00	0.000000e+00	0.000000e+00
5.400000e+02	5.700000e+02	6.000000e+02	6.300000e+02	0.000000e+00	0.000000e+00	0.000000e+00
5.400000e+02	5.700000e+02	6.300000e+02	6.600000e+02	0.000000e+00	0.000000e+00	0.000000e+00
5.400000e+02	5.700000e+02	6.600000e+02	6.900000e+02	0.000000e+00	0.000000e+00	0.000000e+00
5.400000e+02	5.700000e+02	6.900000e+02	7.200000e+02	0.000000e+00	0.000000e+00	0.000000e+00
5.400000e+02	5.700000e+02	7.200000e+02	7.500000e+02	0.000000e+00	0.000000e+00	0.000000e+00
5.400000e+02	5.700000e+02	7.500000e+02	7.800000e+02	0.000000e+00	0.000000e+00	0.000000e+00
5.400000e+02	5.700000e+02	7.800000e+02	8.100000e+02	0.000000e+00	0.000000e+00	0.000000e+00
5.400000e+02	5.700000e+02	8.100000e+02	8.400000e+02	0.000000e+00	0.000000e+00	0.000000e+00
5.400000e+02	5.700000e+02	8.400000e+02	8.700000e+02	0.000000e+00	0.000000e+00	0.000000e+00
5.400000e+02	5.700000e+02	8.700000e+02	9.000000e+02	0.000000e+00	0.000000e+00	0.000000e+00
5.700000e+02	6.000000e+02	0.000000e+00	3.000000e+01	0.000000e+00	0.000000e+00	0.000000e+00
5.700000e+02	6.000000e+02	3.000000e+01	6.000000e+01	0.000000e+00	0.000000e+00	0.000000e+00
5.700000e+02	6.000000e+02	6.000000e+01	9.000000e+01	0.000000e+00	0.000000e+00	0.000000e+00
5.700000e+02	6.000000e+02	9.000000e+01	1.200000e+02	0.000000e+00	0.000000e+00	0.000000e+00
5.700000e+02	6.000000e+02	1.200000e+02	1.500000e+02	0.000000e+00	0.000000e+00	0.000000e+00
5.700000e+02	6.000000e+02	1.500000e+02	1.800000e+02	0.000000e+00	0.000000e+00	0.000000e+00
5.700000e+02	6.000000e+02	1.800000e+02	2.100000e+02	2.489792e-05	1.760549e-05	1.760549e-05
5.700000e+02	6.000000e+02	2.100000e+02	2.400000e+02	1.867344e-04	4.821463e-05	4.821463e-05
5.700000e+02	6.000000e+02	2.400000e+02	2.700000e+02	4.108158e-04	7.151385e-05	7.151385e-05
5.700000e+02	6.000000e+02	2.700000e+02	3.000000e+02	3.361220e-04	6.468671e-05	6.468671e-05
5.700000e+02	6.000000e+02	3.000000e+02	3.300000e+02	4.606117e-04	7.572408e-05	7.572408e-05
5.700000e+02	6.000000e+02	3.300000e+02	3.600000e+02	7.344889e-04	9.562230e-05	9.562230e-05
5.700000e+02	6.000000e+02	3.600000e+02	3.900000e+02	8.340806e-04	1.018992e-04	1.018992e-04
5.700000e+02	6.000000e+02	3.900000e+02	4.200000e+02	1.008366e-03	1.120407e-04	1.120407e-04
5.700000e+02	6.000000e+02	4.200000e+02	4.500000e+02	1.008366e-03	1.120407e-04	1.120407e-04
5.700000e+02	6.000000e+02	4.500000e+02	4.800000e+02	7.095909e-04	9.398761e-05	9.398761e-05
5.700000e+02	6.000000e+02	4.800000e+02	5.100000e+02	9.959171e-04	1.113469e-04	1.113469e-04
5.700000e+02	6.000000e+02	5.100000e+02	5.400000e+02	1.020815e-03	1.127301e-04	1.127301e-04
5.700000e+02	6.000000e+02	5.400000e+02	5.700000e+02	1.070611e-03	1.154470e-04	1.154470e-04
5.700000e+02	6.000000e+02	5.700000e+02	6.000000e+02	4.855096e-04	7.774375e-05	7.774375e-05
5.700000e+02	6.000000e+02	6.000000e+02	6.300000e+02	0.000000e+00	0.000000e+00	0.000000e+00
5.700000e+02	6.000000e+02	6.300000e+02	6.600000e+02	0.000000e+00	0.000000e+00	0.000000e+00
5.700000e+02	6.000000e+02	6.600000e+02	6.900000e+02	0.000000e+00	0.000000e+00	0.000000e+00
5.700000e+02	6.000000e+02	6.900000e+02	7.200000e+02	0.000000e+00	0.000000e+00	0.000000e+00
5.700000e+02	6.000000e+02	7.200000e+02	7.500000e+02	0.000000e+00	0.000000e+00	0.000000e+00
5.700000e+02	6.000000e+02	7.500000e+02	7.800000e+02	0.000000e+00	0.000000e+00	0.000000e+00
5.700000e+02	6.000000e+02	7.800000e+02	8.100000e+02	0.000000e+00	0.000000e+00	0.000000e+00
5.700000e+02	6.000000e+02	8.100000e+02	8.400000e+02	0.000000e+00	0.000000e+00	0.000000e+00
5.700000e+02	6.000000e+02	8.400000e+02	8.700000e+02	0.000000e+00	0.000000e+00	0.000000e+00
5.700000e+02	6.000000e+02	8.700000e+02	9.000000e+02	0.000000e+00	0.000000e+00	0.000000e+00
6.000000e+02	6.300000e+02	0.000000e+00	3.000000e+01	0.000000e+00	0.000000e+00	0.000000e+00
6.000000e+02	6.300000e+02	3.000000e+01	6.000000e+01	0.000000e+00	0.000000e+00	0.000000e+00
6.000000e+02	6.300000e+02	6.000000e+01	9.000000e+01	0.000000e+00	0.000000e+00	0.000000e+00
6.000000e+02	6.300000e+02	9.000000e+01	1.200000e+02	0.000000e+00	0.000000e+00	0.000000e+00
6.000000e+02	6.300000e+02	1.200000e+02	1.500000e+02	0.000000e+00	0.000000e+00	0.000000e+00
6.000000e+02	6.300000e+02	1.500000e+02	1.800000e+02	0.000000e+00	0.000000e+00	0.000000e+00
6.000000e+02	6.300000e+02	1.800000e+02	2.100000e+02	0.000000e+00	0.000000e+00	0.000000e+00
6.000000e+02	6.300000e+02	2.100000e+02	2.400000e+02	1.120407e-04	3.734689e-05	3.734689e-05
6.000000e+02	6.300000e+02	2.400000e+02	2.700000e+02	1.867344e-04	4.821463e-05	4.821463e-05
6.000000e+02	6.300000e+02	2.700000e+02	3.000000e+02	3.112241e-04	6.224482e-05	6.224482e-05
6.000000e+02	6.300000e+02	3.000000e+02	3.300000e+02	4.730607e-04	7.674057e-05	7.674057e-05
6.000000e+02	6.300000e+02	3.300000e+02	3.600000e+02	5.353054e-04	8.163331e-05	8.163331e-05
6.000000e+02	6.300000e+02	3.600000e+02	3.900000e+02	4.730607e-04	7.674057e-05	7.674057e-05
6.000000e+02	6.300000e+02	3.900000e+02	4.200000e+02	4.606117e-04	7.572408e-05	7.572408e-05
6.000000e+02	6.300000e+02	4.200000e+02	4.500000e+02	7.344889e-04	9.562230e-05	9.562230e-05
6.000000e+02	6.300000e+02	4.500000e+02	4.800000e+02	6.846930e-04	9.232399e-05	9.232399e-05
6.000000e+02	6.300000e+02	4.800000e+02	5.100000e+02	7.469378e-04	9.642926e-05	9.642926e-05
6.000000e+02	6.300000e+02	5.100000e+02	5.400000e+02	8.340806e-04	1.018992e-04	1.018992e-04
6.000000e+02	6.300000e+02	5.400000e+02	5.700000e+02	7.220399e-04	9.480848e-05	9.480848e-05
6.000000e+02	6.300000e+02	5.700000e+02	6.000000e+02	9.959171e-04	1.113469e-04	1.113469e-04
6.000000e+02	6.300000e+02	6.000000e+02	6.300000e+02	3.734689e-04	6.818578e-05	6.818578e-05
6.000000e+02	6.300000e+02	6.300000e+02	6.600000e+02	0.000000e+00	0.000000e+00	0.000000e+00
6.000000e+02	6.300000e+02	6.600000e+02	6.900000e+02	0.000000e+00	0.000000e+00	0.000000e+00
6.000000e+02	6.300000e+02	6.900000e+02	7.200000e+02	0.000000e+00	0.000000e+00	0.000000e+00
6.000000e+02	6.300000e+02	7.200000e+02	7.500000e+02	0.000000e+00	0.000000e+00	0.000000e+00
6.000000e+02	6.300000e+02	7.500000e+02	7.800000e+02	0.000000e+00	0.000000e+00	0.000000e+00
6.000000e+02	6.300000e+02	7.800000e+02	8.100000e+02	0.000000e+00	0.000000e+00	0.000000e+00
6.000000e+02	6.300000e+02	8.100000e+02	8.400000e+02	0.000000e+00	0.000000e+00	0.000000e+00
6.000000e+02	6.300000e+02	8.400000e+02	8.700000e+02	0.000000e+00	0.000000e+00	0.000000e+00
6.000000e+02	6.300000e+02	8.700000e+02	9.000000e+02	0.000000e+00	0.000000e+00	0.000000e+00
6.300000e+02	6.600000e+02	0.000000e+00	3.000000e+01	0.000000e+00	0.000000e+00	0.000000e+00
6.300000e+02	6.600000e+02	3.000000e+01	6.000000e+01	0.000000e+00	0.000000e+00	0.000000e+00
6.300000e+02	6.600000e+02	6.000000e+01	9.000000e+01	0.000000e+00	0.000000e+00	0.000000e+00
6.300000e+02	6.600000e+02	9.000000e+01	1.200000e+02	0.000000e+00	0.000000e+00	0.000000e+00
6.300000e+02	6.600000e+02	1.200000e+02	1.500000e+02	0.000000e+00	0.000000e+00	0.000000e+00
6.300000e+02	6.600000e+02	1.500000e+02	1.800000e+02	0.000000e+00	0.000000e+00	0.000000e+00
6.300000e+02	6.600000e+02	1.800000e+02	2.100000e+02	4.979586e-05	2.489793e-05	2.489793e-05
6.300000e+02	6.600000e+02	2.100000e+02	2.400000e+02	4.979586e-05	2.489793e-05	2.489793e-05
6.300000e+02	6.600000e+02	2.400000e+02	2.700000e+02	1.991834e-04	4.979585e-05	4.979585e-05
6.300000e+02	6.600000e+02	2.700000e+02	3.000000e+02	3.236730e-04	6.347751e-05	6.347751e-05
6.300000e+02	6.600000e+02	3.000000e+02	3.300000e+02	3.610199e-04	6.703972e-05	6.703972e-05
6.300000e+02	6.600000e+02	3.300000e+02	3.600000e+02	2.863261e-04	5.970313e-05	5.970313e-05
6.300000e+02	6.600000e+02	3.600000e+02	3.900000e+02	3.859179e-04	6.931290e-05	6.931290e-05
6.300000e+02	6.600000e+02	3.900000e+02	4.200000e+02	4.855096e-04	7.774375e-05	7.774375e-05
6.300000e+02	6.600000e+02	4.200000e+02	4.500000e+02	6.099992e-04	8.714275e-05	8.714275e-05
6.300000e+02	6.600000e+02	4.500000e+02	4.800000e+02	4.357138e-04	7.364906e-05	7.364906e-05
6.300000e+02	6.600000e+02	4.800000e+02	5.100000e+02	5.477544e-04	8.257708e-05	8.257708e-05
6.300000e+02	6.600000e+02	5.100000e+02	5.400000e+02	4.481627e-04	7.469378e-05	7.469378e-05
6.300000e+02	6.600000e+02	5.400000e+02	5.700000e+02	6.473461e-04	8.977075e-05	8.977075e-05
6.300000e+02	6.600000e+02	5.700000e+02	6.000000e+02	6.224482e-04	8.802746e-05	8.802746e-05
6.300000e+02	6.600000e+02	6.000000e+02	6.300000e+02	5.975502e-04	8.624895e-05	8.624895e-05
6.300000e+02	6.600000e+02	6.300000e+02	6.600000e+02	2.987751e-04	6.098722e-05	6.098722e-05
6.300000e+02	6.600000e+02	6.600000e+02	6.900000e+02	0.000000e+00	0.000000e+00	0.000000e+00
6.300000e+02	6.600000e+02	6.900000e+02	7.200000e+02	0.000000e+00	0.000000e+00	0.000000e+00
6.300000e+02	6.600000e+02	7.200000e+02	7.500000e+02	0.000000e+00	0.000000e+00	0.000000e+00
6.300000e+02	6.600000e+02	7.500000e+02	7.800000e+02	0.000000e+00	0.000000e+00	0.000000e+00
6.300000e+02	6.600000e+02	7.800000e+02	8.100000e+02	0.000000e+00	0.000000e+00	0.000000e+00
6.300000e+02	6.600000e+02	8.100000e+02	8.400000e+02	0.000000e+00	0.000000e+00	0.000000e+00
6.300000e+02	6.600000e+02	8.400000e+02	8.700000e+02	0.000000e+00	0.000000e+00	0.000000e+00
6.300000e+02	6.600000e+02	8.700000e+02	9.000000e+02	0.000000e+00	0.000000e+00	0.000000e+00
6.600000e+02	6.900000e+02	0.000000e+00	3.000000e+01	0.000000e+00	0.000000e+00	0.000000e+00
6.600000e+02	6.900000e+02	3.000000e+01	6.000000e+01	0.000000e+00	0.000000e+00	0.000000e+00
6.600000e+02	6.900000e+02	6.000000e+01	9.000000e+01	0.000000e+00	0.000000e+00	0.000000e+00
6.600000e+02	6.900000e+02	9.000000e+01	1.200000e+02	0.000000e+00	0.000000e+00	0.000000e+00
6.600000e+02	6.900000e+02	1.200000e+02	1.500000e+02	0.000000e+00	0.000000e+00	0.000000e+00
6.600000e+02	6.900000e+02	1.500000e+02	1.800000e+02	0.000000e+00	0.000000e+00	0.000000e+00
6.600000e+02	6.900000e+02	1.800000e+02	2.100000e+02	0.000000e+00	0.000000e+00	0.000000e+00
6.600000e+02	6.900000e+02	2.100000e+02	2.400000e+02	9.959171e-05	3.521099e-05	3.521099e-05
6.600000e+02	6.900000e+02	2.400000e+02	2.700000e+02	1.991834e-04	4.979585e-05	4.979585e-05
6.600000e+02	6.900000e+02	2.700000e+02	3.000000e+02	1.742854e-04	4.657976e-05	4.657976e-05
6.600000e+02	6.900000e+02	3.000000e+02	3.300000e+02	1.742854e-04	4.657976e-05	4.657976e-05
6.600000e+02	6.900000e+02	3.300000e+02	3.600000e+02	2.738772e-04	5.839082e-05	5.839082e-05
6.600000e+02	6.900000e+02	3.600000e+02	3.900000e+02	3.236730e-04	6.347751e-05	6.347751e-05
6.600000e+02	6.900000e+02	3.900000e+02	4.200000e+02	4.108158e-04	7.151385e-05	7.151385e-05
6.600000e+02	6.900000e+02	4.200000e+02	4.500000e+02	3.983668e-04	7.042197e-05	7.042197e-05
6.600000e+02	6.900000e+02	4.500000e+02	4.800000e+02	3.485710e-04	6.587372e-05	6.587372e-05
6.600000e+02	6.900000e+02	4.800000e+02	5.100000e+02	2.863261e-04	5.970313e-05	5.970313e-05
6.600000e+02	6.900000e+02	5.100000e+02	5.400000e+02	3.734689e-04	6.818578e-05	6.818578e-05
6.600000e+02	6.900000e+02	5.400000e+02	5.700000e+02	3.610199e-04	6.703972e-05	6.703972e-05
6.600000e+02	6.900000e+02	5.700000e+02	6.000000e+02	5.851013e-04	8.534580e-05	8.534580e-05
6.600000e+02	6.900000e+02	6.000000e+02	6.300000e+02	4.357138e-04	7.364906e-05	7.364906e-05
6.600000e+02	6.900000e+02	6.300000e+02	6.600000e+02	4.108158e-04	7.151385e-05	7.151385e-05
6.600000e+02	6.900000e+02	6.600000e+02	6.900000e+02	1.742854e-04	4.657976e-05	4.657976e-05
6.600000e+02	6.900000e+02	6.900000e+02	7.200000e+02	0.000000e+00	0.000000e+00	0.000000e+00
6.600000e+02	6.900000e+02	7.200000e+02	7.500000e+02	0.000000e+00	0.000000e+00	0.000000e+00
6.600000e+02	6.900000e+02	7.500000e+02	7.800000e+02	0.000000e+00	0.000000e+00	0.000000e+00
6.600000e+02	6.900000e+02	7.800000e+02	8.100000e+02	0.000000e+00	0.000000e+00	0.000000e+00
6.600000e+02	6.900000e+02	8.100000e+02	8.400000e+02	0.000000e+00	0.000000e+00	0.000000e+00
6.600000e+02	6.900000e+02	8.400000e+02	8.700000e+02	0.000000e+00	0.000000e+00	0.000000e+00
6.600000e+02	6.900000e+02	8.700000e+02	9.000000e+02	0.000000e+00	0.000000e+00	0.000000e+00
6.900000e+02	7.200000e+02	0.000000e+00	3.000000e+01	0.000000e+00	0.000000e+00	0.000000e+00
6.900000e+02	7.200000e+02	3.000000e+01	6.000000e+01	0.000000e+00	0.000000e+00	0.000000e+00
6.900000e+02	7.200000e+02	6.000000e+01	9.000000e+01	0.000000e+00	0.000000e+00	0.000000e+00
6.900000e+02	7.200000e+02	9.000000e+01	1.200000e+02	0.000000e+00	0.000000e+00	0.000000e+00
6.900000e+02	7.200000e+02	1.200000e+02	1.500000e+02	0.000000e+00	0.000000e+00	0.000000e+00
6.900000e+02	7.200000e+02	1.500000e+02	1.800000e+02	0.000000e+00	0.000000e+00	0.000000e+00
6.900000e+02	7.200000e+02	1.800000e+02	2.100000e+02	0.000000e+00	0.000000e+00	0.000000e+00
6.900000e+02	7.200000e+02	2.100000e+02	2.400000e+02	7.469378e-05	3.049361e-05	3.049361e-05
6.900000e+02	7.200000e+02	2.400000e+02	2.700000e+02	7.469378e-05	3.049361e-05	3.049361e-05
6.900000e+02	7.200000e+02	2.700000e+02	3.000000e+02	1.244897e-04	3.936708e-05	3.936708e-05
6.900000e+02	7.200000e+02	3.000000e+02	3.300000e+02	1.742854e-04	4.657976e-05	4.657976e-05
6.900000e+02	7.200000e+02	3.300000e+02	3.600000e+02	2.240813e-04	5.281648e-05	5.281648e-05
6.900000e+02	7.200000e+02	3.600000e+02	3.900000e+02	2.240813e-04	5.281648e-05	5.281648e-05
6.900000e+02	7.200000e+02	3.900000e+02	4.200000e+02	2.987751e-04	6.098722e-05	6.098722e-05
6.900000e+02	7.200000e+02	4.200000e+02	4.500000e+02	1.493876e-04	4.312447e-05	4.312447e-05
6.900000e+02	7.200000e+02	4.500000e+02	4.800000e+02	2.863261e-04	5.970313e-05	5.970313e-05
6.900000e+02	7.200000e+02	4.800000e+02	5.100000e+02	1.742854e-04	4.657976e-05	4.657976e-05
6.900000e+02	7.200000e+02	5.100000e+02	5.400000e+02	2.987751e-04	6.098722e-05	6.098722e-05
6.900000e+02	7.200000e+02	5.400000e+02	5.700000e+02	2.614282e-04	5.704832e-05	5.704832e-05
6.900000e+02	7.200000e+02	5.700000e+02	6.000000e+02	3.112241e-04	6.224482e-05	6.224482e-05
6.900000e+02	7.200000e+02	6.000000e+02	6.300000e+02	3.734689e-04	6.818578e-05	6.818578e-05
6.900000e+02	7.200000e+02	6.300000e+02	6.600000e+02	3.734689e-04	6.818578e-05	6.818578e-05
6.900000e+02	7.200000e+02	6.600000e+02	6.900000e+02	3.610199e-04	6.703972e-05	6.703972e-05
6.900000e+02	7.200000e+02	6.900000e+02	7.200000e+02	1.369386e-04	4.128854e-05	4.128854e-05
6.900000e+02	7.200000e+02	7.200000e+02	7.500000e+02	0.000000e+00	0.000000e+00	0.000000e+00
6.900000e+02	7.200000e+02	7.500000e+02	7.800000e+02	0.000000e+00	0.000000e+00	0.000000e+00
6.900000e+02	7.200000e+02	7.800000e+02	8.100000e+02	0.000000e+00	0.000000e+00	0.000000e+00
6.900000e+02	7.200000e+02	8.100000e+02	8.400000e+02	0.000000e+00	0.000000e+00	0.000000e+00
6.900000e+02	7.200000e+02	8.400000e+02	8.700000e+02	0.000000e+00	0.000000e+00	0.000000e+00
6.900000e+02	7.200000e+02	8.700000e+02	9.000000e+02	0.000000e+00	0.000000e+00	0.000000e+00
7.200000e+02	7.500000e+02	0.000000e+00	3.000000e+01	0.000000e+00	0.000000e+00	0.000000e+00
7.200000e+02	7.500000e+02	3.000000e+01	6.000000e+01	0.000000e+00	0.000000e+00	0.000000e+00
7.200000e+02	7.500000e+02	6.000000e+01	9.000000e+01	0.000000e+00	0.000000e+00	0.000000e+00
7.200000e+02	7.500000e+02	9.000000e+01	1.200000e+02	0.000000e+00	0.000000e+00	0.000000e+00
7.200000e+02	7.500000e+02	1.200000e+02	1.500000e+02	0.000000e+00	0.000000e+00	0.000000e+00
7.200000e+02	7.500000e+02	1.500000e+02	1.800000e+02	0.000000e+00	0.000000e+00	0.000000e+00
7.200000e+02	7.500000e+02	1.800000e+02	2.100000e+02	2.489792e-05	1.760549e-05	1.760549e-05
7.200000e+02	7.500000e+02	2.100000e+02	2.400000e+02	4.979586e-05	2.489793e-05	2.489793e-05
7.200000e+02	7.500000e+02	2.400000e+02	2.700000e+02	6.224482e-05	2.783673e-05	2.783673e-05
7.200000e+02	7.500000e+02	2.700000e+02	3.000000e+02	8.714274e-05	3.293686e-05	3.293686e-05
7.200000e+02	7.500000e+02	3.000000e+02	3.300000e+02	1.120407e-04	3.734689e-05	3.734689e-05
7.200000e+02	7.500000e+02	3.300000e+02	3.600000e+02	1.618366e-04	4.488538e-05	4.488538e-05
7.200000e+02	7.500000e+02	3.600000e+02	3.900000e+02	1.742854e-04	4.657976e-05	4.657976e-05
7.200000e+02	7.500000e+02	3.900000e+02	4.200000e+02	2.240813e-04	5.281648e-05	5.281648e-05
7.200000e+02	7.500000e+02	4.200000e+02	4.500000e+02	2.614282e-04	5.704832e-05	5.704832e-05
7.200000e+02	7.500000e+02	4.500000e+02	4.800000e+02	2.489792e-04	5.567345e-05	5.567345e-05
7.200000e+02	7.500000e+02	4.800000e+02	5.100000e+02	1.867344e-04	4.821463e-05	4.821463e-05
7.200000e+02	7.500000e+02	5.100000e+02	5.400000e+02	1.991834e-04	4.979585e-05	4.979585e-05
7.200000e+02	7.500000e+02	5.400000e+02	5.700000e+02	1.991834e-04	4.979585e-05	4.979585e-05
7.200000e+02	7.500000e+02	5.700000e+02	6.000000e+02	2.116323e-04	5.132839e-05	5.132839e-05
7.200000e+02	7.500000e+02	6.000000e+02	6.300000e+02	2.738772e-04	5.839082e-05	5.839082e-05
7.200000e+02	7.500000e+02	6.300000e+02	6.600000e+02	1.493876e-04	4.312447e-05	4.312447e-05
7.200000e+02	7.500000e+02	6.600000e+02	6.900000e+02	2.116323e-04	5.132839e-05	5.132839e-05
7.200000e+02	7.500000e+02	6.900000e+02	7.200000e+02	2.240813e-04	5.281648e-05	5.281648e-05
7.200000e+02	7.500000e+02	7.200000e+02	7.500000e+02	7.469378e-05	3.049361e-05	3.049361e-05
7.200000e+02	7.500000e+02	7.500000e+02	7.800000e+02	0.000000e+00	0.000000e+00	0.000000e+00
7.200000e+02	7.500000e+02	7.800000e+02	8.100000e+02	0.000000e+00	0.000000e+00	0.000000e+00
7.200000e+02	7.500000e+02	8.100000e+02	8.400000e+02	0.000000e+00	0.000000e+00	0.000000e+00
7.200000e+02	7.500000e+02	8.400000e+02	8.700000e+02	0.000000e+00	0.000000e+00	0.000000e+00
7.200000e+02	7.500000e+02	8.700000e+02	9.000000e+02	0.000000e+00	0.000000e+00	0.000000e+00
7.500000e+02	7.800000e+02	0.000000e+00	3.000000e+01	0.000000e+00	0.000000e+00	0.000000e+00
7.500000e+02	7.800000e+02	3.000000e+01	6.000000e+01	0.000000e+00	0.000000e+00	0.000000e+00
7.500000e+02	7.800000e+02	6.000000e+01	9.000000e+01	0.000000e+00	0.000000e+00	0.000000e+00
7.500000e+02	7.800000e+02	9.000000e+01	1.200000e+02	0.000000e+00	0.000000e+00	0.000000e+00
7.500000e+02	7.800000e+02	1.200000e+02	1.500000e+02	0.000000e+00	0.000000e+00	0.000000e+00
7.500000e+02	7.800000e+02	1.500000e+02	1.800000e+02	0.000000e+00	0.000000e+00	0.000000e+00
7.500000e+02	7.800000e+02	1.800000e+02	2.100000e+02	0.000000e+00	0.000000e+00	0.000000e+00
7.500000e+02	7.800000e+02	2.100000e+02	2.400000e+02	4.979586e-05	2.489793e-05	2.489793e-05
7.500000e+02	7.800000e+02	2.400000e+02	2.700000e+02	6.224482e-05	2.783673e-05	2.783673e-05
7.500000e+02	7.800000e+02	2.700000e+02	3.000000e+02	7.469378e-05	3.049361e-05	3.049361e-05
7.500000e+02	7.800000e+02	3.000000e+02	3.300000e+02	1.618366e-04	4.488538e-05	4.488538e-05
7.500000e+02	7.800000e+02	3.300000e+02	3.600000e+02	1.369386e-04	4.128854e-05	4.128854e-05
7.500000e+02	7.800000e+02	3.600000e+02	3.900000e+02	1.867344e-04	4.821463e-05	4.821463e-05
7.500000e+02	7.800000e+02	3.900000e+02	4.200000e+02	1.742854e-04	4.657976e-05	4.657976e-05
7.500000e+02	7.800000e+02	4.200000e+02	4.500000e+02	1.867344e-04	4.821463e-05	4.821463e-05
7.500000e+02	7.800000e+02	4.500000e+02	4.800000e+02	1.493876e-04	4.312447e-05	4.312447e-05
7.500000e+02	7.800000e+02	4.800000e+02	5.100000e+02	1.867344e-04	4.821463e-05	4.821463e-05
7.500000e+02	7.800000e+02	5.100000e+02	5.400000e+02	1.244897e-04	3.936708e-05	3.936708e-05
7.500000e+02	7.800000e+02	5.400000e+02	5.700000e+02	1.867344e-04	4.821463e-05	4.821463e-05
7.500000e+02	7.800000e+02	5.700000e+02	6.000000e+02	1.244897e-04	3.936708e-05	3.936708e-05
7.500000e+02	7.800000e+02	6.000000e+02	6.300000e+02	1.120407e-04	3.734689e-05	3.734689e-05
7.500000e+02	7.800000e+02	6.300000e+02	6.600000e+02	2.489792e-04	5.567345e-05	5.567345e-05
7.500000e+02	7.800000e+02	6.600000e+02	6.900000e+02	2.240813e-04	5.281648e-05	5.281648e-05
7.500000e+02	7.800000e+02	6.900000e+02	7.200000e+02	1.618366e-04	4.488538e-05	4.488538e-05
7.500000e+02	7.800000e+02	7.200000e+02	7.500000e+02	1.867344e-04	4.821463e-05	4.821463e-05
7.500000e+02	7.800000e+02	7.500000e+02	7.800000e+02	6.224482e-05	2.783673e-05	2.783673e-05
7.500000e+02	7.800000e+02	7.800000e+02	8.100000e+02	0.000000e+00	0.000000e+00	0.000000e+00
7.500000e+02	7.800000e+02	8.100000e+02	8.400000e+02	0.000000e+00	0.000000e+00	0.000000e+00
7.500000e+02	7.800000e+02	8.400000e+02	8.700000e+02	0.000000e+00	0.000000e+00	0.000000e+00
7.500000e+02	7.800000e+02	8.700000e+02	9.000000e+02	0.000000e+00	0.000000e+00	0.000000e+00
7.800000e+02	8.100000e+02	0.000000e+00	3.000000e+01	0.000000e+00	0.000000e+00	0.000000e+00
7.800000e+02	8.100000e+02	3.000000e+01	6.000000e+01	0.000000e+00	0.000000e+00	0.000000e+00
7.800000e+02	8.100000e+02	6.000000e+01	9.000000e+01	0.000000e+00	0.000000e+00	0.000000e+00
7.800000e+02	8.100000e+02	9.000000e+01	1.200000e+02	0.000000e+00	0.000000e+00	0.000000e+00
7.800000e+02	8.100000e+02	1.200000e+02	1.500000e+02	0.000000e+00	0.000000e+00	0.000000e+00
7.800000e+02	8.100000e+02	1.500000e+02	1.800000e+02	0.000000e+00	0.000000e+00	0.000000e+00
7.800000e+02	8.100000e+02	1.800000e+02	2.100000e+02	0.000000e+00	0.000000e+00	0.000000e+00
7.800000e+02	8.100000e+02	2.100000e+02	2.400000e+02	3.734689e-05	2.156224e-05	2.156224e-05
7.800000e+02	8.100000e+02	2.400000e+02	2.700000e+02	1.244897e-05	1.244896e-05	1.244896e-05
7.800000e+02	8.100000e+02	2.700000e+02	3.000000e+02	6.224482e-05	2.783673e-05	2.783673e-05
7.800000e+02	8.100000e+02	3.000000e+02	3.300000e+02	8.714274e-05	3.293686e-05	3.293686e-05
7.800000e+02	8.100000e+02	3.300000e+02	3.600000e+02	1.618366e-04	4.488538e-05	4.488538e-05
7.800000e+02	8.100000e+02	3.600000e+02	3.900000e+02	7.469378e-05	3.049361e-05	3.049361e-05
7.800000e+02	8.100000e+02	3.900000e+02	4.200000e+02	9.959171e-05	3.521099e-05	3.521099e-05
7.800000e+02	8.100000e+02	4.200000e+02	4.500000e+02	7.469378e-05	3.049361e-05	3.049361e-05
7.800000e+02	8.100000e+02	4.500000e+02	4.800000e+02	1.120407e-04	3.734689e-05	3.734689e-05
7.800000e+02	8.100000e+02	4.800000e+02	5.100000e+02	1.369386e-04	4.128854e-05	4.128854e-05
7.800000e+02	8.100000e+02	5.100000e+02	5.400000e+02	1.120407e-04	3.734689e-05	3.734689e-05
7.800000e+02	8.100000e+02	5.400000e+02	5.700000e+02	9.959171e-05	3.521099e-05	3.521099e-05
7.800000e+02	8.100000e+02	5.700000e+02	6.000000e+02	1.369386e-04	4.128854e-05	4.128854e-05
7.800000e+02	8.100000e+02	6.000000e+02	6.300000e+02	1.493876e-04	4.312447e-05	4.312447e-05
7.800000e+02	8.100000e+02	6.300000e+02	6.600000e+02	1.991834e-04	4.979585e-05	4.979585e-05
7.800000e+02	8.100000e+02	6.600000e+02	6.900000e+02	1.493876e-04	4.312447e-05	4.312447e-05
7.800000e+02	8.100000e+02	6.900000e+02	7.200000e+02	1.867344e-04	4.821463e-05	4.821463e-05
7.800000e+02	8.100000e+02	7.200000e+02	7.500000e+02	1.120407e-04	3.734689e-05	3.734689e-05
7.800000e+02	8.100000e+02	7.500000e+02	7.800000e+02	1.867344e-04	4.821463e-05	4.821463e-05
7.800000e+02	8.100000e+02	7.800000e+02	8.100000e+02	2.489792e-05	1.760549e-05	1.760549e-05
7.800000e+02	8.100000e+02	8.100000e+02	8.400000e+02	0.000000e+00	0.000000e+00	0.000000e+00
7.800000e+02	8.100000e+02	8.400000e+02	8.700000e+02	0.000000e+00	0.000000e+00	0.000000e+00
7.800000e+02	8.100000e+02	8.700000e+02	9.000000e+02	0.000000e+00	0.000000e+00	0.000000e+00
8.100000e+02	8.400000e+02	0.000000e+00	3.000000e+01	0.000000e+00	0.000000e+00	0.000000e+00
8.100000e+02	8.400000e+02	3.000000e+01	6.000000e+01	0.000000e+00	0.000000e+00	0.000000e+00
8.100000e+02	8.400000e+02	6.000000e+01	9.000000e+01	0.000000e+00	0.000000e+00	0.000000e+00
8.100000e+02	8.400000e+02	9.000000e+01	1.200000e+02	0.000000e+00	0.000000e+00	0.000000e+00
8.100000e+02	8.400000e+02	1.200000e+02	1.500000e+02	0.000000e+00	0.000000e+00	0.000000e+00
8.100000e+02	8.400000e+02	1.500000e+02	1.800000e+02	0.000000e+00	0.000000e+00	0.000000e+00
8.100000e+02	8.400000e+02	1.800000e+02	2.100000e+02	0.000000e+00	0.000000e+00	0.000000e+00
8.100000e+02	8.400000e+02	2.100000e+02	2.400000e+02	1.244897e-05	1.244896e-05	1.244896e-05
8.100000e+02	8.400000e+02	2.400000e+02	2.700000e+02	3.734689e-05	2.156224e-05	2.156224e-05
8.100000e+02	8.400000e+02	2.700000e+02	3.000000e+02	2.489792e-05	1.760549e-05	1.760549e-05
8.100000e+02	8.400000e+02	3.000000e+02	3.300000e+02	2.489792e-05	1.760549e-05	1.760549e-05
8.100000e+02	8.400000e+02	3.300000e+02	3.600000e+02	7.469378e-05	3.049361e-05	3.049361e-05
8.100000e+02	8.400000e+02	3.600000e+02	3.900000e+02	8.714274e-05	3.293686e-05	3.293686e-05
8.100000e+02	8.400000e+02	3.900000e+02	4.200000e+02	6.224482e-05	2.783673e-05	2.783673e-05
8.100000e+02	8.400000e+02	4.200000e+02	4.500000e+02	8.714274e-05	3.293686e-05	3.293686e-05
8.100000e+02	8.400000e+02	4.500000e+02	4.800000e+02	8.714274e-05	3.293686e-05	3.293686e-05
8.100000e+02	8.400000e+02	4.800000e+02	5.100000e+02	1.244897e-04	3.936708e-05	3.936708e-05
8.100000e+02	8.400000e+02	5.100000e+02	5.400000e+02	9.959171e-05	3.521099e-05	3.521099e-05
8.100000e+02	8.400000e+02	5.400000e+02	5.700000e+02	1.120407e-04	3.734689e-05	3.734689e-05
8.100000e+02	8.400000e+02	5.700000e+02	6.000000e+02	7.469378e-05	3.049361e-05	3.049361e-05
8.100000e+02	8.400000e+02	6.000000e+02	6.300000e+02	1.244897e-04	3.936708e-05	3.936708e-05
8.100000e+02	8.400000e+02	6.300000e+02	6.600000e+02	1.244897e-04	3.936708e-05	3.936708e-05
8.100000e+02	8.400000e+02	6.600000e+02	6.900000e+02	1.867344e-04	4.821463e-05	4.821463e-05
8.100000e+02	8.400000e+02	6.900000e+02	7.200000e+02	7.469378e-05	3.049361e-05	3.049361e-05
8.100000e+02	8.400000e+02	7.200000e+02	7.500000e+02	9.959171e-05	3.521099e-05	3.521099e-05
8.100000e+02	8.400000e+02	7.500000e+02	7.800000e+02	9.959171e-05	3.521099e-05	3.521099e-05
8.100000e+02	8.400000e+02	7.800000e+02	8.100000e+02	1.120407e-04	3.734689e-05	3.734689e-05
8.100000e+02	8.400000e+02	8.100000e+02	8.400000e+02	4.979586e-05	2.489793e-05	2.489793e-05
8.100000e+02	8.400000e+02	8.400000e+02	8.700000e+02	0.000000e+00	0.000000e+00	0.000000e+00
8.100000e+02	8.400000e+02	8.700000e+02	9.000000e+02	0.000000e+00	0.000000e+00	0.000000e+00
8.400000e+02	8.700000e+02	0.000000e+00	3.000000e+01	0.000000e+00	0.000000e+00	0.000000e+00
8.400000e+02	8.700000e+02	3.000000e+01	6.000000e+01	0.000000e+00	0.000000e+00	0.000000e+00
8.400000e+02	8.700000e+02	6.000000e+01	9.000000e+01	0.000000e+00	0.000000e+00	0.000000e+00
8.400000e+02	8.700000e+02	9.000000e+01	1.200000e+02	0.000000e+00	0.000000e+00	0.000000e+00
8.400000e+02	8.700000e+02	1.200000e+02	1.500000e+02	0.000000e+00	0.000000e+00	0.000000e+00
8.400000e+02	8.700000e+02	1.500000e+02	1.800000e+02	0.000000e+00	0.000000e+00	0.000000e+00
8.400000e+02	8.700000e+02	1.800000e+02	2.100000e+02	1.244897e-05	1.244896e-05	1.244896e-05
8.400000e+02	8.700000e+02	2.100000e+02	2.400000e+02	0.000000e+00	0.000000e+00	0.000000e+00
8.400000e+02	8.700000e+02	2.400000e+02	2.700000e+02	4.979586e-05	2.489793e-05	2.489793e-05
8.400000e+02	8.700000e+02	2.700000e+02	3.000000e+02	3.734689e-05	2.156224e-05	2.156224e-05
8.400000e+02	8.700000e+02	3.000000e+02	3.300000e+02	9.959171e-05	3.521099e-05	3.521099e-05
8.400000e+02	8.700000e+02	3.300000e+02	3.600000e+02	3.734689e-05	2.156224e-05	2.156224e-05
8.400000e+02	8.700000e+02	3.600000e+02	3.900000e+02	3.734689e-05	2.156224e-05	2.156224e-05
8.400000e+02	8.700000e+02	3.900000e+02	4.200000e+02	7.469378e-05	3.049361e-05	3.049361e-05
8.400000e+02	8.700000e+02	4.200000e+02	4.500000e+02	1.369386e-04	4.128854e-05	4.128854e-05
8.400000e+02	8.700000e+02	4.500000e+02	4.800000e+02	8.714274e-05	3.293686e-05	3.293686e-05
8.400000e+02	8.700000e+02	4.800000e+02	5.100000e+02	7.469378e-05	3.049361e-05	3.049361e-05
8.400000e+02	8.700000e+02	5.100000e+02	5.400000e+02	8.714274e-05	3.293686e-05	3.293686e-05
8.400000e+02	8.700000e+02	5.400000e+02	5.700000e+02	1.120407e-04	3.734689e-05	3.734689e-05
8.400000e+02	8.700000e+02	5.700000e+02	6.000000e+02	6.224482e-05	2.783673e-05	2.783673e-05
8.400000e+02	8.700000e+02	6.000000e+02	6.300000e+02	6.224482e-05	2.783673e-05	2.783673e-05
8.400000e+02	8.700000e+02	6.300000e+02	6.600000e+02	8.714274e-05	3.293686e-05	3.293686e-05
8.400000e+02	8.700000e+02	6.600000e+02	6.900000e+02	8.714274e-05	3.293686e-05	3.293686e-05
8.400000e+02	8.700000e+02	6.900000e+02	7.200000e+02	7.469378e-05	3.049361e-05	3.049361e-05
8.400000e+02	8.700000e+02	7.200000e+02	7.500000e+02	1.369386e-04	4.128854e-05	4.128854e-05
8.400000e+02	8.700000e+02	7.500000e+02	7.800000e+02	8.714274e-05	3.293686e-05	3.293686e-05
8.400000e+02	8.700000e+02	7.800000e+02	8.100000e+02	1.493876e-04	4.312447e-05	4.312447e-05
8.400000e+02	8.700000e+02	8.100000e+02	8.400000e+02	7.469378e-05	3.049361e-05	3.049361e-05
8.400000e+02	8.700000e+02	8.400000e+02	8.700000e+02	3.734689e-05	2.156224e-05	2.156224e-05
8.400000e+02	8.700000e+02	8.700000e+02	9.000000e+02	0.000000e+00	0.000000e+00	0.000000e+00
8.700000e+02	9.000000e+02	0.000000e+00	3.000000e+01	0.000000e+00	0.000000e+00	0.000000e+00
8.700000e+02	9.000000e+02	3.000000e+01	6.000000e+01	0.000000e+00	0.000000e+00	0.000000e+00
8.700000e+02	9.000000e+02	6.000000e+01	9.000000e+01	0.000000e+00	0.000000e+00	0.000000e+00
8.700000e+02	9.000000e+02	9.000000e+01	1.200000e+02	0.000000e+00	0.000000e+00	0.000000e+00
8.700000e+02	9.000000e+02	1.200000e+02	1.500000e+02	0.000000e+00	0.000000e+00	0.000000e+00
8.700000e+02	9.000000e+02	1.500000e+02	1.800000e+02	0.000000e+00	0.000000e+00	0.000000e+00
8.700000e+02	9.000000e+02	1.800000e+02	2.100000e+02	0.000000e+00	0.000000e+00	0.000000e+00
8.700000e+02	9.000000e+02	2.100000e+02	2.400000e+02	3.734689e-05	2.156224e-05	2.156224e-05
8.700000e+02	9.000000e+02	2.400000e+02	2.700000e+02	0.000000e+00	0.000000e+00	0.000000e+00
8.700000e+02	9.000000e+02	2.700000e+02	3.000000e+02	3.734689e-05	2.156224e-05	2.156224e-05
8.700000e+02	9.000000e+02	3.000000e+02	3.300000e+02	4.979586e-05	2.489793e-05	2.489793e-05
8.700000e+02	9.000000e+02	3.300000e+02	3.600000e+02	1.244897e-05	1.244896e-05	1.244896e-05
8.700000e+02	9.000000e+02	3.600000e+02	3.900000e+02	9.959171e-05	3.521099e-05	3.521099e-05
8.700000e+02	9.000000e+02	3.900000e+02	4.200000e+02	1.244897e-05	1.244896e-05	1.244896e-05
8.700000e+02	9.000000e+02	4.200000e+02	4.500000e+02	4.979586e-05	2.489793e-05	2.489793e-05
8.700000e+02	9.000000e+02	4.500000e+02	4.800000e+02	1.244897e-05	1.244896e-05	1.244896e-05
8.700000e+02	9.000000e+02	4.800000e+02	5.100000e+02	4.979586e-05	2.489793e-05	2.489793e-05
8.700000e+02	9.000000e+02	5.100000e+02	5.400000e+02	6.224482e-05	2.783673e-05	2.783673e-05
8.700000e+02	9.000000e+02	5.400000e+02	5.700000e+02	6.224482e-05	2.783673e-05	2.783673e-05
8.700000e+02	9.000000e+02	5.700000e+02	6.000000e+02	4.979586e-05	2.489793e-05	2.489793e-05
8.700000e+02	9.000000e+02	6.000000e+02	6.300000e+02	2.489792e-05	1.760549e-05	1.760549e-05
8.700000e+02	9.000000e+02	6.300000e+02	6.600000e+02	7.469378e-05	3.049361e-05	3.049361e-05
8.700000e+02	9.000000e+02	6.600000e+02	6.900000e+02	1.493876e-04	4.312447e-05	4.312447e-05
8.700000e+02	9.000000e+02	6.900000e+02	7.200000e+02	4.979586e-05	2.489793e-05	2.489793e-05
8.700000e+02	9.000000e+02	7.200000e+02	7.500000e+02	7.469378e-05	3.049361e-05	3.049361e-05
8.700000e+02	9.000000e+02	7.500000e+02	7.800000e+02	3.734689e-05	2.156224e-05	2.156224e-05
8.700000e+02	9.000000e+02	7.800000e+02	8.100000e+02	4.979586e-05	2.489793e-05	2.489793e-05
8.700000e+02	9.000000e+02	8.100000e+02	8.400000e+02	3.734689e-05	2.156224e-05	2.156224e-05
8.700000e+02	9.000000e+02	8.400000e+02	8.700000e+02	3.734689e-05	2.156224e-05	2.156224e-05
8.700000e+02	9.000000e+02	8.700000e+02	9.000000e+02	3.734689e-05	2.156224e-05	2.156224e-05
# END HISTO2D

