# BEGIN HISTOGRAM /res/oxford_combined_rw2/SHERPA_QCDttbar/histo_eta_H1_boost_C1e
Path=/res/oxford_combined_rw2/SHERPA_QCDttbar/histo_eta_H1_boost_C1e
Title=eta_H1_boost_C1e
# xlow	 xhigh	 val	 errminus	 errplus
-6.000000e+00	-5.600000e+00	0.000000e+00	0.000000e+00	0.000000e+00
-5.600000e+00	-5.200000e+00	0.000000e+00	0.000000e+00	0.000000e+00
-5.200000e+00	-4.800000e+00	0.000000e+00	0.000000e+00	0.000000e+00
-4.800000e+00	-4.400000e+00	0.000000e+00	0.000000e+00	0.000000e+00
-4.400000e+00	-4.000000e+00	0.000000e+00	0.000000e+00	0.000000e+00
-4.000000e+00	-3.600000e+00	0.000000e+00	0.000000e+00	0.000000e+00
-3.600000e+00	-3.200000e+00	0.000000e+00	0.000000e+00	0.000000e+00
-3.200000e+00	-2.800000e+00	0.000000e+00	0.000000e+00	0.000000e+00
-2.800000e+00	-2.400000e+00	0.000000e+00	0.000000e+00	0.000000e+00
-2.400000e+00	-2.000000e+00	0.000000e+00	0.000000e+00	0.000000e+00
-2.000000e+00	-1.600000e+00	9.150024e+02	1.638186e+01	1.638186e+01
-1.600000e+00	-1.200000e+00	1.445054e+03	2.059060e+01	2.059060e+01
-1.200000e+00	-8.000000e-01	1.875344e+03	2.344756e+01	2.344756e+01
-8.000000e-01	-4.000000e-01	2.228118e+03	2.555672e+01	2.555672e+01
-4.000000e-01	7.771561e-16	2.409936e+03	2.657766e+01	2.657766e+01
7.771561e-16	4.000000e-01	2.414911e+03	2.660504e+01	2.660504e+01
4.000000e-01	8.000000e-01	2.229738e+03	2.556512e+01	2.556512e+01
8.000000e-01	1.200000e+00	1.912301e+03	2.367761e+01	2.367761e+01
1.200000e+00	1.600000e+00	1.458197e+03	2.068115e+01	2.068115e+01
1.600000e+00	2.000000e+00	9.036338e+02	1.627737e+01	1.627737e+01
2.000000e+00	2.400000e+00	0.000000e+00	0.000000e+00	0.000000e+00
2.400000e+00	2.800000e+00	0.000000e+00	0.000000e+00	0.000000e+00
2.800000e+00	3.200000e+00	0.000000e+00	0.000000e+00	0.000000e+00
3.200000e+00	3.600000e+00	0.000000e+00	0.000000e+00	0.000000e+00
3.600000e+00	4.000000e+00	0.000000e+00	0.000000e+00	0.000000e+00
4.000000e+00	4.400000e+00	0.000000e+00	0.000000e+00	0.000000e+00
4.400000e+00	4.800000e+00	0.000000e+00	0.000000e+00	0.000000e+00
4.800000e+00	5.200000e+00	0.000000e+00	0.000000e+00	0.000000e+00
5.200000e+00	5.600000e+00	0.000000e+00	0.000000e+00	0.000000e+00
5.600000e+00	6.000000e+00	0.000000e+00	0.000000e+00	0.000000e+00
# END HISTOGRAM

