# BEGIN HISTO2D /res/oxford/histo_mHmH_inter_C1e
Path=/res/oxford/histo_mHmH_inter_C1e
Title=mHmH_inter_C1e
# xlow	 xhigh	 ylow	 yhigh	 val	 errminus	 errplus
0.000000e+00	6.000000e+00	0.000000e+00	6.000000e+00	0.000000e+00	0.000000e+00	0.000000e+00
0.000000e+00	6.000000e+00	6.000000e+00	1.200000e+01	0.000000e+00	0.000000e+00	0.000000e+00
0.000000e+00	6.000000e+00	1.200000e+01	1.800000e+01	0.000000e+00	0.000000e+00	0.000000e+00
0.000000e+00	6.000000e+00	1.800000e+01	2.400000e+01	0.000000e+00	0.000000e+00	0.000000e+00
0.000000e+00	6.000000e+00	2.400000e+01	3.000000e+01	0.000000e+00	0.000000e+00	0.000000e+00
0.000000e+00	6.000000e+00	3.000000e+01	3.600000e+01	0.000000e+00	0.000000e+00	0.000000e+00
0.000000e+00	6.000000e+00	3.600000e+01	4.200000e+01	0.000000e+00	0.000000e+00	0.000000e+00
0.000000e+00	6.000000e+00	4.200000e+01	4.800000e+01	0.000000e+00	0.000000e+00	0.000000e+00
0.000000e+00	6.000000e+00	4.800000e+01	5.400000e+01	0.000000e+00	0.000000e+00	0.000000e+00
0.000000e+00	6.000000e+00	5.400000e+01	6.000000e+01	0.000000e+00	0.000000e+00	0.000000e+00
0.000000e+00	6.000000e+00	6.000000e+01	6.600000e+01	0.000000e+00	0.000000e+00	0.000000e+00
0.000000e+00	6.000000e+00	6.600000e+01	7.200000e+01	0.000000e+00	0.000000e+00	0.000000e+00
0.000000e+00	6.000000e+00	7.200000e+01	7.800000e+01	0.000000e+00	0.000000e+00	0.000000e+00
0.000000e+00	6.000000e+00	7.800000e+01	8.400000e+01	0.000000e+00	0.000000e+00	0.000000e+00
0.000000e+00	6.000000e+00	8.400000e+01	9.000000e+01	0.000000e+00	0.000000e+00	0.000000e+00
0.000000e+00	6.000000e+00	9.000000e+01	9.600000e+01	0.000000e+00	0.000000e+00	0.000000e+00
0.000000e+00	6.000000e+00	9.600000e+01	1.020000e+02	0.000000e+00	0.000000e+00	0.000000e+00
0.000000e+00	6.000000e+00	1.020000e+02	1.080000e+02	0.000000e+00	0.000000e+00	0.000000e+00
0.000000e+00	6.000000e+00	1.080000e+02	1.140000e+02	0.000000e+00	0.000000e+00	0.000000e+00
0.000000e+00	6.000000e+00	1.140000e+02	1.200000e+02	0.000000e+00	0.000000e+00	0.000000e+00
0.000000e+00	6.000000e+00	1.200000e+02	1.260000e+02	0.000000e+00	0.000000e+00	0.000000e+00
0.000000e+00	6.000000e+00	1.260000e+02	1.320000e+02	0.000000e+00	0.000000e+00	0.000000e+00
0.000000e+00	6.000000e+00	1.320000e+02	1.380000e+02	0.000000e+00	0.000000e+00	0.000000e+00
0.000000e+00	6.000000e+00	1.380000e+02	1.440000e+02	0.000000e+00	0.000000e+00	0.000000e+00
0.000000e+00	6.000000e+00	1.440000e+02	1.500000e+02	0.000000e+00	0.000000e+00	0.000000e+00
0.000000e+00	6.000000e+00	1.500000e+02	1.560000e+02	0.000000e+00	0.000000e+00	0.000000e+00
0.000000e+00	6.000000e+00	1.560000e+02	1.620000e+02	0.000000e+00	0.000000e+00	0.000000e+00
0.000000e+00	6.000000e+00	1.620000e+02	1.680000e+02	0.000000e+00	0.000000e+00	0.000000e+00
0.000000e+00	6.000000e+00	1.680000e+02	1.740000e+02	0.000000e+00	0.000000e+00	0.000000e+00
0.000000e+00	6.000000e+00	1.740000e+02	1.800000e+02	0.000000e+00	0.000000e+00	0.000000e+00
6.000000e+00	1.200000e+01	0.000000e+00	6.000000e+00	0.000000e+00	0.000000e+00	0.000000e+00
6.000000e+00	1.200000e+01	6.000000e+00	1.200000e+01	0.000000e+00	0.000000e+00	0.000000e+00
6.000000e+00	1.200000e+01	1.200000e+01	1.800000e+01	0.000000e+00	0.000000e+00	0.000000e+00
6.000000e+00	1.200000e+01	1.800000e+01	2.400000e+01	0.000000e+00	0.000000e+00	0.000000e+00
6.000000e+00	1.200000e+01	2.400000e+01	3.000000e+01	0.000000e+00	0.000000e+00	0.000000e+00
6.000000e+00	1.200000e+01	3.000000e+01	3.600000e+01	0.000000e+00	0.000000e+00	0.000000e+00
6.000000e+00	1.200000e+01	3.600000e+01	4.200000e+01	0.000000e+00	0.000000e+00	0.000000e+00
6.000000e+00	1.200000e+01	4.200000e+01	4.800000e+01	0.000000e+00	0.000000e+00	0.000000e+00
6.000000e+00	1.200000e+01	4.800000e+01	5.400000e+01	0.000000e+00	0.000000e+00	0.000000e+00
6.000000e+00	1.200000e+01	5.400000e+01	6.000000e+01	0.000000e+00	0.000000e+00	0.000000e+00
6.000000e+00	1.200000e+01	6.000000e+01	6.600000e+01	0.000000e+00	0.000000e+00	0.000000e+00
6.000000e+00	1.200000e+01	6.600000e+01	7.200000e+01	0.000000e+00	0.000000e+00	0.000000e+00
6.000000e+00	1.200000e+01	7.200000e+01	7.800000e+01	0.000000e+00	0.000000e+00	0.000000e+00
6.000000e+00	1.200000e+01	7.800000e+01	8.400000e+01	0.000000e+00	0.000000e+00	0.000000e+00
6.000000e+00	1.200000e+01	8.400000e+01	9.000000e+01	0.000000e+00	0.000000e+00	0.000000e+00
6.000000e+00	1.200000e+01	9.000000e+01	9.600000e+01	0.000000e+00	0.000000e+00	0.000000e+00
6.000000e+00	1.200000e+01	9.600000e+01	1.020000e+02	0.000000e+00	0.000000e+00	0.000000e+00
6.000000e+00	1.200000e+01	1.020000e+02	1.080000e+02	0.000000e+00	0.000000e+00	0.000000e+00
6.000000e+00	1.200000e+01	1.080000e+02	1.140000e+02	0.000000e+00	0.000000e+00	0.000000e+00
6.000000e+00	1.200000e+01	1.140000e+02	1.200000e+02	0.000000e+00	0.000000e+00	0.000000e+00
6.000000e+00	1.200000e+01	1.200000e+02	1.260000e+02	0.000000e+00	0.000000e+00	0.000000e+00
6.000000e+00	1.200000e+01	1.260000e+02	1.320000e+02	0.000000e+00	0.000000e+00	0.000000e+00
6.000000e+00	1.200000e+01	1.320000e+02	1.380000e+02	0.000000e+00	0.000000e+00	0.000000e+00
6.000000e+00	1.200000e+01	1.380000e+02	1.440000e+02	0.000000e+00	0.000000e+00	0.000000e+00
6.000000e+00	1.200000e+01	1.440000e+02	1.500000e+02	0.000000e+00	0.000000e+00	0.000000e+00
6.000000e+00	1.200000e+01	1.500000e+02	1.560000e+02	0.000000e+00	0.000000e+00	0.000000e+00
6.000000e+00	1.200000e+01	1.560000e+02	1.620000e+02	0.000000e+00	0.000000e+00	0.000000e+00
6.000000e+00	1.200000e+01	1.620000e+02	1.680000e+02	0.000000e+00	0.000000e+00	0.000000e+00
6.000000e+00	1.200000e+01	1.680000e+02	1.740000e+02	0.000000e+00	0.000000e+00	0.000000e+00
6.000000e+00	1.200000e+01	1.740000e+02	1.800000e+02	0.000000e+00	0.000000e+00	0.000000e+00
1.200000e+01	1.800000e+01	0.000000e+00	6.000000e+00	0.000000e+00	0.000000e+00	0.000000e+00
1.200000e+01	1.800000e+01	6.000000e+00	1.200000e+01	0.000000e+00	0.000000e+00	0.000000e+00
1.200000e+01	1.800000e+01	1.200000e+01	1.800000e+01	0.000000e+00	0.000000e+00	0.000000e+00
1.200000e+01	1.800000e+01	1.800000e+01	2.400000e+01	0.000000e+00	0.000000e+00	0.000000e+00
1.200000e+01	1.800000e+01	2.400000e+01	3.000000e+01	0.000000e+00	0.000000e+00	0.000000e+00
1.200000e+01	1.800000e+01	3.000000e+01	3.600000e+01	0.000000e+00	0.000000e+00	0.000000e+00
1.200000e+01	1.800000e+01	3.600000e+01	4.200000e+01	0.000000e+00	0.000000e+00	0.000000e+00
1.200000e+01	1.800000e+01	4.200000e+01	4.800000e+01	0.000000e+00	0.000000e+00	0.000000e+00
1.200000e+01	1.800000e+01	4.800000e+01	5.400000e+01	0.000000e+00	0.000000e+00	0.000000e+00
1.200000e+01	1.800000e+01	5.400000e+01	6.000000e+01	0.000000e+00	0.000000e+00	0.000000e+00
1.200000e+01	1.800000e+01	6.000000e+01	6.600000e+01	0.000000e+00	0.000000e+00	0.000000e+00
1.200000e+01	1.800000e+01	6.600000e+01	7.200000e+01	0.000000e+00	0.000000e+00	0.000000e+00
1.200000e+01	1.800000e+01	7.200000e+01	7.800000e+01	0.000000e+00	0.000000e+00	0.000000e+00
1.200000e+01	1.800000e+01	7.800000e+01	8.400000e+01	0.000000e+00	0.000000e+00	0.000000e+00
1.200000e+01	1.800000e+01	8.400000e+01	9.000000e+01	0.000000e+00	0.000000e+00	0.000000e+00
1.200000e+01	1.800000e+01	9.000000e+01	9.600000e+01	0.000000e+00	0.000000e+00	0.000000e+00
1.200000e+01	1.800000e+01	9.600000e+01	1.020000e+02	0.000000e+00	0.000000e+00	0.000000e+00
1.200000e+01	1.800000e+01	1.020000e+02	1.080000e+02	0.000000e+00	0.000000e+00	0.000000e+00
1.200000e+01	1.800000e+01	1.080000e+02	1.140000e+02	0.000000e+00	0.000000e+00	0.000000e+00
1.200000e+01	1.800000e+01	1.140000e+02	1.200000e+02	0.000000e+00	0.000000e+00	0.000000e+00
1.200000e+01	1.800000e+01	1.200000e+02	1.260000e+02	0.000000e+00	0.000000e+00	0.000000e+00
1.200000e+01	1.800000e+01	1.260000e+02	1.320000e+02	0.000000e+00	0.000000e+00	0.000000e+00
1.200000e+01	1.800000e+01	1.320000e+02	1.380000e+02	0.000000e+00	0.000000e+00	0.000000e+00
1.200000e+01	1.800000e+01	1.380000e+02	1.440000e+02	0.000000e+00	0.000000e+00	0.000000e+00
1.200000e+01	1.800000e+01	1.440000e+02	1.500000e+02	0.000000e+00	0.000000e+00	0.000000e+00
1.200000e+01	1.800000e+01	1.500000e+02	1.560000e+02	0.000000e+00	0.000000e+00	0.000000e+00
1.200000e+01	1.800000e+01	1.560000e+02	1.620000e+02	0.000000e+00	0.000000e+00	0.000000e+00
1.200000e+01	1.800000e+01	1.620000e+02	1.680000e+02	0.000000e+00	0.000000e+00	0.000000e+00
1.200000e+01	1.800000e+01	1.680000e+02	1.740000e+02	0.000000e+00	0.000000e+00	0.000000e+00
1.200000e+01	1.800000e+01	1.740000e+02	1.800000e+02	0.000000e+00	0.000000e+00	0.000000e+00
1.800000e+01	2.400000e+01	0.000000e+00	6.000000e+00	0.000000e+00	0.000000e+00	0.000000e+00
1.800000e+01	2.400000e+01	6.000000e+00	1.200000e+01	0.000000e+00	0.000000e+00	0.000000e+00
1.800000e+01	2.400000e+01	1.200000e+01	1.800000e+01	0.000000e+00	0.000000e+00	0.000000e+00
1.800000e+01	2.400000e+01	1.800000e+01	2.400000e+01	0.000000e+00	0.000000e+00	0.000000e+00
1.800000e+01	2.400000e+01	2.400000e+01	3.000000e+01	0.000000e+00	0.000000e+00	0.000000e+00
1.800000e+01	2.400000e+01	3.000000e+01	3.600000e+01	0.000000e+00	0.000000e+00	0.000000e+00
1.800000e+01	2.400000e+01	3.600000e+01	4.200000e+01	0.000000e+00	0.000000e+00	0.000000e+00
1.800000e+01	2.400000e+01	4.200000e+01	4.800000e+01	0.000000e+00	0.000000e+00	0.000000e+00
1.800000e+01	2.400000e+01	4.800000e+01	5.400000e+01	0.000000e+00	0.000000e+00	0.000000e+00
1.800000e+01	2.400000e+01	5.400000e+01	6.000000e+01	0.000000e+00	0.000000e+00	0.000000e+00
1.800000e+01	2.400000e+01	6.000000e+01	6.600000e+01	0.000000e+00	0.000000e+00	0.000000e+00
1.800000e+01	2.400000e+01	6.600000e+01	7.200000e+01	0.000000e+00	0.000000e+00	0.000000e+00
1.800000e+01	2.400000e+01	7.200000e+01	7.800000e+01	0.000000e+00	0.000000e+00	0.000000e+00
1.800000e+01	2.400000e+01	7.800000e+01	8.400000e+01	0.000000e+00	0.000000e+00	0.000000e+00
1.800000e+01	2.400000e+01	8.400000e+01	9.000000e+01	0.000000e+00	0.000000e+00	0.000000e+00
1.800000e+01	2.400000e+01	9.000000e+01	9.600000e+01	0.000000e+00	0.000000e+00	0.000000e+00
1.800000e+01	2.400000e+01	9.600000e+01	1.020000e+02	0.000000e+00	0.000000e+00	0.000000e+00
1.800000e+01	2.400000e+01	1.020000e+02	1.080000e+02	0.000000e+00	0.000000e+00	0.000000e+00
1.800000e+01	2.400000e+01	1.080000e+02	1.140000e+02	0.000000e+00	0.000000e+00	0.000000e+00
1.800000e+01	2.400000e+01	1.140000e+02	1.200000e+02	0.000000e+00	0.000000e+00	0.000000e+00
1.800000e+01	2.400000e+01	1.200000e+02	1.260000e+02	0.000000e+00	0.000000e+00	0.000000e+00
1.800000e+01	2.400000e+01	1.260000e+02	1.320000e+02	0.000000e+00	0.000000e+00	0.000000e+00
1.800000e+01	2.400000e+01	1.320000e+02	1.380000e+02	0.000000e+00	0.000000e+00	0.000000e+00
1.800000e+01	2.400000e+01	1.380000e+02	1.440000e+02	0.000000e+00	0.000000e+00	0.000000e+00
1.800000e+01	2.400000e+01	1.440000e+02	1.500000e+02	0.000000e+00	0.000000e+00	0.000000e+00
1.800000e+01	2.400000e+01	1.500000e+02	1.560000e+02	0.000000e+00	0.000000e+00	0.000000e+00
1.800000e+01	2.400000e+01	1.560000e+02	1.620000e+02	0.000000e+00	0.000000e+00	0.000000e+00
1.800000e+01	2.400000e+01	1.620000e+02	1.680000e+02	0.000000e+00	0.000000e+00	0.000000e+00
1.800000e+01	2.400000e+01	1.680000e+02	1.740000e+02	0.000000e+00	0.000000e+00	0.000000e+00
1.800000e+01	2.400000e+01	1.740000e+02	1.800000e+02	0.000000e+00	0.000000e+00	0.000000e+00
2.400000e+01	3.000000e+01	0.000000e+00	6.000000e+00	0.000000e+00	0.000000e+00	0.000000e+00
2.400000e+01	3.000000e+01	6.000000e+00	1.200000e+01	0.000000e+00	0.000000e+00	0.000000e+00
2.400000e+01	3.000000e+01	1.200000e+01	1.800000e+01	0.000000e+00	0.000000e+00	0.000000e+00
2.400000e+01	3.000000e+01	1.800000e+01	2.400000e+01	0.000000e+00	0.000000e+00	0.000000e+00
2.400000e+01	3.000000e+01	2.400000e+01	3.000000e+01	0.000000e+00	0.000000e+00	0.000000e+00
2.400000e+01	3.000000e+01	3.000000e+01	3.600000e+01	0.000000e+00	0.000000e+00	0.000000e+00
2.400000e+01	3.000000e+01	3.600000e+01	4.200000e+01	0.000000e+00	0.000000e+00	0.000000e+00
2.400000e+01	3.000000e+01	4.200000e+01	4.800000e+01	0.000000e+00	0.000000e+00	0.000000e+00
2.400000e+01	3.000000e+01	4.800000e+01	5.400000e+01	0.000000e+00	0.000000e+00	0.000000e+00
2.400000e+01	3.000000e+01	5.400000e+01	6.000000e+01	0.000000e+00	0.000000e+00	0.000000e+00
2.400000e+01	3.000000e+01	6.000000e+01	6.600000e+01	0.000000e+00	0.000000e+00	0.000000e+00
2.400000e+01	3.000000e+01	6.600000e+01	7.200000e+01	0.000000e+00	0.000000e+00	0.000000e+00
2.400000e+01	3.000000e+01	7.200000e+01	7.800000e+01	0.000000e+00	0.000000e+00	0.000000e+00
2.400000e+01	3.000000e+01	7.800000e+01	8.400000e+01	0.000000e+00	0.000000e+00	0.000000e+00
2.400000e+01	3.000000e+01	8.400000e+01	9.000000e+01	0.000000e+00	0.000000e+00	0.000000e+00
2.400000e+01	3.000000e+01	9.000000e+01	9.600000e+01	0.000000e+00	0.000000e+00	0.000000e+00
2.400000e+01	3.000000e+01	9.600000e+01	1.020000e+02	0.000000e+00	0.000000e+00	0.000000e+00
2.400000e+01	3.000000e+01	1.020000e+02	1.080000e+02	0.000000e+00	0.000000e+00	0.000000e+00
2.400000e+01	3.000000e+01	1.080000e+02	1.140000e+02	0.000000e+00	0.000000e+00	0.000000e+00
2.400000e+01	3.000000e+01	1.140000e+02	1.200000e+02	0.000000e+00	0.000000e+00	0.000000e+00
2.400000e+01	3.000000e+01	1.200000e+02	1.260000e+02	0.000000e+00	0.000000e+00	0.000000e+00
2.400000e+01	3.000000e+01	1.260000e+02	1.320000e+02	0.000000e+00	0.000000e+00	0.000000e+00
2.400000e+01	3.000000e+01	1.320000e+02	1.380000e+02	0.000000e+00	0.000000e+00	0.000000e+00
2.400000e+01	3.000000e+01	1.380000e+02	1.440000e+02	0.000000e+00	0.000000e+00	0.000000e+00
2.400000e+01	3.000000e+01	1.440000e+02	1.500000e+02	0.000000e+00	0.000000e+00	0.000000e+00
2.400000e+01	3.000000e+01	1.500000e+02	1.560000e+02	0.000000e+00	0.000000e+00	0.000000e+00
2.400000e+01	3.000000e+01	1.560000e+02	1.620000e+02	0.000000e+00	0.000000e+00	0.000000e+00
2.400000e+01	3.000000e+01	1.620000e+02	1.680000e+02	0.000000e+00	0.000000e+00	0.000000e+00
2.400000e+01	3.000000e+01	1.680000e+02	1.740000e+02	0.000000e+00	0.000000e+00	0.000000e+00
2.400000e+01	3.000000e+01	1.740000e+02	1.800000e+02	0.000000e+00	0.000000e+00	0.000000e+00
3.000000e+01	3.600000e+01	0.000000e+00	6.000000e+00	0.000000e+00	0.000000e+00	0.000000e+00
3.000000e+01	3.600000e+01	6.000000e+00	1.200000e+01	0.000000e+00	0.000000e+00	0.000000e+00
3.000000e+01	3.600000e+01	1.200000e+01	1.800000e+01	0.000000e+00	0.000000e+00	0.000000e+00
3.000000e+01	3.600000e+01	1.800000e+01	2.400000e+01	0.000000e+00	0.000000e+00	0.000000e+00
3.000000e+01	3.600000e+01	2.400000e+01	3.000000e+01	0.000000e+00	0.000000e+00	0.000000e+00
3.000000e+01	3.600000e+01	3.000000e+01	3.600000e+01	0.000000e+00	0.000000e+00	0.000000e+00
3.000000e+01	3.600000e+01	3.600000e+01	4.200000e+01	0.000000e+00	0.000000e+00	0.000000e+00
3.000000e+01	3.600000e+01	4.200000e+01	4.800000e+01	0.000000e+00	0.000000e+00	0.000000e+00
3.000000e+01	3.600000e+01	4.800000e+01	5.400000e+01	0.000000e+00	0.000000e+00	0.000000e+00
3.000000e+01	3.600000e+01	5.400000e+01	6.000000e+01	0.000000e+00	0.000000e+00	0.000000e+00
3.000000e+01	3.600000e+01	6.000000e+01	6.600000e+01	0.000000e+00	0.000000e+00	0.000000e+00
3.000000e+01	3.600000e+01	6.600000e+01	7.200000e+01	0.000000e+00	0.000000e+00	0.000000e+00
3.000000e+01	3.600000e+01	7.200000e+01	7.800000e+01	0.000000e+00	0.000000e+00	0.000000e+00
3.000000e+01	3.600000e+01	7.800000e+01	8.400000e+01	0.000000e+00	0.000000e+00	0.000000e+00
3.000000e+01	3.600000e+01	8.400000e+01	9.000000e+01	0.000000e+00	0.000000e+00	0.000000e+00
3.000000e+01	3.600000e+01	9.000000e+01	9.600000e+01	0.000000e+00	0.000000e+00	0.000000e+00
3.000000e+01	3.600000e+01	9.600000e+01	1.020000e+02	0.000000e+00	0.000000e+00	0.000000e+00
3.000000e+01	3.600000e+01	1.020000e+02	1.080000e+02	0.000000e+00	0.000000e+00	0.000000e+00
3.000000e+01	3.600000e+01	1.080000e+02	1.140000e+02	0.000000e+00	0.000000e+00	0.000000e+00
3.000000e+01	3.600000e+01	1.140000e+02	1.200000e+02	0.000000e+00	0.000000e+00	0.000000e+00
3.000000e+01	3.600000e+01	1.200000e+02	1.260000e+02	0.000000e+00	0.000000e+00	0.000000e+00
3.000000e+01	3.600000e+01	1.260000e+02	1.320000e+02	0.000000e+00	0.000000e+00	0.000000e+00
3.000000e+01	3.600000e+01	1.320000e+02	1.380000e+02	0.000000e+00	0.000000e+00	0.000000e+00
3.000000e+01	3.600000e+01	1.380000e+02	1.440000e+02	0.000000e+00	0.000000e+00	0.000000e+00
3.000000e+01	3.600000e+01	1.440000e+02	1.500000e+02	0.000000e+00	0.000000e+00	0.000000e+00
3.000000e+01	3.600000e+01	1.500000e+02	1.560000e+02	0.000000e+00	0.000000e+00	0.000000e+00
3.000000e+01	3.600000e+01	1.560000e+02	1.620000e+02	0.000000e+00	0.000000e+00	0.000000e+00
3.000000e+01	3.600000e+01	1.620000e+02	1.680000e+02	0.000000e+00	0.000000e+00	0.000000e+00
3.000000e+01	3.600000e+01	1.680000e+02	1.740000e+02	0.000000e+00	0.000000e+00	0.000000e+00
3.000000e+01	3.600000e+01	1.740000e+02	1.800000e+02	0.000000e+00	0.000000e+00	0.000000e+00
3.600000e+01	4.200000e+01	0.000000e+00	6.000000e+00	0.000000e+00	0.000000e+00	0.000000e+00
3.600000e+01	4.200000e+01	6.000000e+00	1.200000e+01	0.000000e+00	0.000000e+00	0.000000e+00
3.600000e+01	4.200000e+01	1.200000e+01	1.800000e+01	0.000000e+00	0.000000e+00	0.000000e+00
3.600000e+01	4.200000e+01	1.800000e+01	2.400000e+01	0.000000e+00	0.000000e+00	0.000000e+00
3.600000e+01	4.200000e+01	2.400000e+01	3.000000e+01	0.000000e+00	0.000000e+00	0.000000e+00
3.600000e+01	4.200000e+01	3.000000e+01	3.600000e+01	0.000000e+00	0.000000e+00	0.000000e+00
3.600000e+01	4.200000e+01	3.600000e+01	4.200000e+01	0.000000e+00	0.000000e+00	0.000000e+00
3.600000e+01	4.200000e+01	4.200000e+01	4.800000e+01	0.000000e+00	0.000000e+00	0.000000e+00
3.600000e+01	4.200000e+01	4.800000e+01	5.400000e+01	0.000000e+00	0.000000e+00	0.000000e+00
3.600000e+01	4.200000e+01	5.400000e+01	6.000000e+01	0.000000e+00	0.000000e+00	0.000000e+00
3.600000e+01	4.200000e+01	6.000000e+01	6.600000e+01	0.000000e+00	0.000000e+00	0.000000e+00
3.600000e+01	4.200000e+01	6.600000e+01	7.200000e+01	0.000000e+00	0.000000e+00	0.000000e+00
3.600000e+01	4.200000e+01	7.200000e+01	7.800000e+01	0.000000e+00	0.000000e+00	0.000000e+00
3.600000e+01	4.200000e+01	7.800000e+01	8.400000e+01	0.000000e+00	0.000000e+00	0.000000e+00
3.600000e+01	4.200000e+01	8.400000e+01	9.000000e+01	0.000000e+00	0.000000e+00	0.000000e+00
3.600000e+01	4.200000e+01	9.000000e+01	9.600000e+01	0.000000e+00	0.000000e+00	0.000000e+00
3.600000e+01	4.200000e+01	9.600000e+01	1.020000e+02	0.000000e+00	0.000000e+00	0.000000e+00
3.600000e+01	4.200000e+01	1.020000e+02	1.080000e+02	0.000000e+00	0.000000e+00	0.000000e+00
3.600000e+01	4.200000e+01	1.080000e+02	1.140000e+02	0.000000e+00	0.000000e+00	0.000000e+00
3.600000e+01	4.200000e+01	1.140000e+02	1.200000e+02	0.000000e+00	0.000000e+00	0.000000e+00
3.600000e+01	4.200000e+01	1.200000e+02	1.260000e+02	0.000000e+00	0.000000e+00	0.000000e+00
3.600000e+01	4.200000e+01	1.260000e+02	1.320000e+02	0.000000e+00	0.000000e+00	0.000000e+00
3.600000e+01	4.200000e+01	1.320000e+02	1.380000e+02	0.000000e+00	0.000000e+00	0.000000e+00
3.600000e+01	4.200000e+01	1.380000e+02	1.440000e+02	0.000000e+00	0.000000e+00	0.000000e+00
3.600000e+01	4.200000e+01	1.440000e+02	1.500000e+02	0.000000e+00	0.000000e+00	0.000000e+00
3.600000e+01	4.200000e+01	1.500000e+02	1.560000e+02	0.000000e+00	0.000000e+00	0.000000e+00
3.600000e+01	4.200000e+01	1.560000e+02	1.620000e+02	0.000000e+00	0.000000e+00	0.000000e+00
3.600000e+01	4.200000e+01	1.620000e+02	1.680000e+02	0.000000e+00	0.000000e+00	0.000000e+00
3.600000e+01	4.200000e+01	1.680000e+02	1.740000e+02	0.000000e+00	0.000000e+00	0.000000e+00
3.600000e+01	4.200000e+01	1.740000e+02	1.800000e+02	0.000000e+00	0.000000e+00	0.000000e+00
4.200000e+01	4.800000e+01	0.000000e+00	6.000000e+00	0.000000e+00	0.000000e+00	0.000000e+00
4.200000e+01	4.800000e+01	6.000000e+00	1.200000e+01	0.000000e+00	0.000000e+00	0.000000e+00
4.200000e+01	4.800000e+01	1.200000e+01	1.800000e+01	0.000000e+00	0.000000e+00	0.000000e+00
4.200000e+01	4.800000e+01	1.800000e+01	2.400000e+01	0.000000e+00	0.000000e+00	0.000000e+00
4.200000e+01	4.800000e+01	2.400000e+01	3.000000e+01	0.000000e+00	0.000000e+00	0.000000e+00
4.200000e+01	4.800000e+01	3.000000e+01	3.600000e+01	0.000000e+00	0.000000e+00	0.000000e+00
4.200000e+01	4.800000e+01	3.600000e+01	4.200000e+01	0.000000e+00	0.000000e+00	0.000000e+00
4.200000e+01	4.800000e+01	4.200000e+01	4.800000e+01	0.000000e+00	0.000000e+00	0.000000e+00
4.200000e+01	4.800000e+01	4.800000e+01	5.400000e+01	0.000000e+00	0.000000e+00	0.000000e+00
4.200000e+01	4.800000e+01	5.400000e+01	6.000000e+01	0.000000e+00	0.000000e+00	0.000000e+00
4.200000e+01	4.800000e+01	6.000000e+01	6.600000e+01	0.000000e+00	0.000000e+00	0.000000e+00
4.200000e+01	4.800000e+01	6.600000e+01	7.200000e+01	0.000000e+00	0.000000e+00	0.000000e+00
4.200000e+01	4.800000e+01	7.200000e+01	7.800000e+01	0.000000e+00	0.000000e+00	0.000000e+00
4.200000e+01	4.800000e+01	7.800000e+01	8.400000e+01	0.000000e+00	0.000000e+00	0.000000e+00
4.200000e+01	4.800000e+01	8.400000e+01	9.000000e+01	0.000000e+00	0.000000e+00	0.000000e+00
4.200000e+01	4.800000e+01	9.000000e+01	9.600000e+01	0.000000e+00	0.000000e+00	0.000000e+00
4.200000e+01	4.800000e+01	9.600000e+01	1.020000e+02	0.000000e+00	0.000000e+00	0.000000e+00
4.200000e+01	4.800000e+01	1.020000e+02	1.080000e+02	0.000000e+00	0.000000e+00	0.000000e+00
4.200000e+01	4.800000e+01	1.080000e+02	1.140000e+02	0.000000e+00	0.000000e+00	0.000000e+00
4.200000e+01	4.800000e+01	1.140000e+02	1.200000e+02	0.000000e+00	0.000000e+00	0.000000e+00
4.200000e+01	4.800000e+01	1.200000e+02	1.260000e+02	0.000000e+00	0.000000e+00	0.000000e+00
4.200000e+01	4.800000e+01	1.260000e+02	1.320000e+02	0.000000e+00	0.000000e+00	0.000000e+00
4.200000e+01	4.800000e+01	1.320000e+02	1.380000e+02	0.000000e+00	0.000000e+00	0.000000e+00
4.200000e+01	4.800000e+01	1.380000e+02	1.440000e+02	0.000000e+00	0.000000e+00	0.000000e+00
4.200000e+01	4.800000e+01	1.440000e+02	1.500000e+02	0.000000e+00	0.000000e+00	0.000000e+00
4.200000e+01	4.800000e+01	1.500000e+02	1.560000e+02	0.000000e+00	0.000000e+00	0.000000e+00
4.200000e+01	4.800000e+01	1.560000e+02	1.620000e+02	0.000000e+00	0.000000e+00	0.000000e+00
4.200000e+01	4.800000e+01	1.620000e+02	1.680000e+02	0.000000e+00	0.000000e+00	0.000000e+00
4.200000e+01	4.800000e+01	1.680000e+02	1.740000e+02	0.000000e+00	0.000000e+00	0.000000e+00
4.200000e+01	4.800000e+01	1.740000e+02	1.800000e+02	0.000000e+00	0.000000e+00	0.000000e+00
4.800000e+01	5.400000e+01	0.000000e+00	6.000000e+00	0.000000e+00	0.000000e+00	0.000000e+00
4.800000e+01	5.400000e+01	6.000000e+00	1.200000e+01	0.000000e+00	0.000000e+00	0.000000e+00
4.800000e+01	5.400000e+01	1.200000e+01	1.800000e+01	0.000000e+00	0.000000e+00	0.000000e+00
4.800000e+01	5.400000e+01	1.800000e+01	2.400000e+01	0.000000e+00	0.000000e+00	0.000000e+00
4.800000e+01	5.400000e+01	2.400000e+01	3.000000e+01	0.000000e+00	0.000000e+00	0.000000e+00
4.800000e+01	5.400000e+01	3.000000e+01	3.600000e+01	0.000000e+00	0.000000e+00	0.000000e+00
4.800000e+01	5.400000e+01	3.600000e+01	4.200000e+01	0.000000e+00	0.000000e+00	0.000000e+00
4.800000e+01	5.400000e+01	4.200000e+01	4.800000e+01	0.000000e+00	0.000000e+00	0.000000e+00
4.800000e+01	5.400000e+01	4.800000e+01	5.400000e+01	0.000000e+00	0.000000e+00	0.000000e+00
4.800000e+01	5.400000e+01	5.400000e+01	6.000000e+01	0.000000e+00	0.000000e+00	0.000000e+00
4.800000e+01	5.400000e+01	6.000000e+01	6.600000e+01	0.000000e+00	0.000000e+00	0.000000e+00
4.800000e+01	5.400000e+01	6.600000e+01	7.200000e+01	0.000000e+00	0.000000e+00	0.000000e+00
4.800000e+01	5.400000e+01	7.200000e+01	7.800000e+01	0.000000e+00	0.000000e+00	0.000000e+00
4.800000e+01	5.400000e+01	7.800000e+01	8.400000e+01	0.000000e+00	0.000000e+00	0.000000e+00
4.800000e+01	5.400000e+01	8.400000e+01	9.000000e+01	0.000000e+00	0.000000e+00	0.000000e+00
4.800000e+01	5.400000e+01	9.000000e+01	9.600000e+01	0.000000e+00	0.000000e+00	0.000000e+00
4.800000e+01	5.400000e+01	9.600000e+01	1.020000e+02	0.000000e+00	0.000000e+00	0.000000e+00
4.800000e+01	5.400000e+01	1.020000e+02	1.080000e+02	0.000000e+00	0.000000e+00	0.000000e+00
4.800000e+01	5.400000e+01	1.080000e+02	1.140000e+02	0.000000e+00	0.000000e+00	0.000000e+00
4.800000e+01	5.400000e+01	1.140000e+02	1.200000e+02	0.000000e+00	0.000000e+00	0.000000e+00
4.800000e+01	5.400000e+01	1.200000e+02	1.260000e+02	0.000000e+00	0.000000e+00	0.000000e+00
4.800000e+01	5.400000e+01	1.260000e+02	1.320000e+02	0.000000e+00	0.000000e+00	0.000000e+00
4.800000e+01	5.400000e+01	1.320000e+02	1.380000e+02	0.000000e+00	0.000000e+00	0.000000e+00
4.800000e+01	5.400000e+01	1.380000e+02	1.440000e+02	0.000000e+00	0.000000e+00	0.000000e+00
4.800000e+01	5.400000e+01	1.440000e+02	1.500000e+02	0.000000e+00	0.000000e+00	0.000000e+00
4.800000e+01	5.400000e+01	1.500000e+02	1.560000e+02	0.000000e+00	0.000000e+00	0.000000e+00
4.800000e+01	5.400000e+01	1.560000e+02	1.620000e+02	0.000000e+00	0.000000e+00	0.000000e+00
4.800000e+01	5.400000e+01	1.620000e+02	1.680000e+02	0.000000e+00	0.000000e+00	0.000000e+00
4.800000e+01	5.400000e+01	1.680000e+02	1.740000e+02	0.000000e+00	0.000000e+00	0.000000e+00
4.800000e+01	5.400000e+01	1.740000e+02	1.800000e+02	0.000000e+00	0.000000e+00	0.000000e+00
5.400000e+01	6.000000e+01	0.000000e+00	6.000000e+00	0.000000e+00	0.000000e+00	0.000000e+00
5.400000e+01	6.000000e+01	6.000000e+00	1.200000e+01	0.000000e+00	0.000000e+00	0.000000e+00
5.400000e+01	6.000000e+01	1.200000e+01	1.800000e+01	0.000000e+00	0.000000e+00	0.000000e+00
5.400000e+01	6.000000e+01	1.800000e+01	2.400000e+01	0.000000e+00	0.000000e+00	0.000000e+00
5.400000e+01	6.000000e+01	2.400000e+01	3.000000e+01	0.000000e+00	0.000000e+00	0.000000e+00
5.400000e+01	6.000000e+01	3.000000e+01	3.600000e+01	0.000000e+00	0.000000e+00	0.000000e+00
5.400000e+01	6.000000e+01	3.600000e+01	4.200000e+01	0.000000e+00	0.000000e+00	0.000000e+00
5.400000e+01	6.000000e+01	4.200000e+01	4.800000e+01	0.000000e+00	0.000000e+00	0.000000e+00
5.400000e+01	6.000000e+01	4.800000e+01	5.400000e+01	0.000000e+00	0.000000e+00	0.000000e+00
5.400000e+01	6.000000e+01	5.400000e+01	6.000000e+01	0.000000e+00	0.000000e+00	0.000000e+00
5.400000e+01	6.000000e+01	6.000000e+01	6.600000e+01	0.000000e+00	0.000000e+00	0.000000e+00
5.400000e+01	6.000000e+01	6.600000e+01	7.200000e+01	0.000000e+00	0.000000e+00	0.000000e+00
5.400000e+01	6.000000e+01	7.200000e+01	7.800000e+01	0.000000e+00	0.000000e+00	0.000000e+00
5.400000e+01	6.000000e+01	7.800000e+01	8.400000e+01	0.000000e+00	0.000000e+00	0.000000e+00
5.400000e+01	6.000000e+01	8.400000e+01	9.000000e+01	0.000000e+00	0.000000e+00	0.000000e+00
5.400000e+01	6.000000e+01	9.000000e+01	9.600000e+01	0.000000e+00	0.000000e+00	0.000000e+00
5.400000e+01	6.000000e+01	9.600000e+01	1.020000e+02	0.000000e+00	0.000000e+00	0.000000e+00
5.400000e+01	6.000000e+01	1.020000e+02	1.080000e+02	0.000000e+00	0.000000e+00	0.000000e+00
5.400000e+01	6.000000e+01	1.080000e+02	1.140000e+02	0.000000e+00	0.000000e+00	0.000000e+00
5.400000e+01	6.000000e+01	1.140000e+02	1.200000e+02	0.000000e+00	0.000000e+00	0.000000e+00
5.400000e+01	6.000000e+01	1.200000e+02	1.260000e+02	0.000000e+00	0.000000e+00	0.000000e+00
5.400000e+01	6.000000e+01	1.260000e+02	1.320000e+02	0.000000e+00	0.000000e+00	0.000000e+00
5.400000e+01	6.000000e+01	1.320000e+02	1.380000e+02	0.000000e+00	0.000000e+00	0.000000e+00
5.400000e+01	6.000000e+01	1.380000e+02	1.440000e+02	0.000000e+00	0.000000e+00	0.000000e+00
5.400000e+01	6.000000e+01	1.440000e+02	1.500000e+02	0.000000e+00	0.000000e+00	0.000000e+00
5.400000e+01	6.000000e+01	1.500000e+02	1.560000e+02	0.000000e+00	0.000000e+00	0.000000e+00
5.400000e+01	6.000000e+01	1.560000e+02	1.620000e+02	0.000000e+00	0.000000e+00	0.000000e+00
5.400000e+01	6.000000e+01	1.620000e+02	1.680000e+02	0.000000e+00	0.000000e+00	0.000000e+00
5.400000e+01	6.000000e+01	1.680000e+02	1.740000e+02	0.000000e+00	0.000000e+00	0.000000e+00
5.400000e+01	6.000000e+01	1.740000e+02	1.800000e+02	0.000000e+00	0.000000e+00	0.000000e+00
6.000000e+01	6.600000e+01	0.000000e+00	6.000000e+00	0.000000e+00	0.000000e+00	0.000000e+00
6.000000e+01	6.600000e+01	6.000000e+00	1.200000e+01	0.000000e+00	0.000000e+00	0.000000e+00
6.000000e+01	6.600000e+01	1.200000e+01	1.800000e+01	0.000000e+00	0.000000e+00	0.000000e+00
6.000000e+01	6.600000e+01	1.800000e+01	2.400000e+01	0.000000e+00	0.000000e+00	0.000000e+00
6.000000e+01	6.600000e+01	2.400000e+01	3.000000e+01	0.000000e+00	0.000000e+00	0.000000e+00
6.000000e+01	6.600000e+01	3.000000e+01	3.600000e+01	0.000000e+00	0.000000e+00	0.000000e+00
6.000000e+01	6.600000e+01	3.600000e+01	4.200000e+01	0.000000e+00	0.000000e+00	0.000000e+00
6.000000e+01	6.600000e+01	4.200000e+01	4.800000e+01	0.000000e+00	0.000000e+00	0.000000e+00
6.000000e+01	6.600000e+01	4.800000e+01	5.400000e+01	0.000000e+00	0.000000e+00	0.000000e+00
6.000000e+01	6.600000e+01	5.400000e+01	6.000000e+01	0.000000e+00	0.000000e+00	0.000000e+00
6.000000e+01	6.600000e+01	6.000000e+01	6.600000e+01	0.000000e+00	0.000000e+00	0.000000e+00
6.000000e+01	6.600000e+01	6.600000e+01	7.200000e+01	0.000000e+00	0.000000e+00	0.000000e+00
6.000000e+01	6.600000e+01	7.200000e+01	7.800000e+01	0.000000e+00	0.000000e+00	0.000000e+00
6.000000e+01	6.600000e+01	7.800000e+01	8.400000e+01	0.000000e+00	0.000000e+00	0.000000e+00
6.000000e+01	6.600000e+01	8.400000e+01	9.000000e+01	0.000000e+00	0.000000e+00	0.000000e+00
6.000000e+01	6.600000e+01	9.000000e+01	9.600000e+01	0.000000e+00	0.000000e+00	0.000000e+00
6.000000e+01	6.600000e+01	9.600000e+01	1.020000e+02	0.000000e+00	0.000000e+00	0.000000e+00
6.000000e+01	6.600000e+01	1.020000e+02	1.080000e+02	0.000000e+00	0.000000e+00	0.000000e+00
6.000000e+01	6.600000e+01	1.080000e+02	1.140000e+02	0.000000e+00	0.000000e+00	0.000000e+00
6.000000e+01	6.600000e+01	1.140000e+02	1.200000e+02	0.000000e+00	0.000000e+00	0.000000e+00
6.000000e+01	6.600000e+01	1.200000e+02	1.260000e+02	0.000000e+00	0.000000e+00	0.000000e+00
6.000000e+01	6.600000e+01	1.260000e+02	1.320000e+02	0.000000e+00	0.000000e+00	0.000000e+00
6.000000e+01	6.600000e+01	1.320000e+02	1.380000e+02	0.000000e+00	0.000000e+00	0.000000e+00
6.000000e+01	6.600000e+01	1.380000e+02	1.440000e+02	0.000000e+00	0.000000e+00	0.000000e+00
6.000000e+01	6.600000e+01	1.440000e+02	1.500000e+02	0.000000e+00	0.000000e+00	0.000000e+00
6.000000e+01	6.600000e+01	1.500000e+02	1.560000e+02	0.000000e+00	0.000000e+00	0.000000e+00
6.000000e+01	6.600000e+01	1.560000e+02	1.620000e+02	0.000000e+00	0.000000e+00	0.000000e+00
6.000000e+01	6.600000e+01	1.620000e+02	1.680000e+02	0.000000e+00	0.000000e+00	0.000000e+00
6.000000e+01	6.600000e+01	1.680000e+02	1.740000e+02	0.000000e+00	0.000000e+00	0.000000e+00
6.000000e+01	6.600000e+01	1.740000e+02	1.800000e+02	0.000000e+00	0.000000e+00	0.000000e+00
6.600000e+01	7.200000e+01	0.000000e+00	6.000000e+00	0.000000e+00	0.000000e+00	0.000000e+00
6.600000e+01	7.200000e+01	6.000000e+00	1.200000e+01	0.000000e+00	0.000000e+00	0.000000e+00
6.600000e+01	7.200000e+01	1.200000e+01	1.800000e+01	0.000000e+00	0.000000e+00	0.000000e+00
6.600000e+01	7.200000e+01	1.800000e+01	2.400000e+01	0.000000e+00	0.000000e+00	0.000000e+00
6.600000e+01	7.200000e+01	2.400000e+01	3.000000e+01	0.000000e+00	0.000000e+00	0.000000e+00
6.600000e+01	7.200000e+01	3.000000e+01	3.600000e+01	0.000000e+00	0.000000e+00	0.000000e+00
6.600000e+01	7.200000e+01	3.600000e+01	4.200000e+01	0.000000e+00	0.000000e+00	0.000000e+00
6.600000e+01	7.200000e+01	4.200000e+01	4.800000e+01	0.000000e+00	0.000000e+00	0.000000e+00
6.600000e+01	7.200000e+01	4.800000e+01	5.400000e+01	0.000000e+00	0.000000e+00	0.000000e+00
6.600000e+01	7.200000e+01	5.400000e+01	6.000000e+01	0.000000e+00	0.000000e+00	0.000000e+00
6.600000e+01	7.200000e+01	6.000000e+01	6.600000e+01	0.000000e+00	0.000000e+00	0.000000e+00
6.600000e+01	7.200000e+01	6.600000e+01	7.200000e+01	0.000000e+00	0.000000e+00	0.000000e+00
6.600000e+01	7.200000e+01	7.200000e+01	7.800000e+01	0.000000e+00	0.000000e+00	0.000000e+00
6.600000e+01	7.200000e+01	7.800000e+01	8.400000e+01	0.000000e+00	0.000000e+00	0.000000e+00
6.600000e+01	7.200000e+01	8.400000e+01	9.000000e+01	0.000000e+00	0.000000e+00	0.000000e+00
6.600000e+01	7.200000e+01	9.000000e+01	9.600000e+01	0.000000e+00	0.000000e+00	0.000000e+00
6.600000e+01	7.200000e+01	9.600000e+01	1.020000e+02	0.000000e+00	0.000000e+00	0.000000e+00
6.600000e+01	7.200000e+01	1.020000e+02	1.080000e+02	0.000000e+00	0.000000e+00	0.000000e+00
6.600000e+01	7.200000e+01	1.080000e+02	1.140000e+02	0.000000e+00	0.000000e+00	0.000000e+00
6.600000e+01	7.200000e+01	1.140000e+02	1.200000e+02	0.000000e+00	0.000000e+00	0.000000e+00
6.600000e+01	7.200000e+01	1.200000e+02	1.260000e+02	0.000000e+00	0.000000e+00	0.000000e+00
6.600000e+01	7.200000e+01	1.260000e+02	1.320000e+02	0.000000e+00	0.000000e+00	0.000000e+00
6.600000e+01	7.200000e+01	1.320000e+02	1.380000e+02	0.000000e+00	0.000000e+00	0.000000e+00
6.600000e+01	7.200000e+01	1.380000e+02	1.440000e+02	0.000000e+00	0.000000e+00	0.000000e+00
6.600000e+01	7.200000e+01	1.440000e+02	1.500000e+02	0.000000e+00	0.000000e+00	0.000000e+00
6.600000e+01	7.200000e+01	1.500000e+02	1.560000e+02	0.000000e+00	0.000000e+00	0.000000e+00
6.600000e+01	7.200000e+01	1.560000e+02	1.620000e+02	0.000000e+00	0.000000e+00	0.000000e+00
6.600000e+01	7.200000e+01	1.620000e+02	1.680000e+02	0.000000e+00	0.000000e+00	0.000000e+00
6.600000e+01	7.200000e+01	1.680000e+02	1.740000e+02	0.000000e+00	0.000000e+00	0.000000e+00
6.600000e+01	7.200000e+01	1.740000e+02	1.800000e+02	0.000000e+00	0.000000e+00	0.000000e+00
7.200000e+01	7.800000e+01	0.000000e+00	6.000000e+00	0.000000e+00	0.000000e+00	0.000000e+00
7.200000e+01	7.800000e+01	6.000000e+00	1.200000e+01	0.000000e+00	0.000000e+00	0.000000e+00
7.200000e+01	7.800000e+01	1.200000e+01	1.800000e+01	0.000000e+00	0.000000e+00	0.000000e+00
7.200000e+01	7.800000e+01	1.800000e+01	2.400000e+01	0.000000e+00	0.000000e+00	0.000000e+00
7.200000e+01	7.800000e+01	2.400000e+01	3.000000e+01	0.000000e+00	0.000000e+00	0.000000e+00
7.200000e+01	7.800000e+01	3.000000e+01	3.600000e+01	0.000000e+00	0.000000e+00	0.000000e+00
7.200000e+01	7.800000e+01	3.600000e+01	4.200000e+01	0.000000e+00	0.000000e+00	0.000000e+00
7.200000e+01	7.800000e+01	4.200000e+01	4.800000e+01	0.000000e+00	0.000000e+00	0.000000e+00
7.200000e+01	7.800000e+01	4.800000e+01	5.400000e+01	0.000000e+00	0.000000e+00	0.000000e+00
7.200000e+01	7.800000e+01	5.400000e+01	6.000000e+01	0.000000e+00	0.000000e+00	0.000000e+00
7.200000e+01	7.800000e+01	6.000000e+01	6.600000e+01	0.000000e+00	0.000000e+00	0.000000e+00
7.200000e+01	7.800000e+01	6.600000e+01	7.200000e+01	0.000000e+00	0.000000e+00	0.000000e+00
7.200000e+01	7.800000e+01	7.200000e+01	7.800000e+01	0.000000e+00	0.000000e+00	0.000000e+00
7.200000e+01	7.800000e+01	7.800000e+01	8.400000e+01	0.000000e+00	0.000000e+00	0.000000e+00
7.200000e+01	7.800000e+01	8.400000e+01	9.000000e+01	0.000000e+00	0.000000e+00	0.000000e+00
7.200000e+01	7.800000e+01	9.000000e+01	9.600000e+01	0.000000e+00	0.000000e+00	0.000000e+00
7.200000e+01	7.800000e+01	9.600000e+01	1.020000e+02	0.000000e+00	0.000000e+00	0.000000e+00
7.200000e+01	7.800000e+01	1.020000e+02	1.080000e+02	0.000000e+00	0.000000e+00	0.000000e+00
7.200000e+01	7.800000e+01	1.080000e+02	1.140000e+02	0.000000e+00	0.000000e+00	0.000000e+00
7.200000e+01	7.800000e+01	1.140000e+02	1.200000e+02	0.000000e+00	0.000000e+00	0.000000e+00
7.200000e+01	7.800000e+01	1.200000e+02	1.260000e+02	0.000000e+00	0.000000e+00	0.000000e+00
7.200000e+01	7.800000e+01	1.260000e+02	1.320000e+02	0.000000e+00	0.000000e+00	0.000000e+00
7.200000e+01	7.800000e+01	1.320000e+02	1.380000e+02	0.000000e+00	0.000000e+00	0.000000e+00
7.200000e+01	7.800000e+01	1.380000e+02	1.440000e+02	0.000000e+00	0.000000e+00	0.000000e+00
7.200000e+01	7.800000e+01	1.440000e+02	1.500000e+02	0.000000e+00	0.000000e+00	0.000000e+00
7.200000e+01	7.800000e+01	1.500000e+02	1.560000e+02	0.000000e+00	0.000000e+00	0.000000e+00
7.200000e+01	7.800000e+01	1.560000e+02	1.620000e+02	0.000000e+00	0.000000e+00	0.000000e+00
7.200000e+01	7.800000e+01	1.620000e+02	1.680000e+02	0.000000e+00	0.000000e+00	0.000000e+00
7.200000e+01	7.800000e+01	1.680000e+02	1.740000e+02	0.000000e+00	0.000000e+00	0.000000e+00
7.200000e+01	7.800000e+01	1.740000e+02	1.800000e+02	0.000000e+00	0.000000e+00	0.000000e+00
7.800000e+01	8.400000e+01	0.000000e+00	6.000000e+00	0.000000e+00	0.000000e+00	0.000000e+00
7.800000e+01	8.400000e+01	6.000000e+00	1.200000e+01	0.000000e+00	0.000000e+00	0.000000e+00
7.800000e+01	8.400000e+01	1.200000e+01	1.800000e+01	0.000000e+00	0.000000e+00	0.000000e+00
7.800000e+01	8.400000e+01	1.800000e+01	2.400000e+01	0.000000e+00	0.000000e+00	0.000000e+00
7.800000e+01	8.400000e+01	2.400000e+01	3.000000e+01	0.000000e+00	0.000000e+00	0.000000e+00
7.800000e+01	8.400000e+01	3.000000e+01	3.600000e+01	0.000000e+00	0.000000e+00	0.000000e+00
7.800000e+01	8.400000e+01	3.600000e+01	4.200000e+01	0.000000e+00	0.000000e+00	0.000000e+00
7.800000e+01	8.400000e+01	4.200000e+01	4.800000e+01	0.000000e+00	0.000000e+00	0.000000e+00
7.800000e+01	8.400000e+01	4.800000e+01	5.400000e+01	0.000000e+00	0.000000e+00	0.000000e+00
7.800000e+01	8.400000e+01	5.400000e+01	6.000000e+01	0.000000e+00	0.000000e+00	0.000000e+00
7.800000e+01	8.400000e+01	6.000000e+01	6.600000e+01	0.000000e+00	0.000000e+00	0.000000e+00
7.800000e+01	8.400000e+01	6.600000e+01	7.200000e+01	0.000000e+00	0.000000e+00	0.000000e+00
7.800000e+01	8.400000e+01	7.200000e+01	7.800000e+01	0.000000e+00	0.000000e+00	0.000000e+00
7.800000e+01	8.400000e+01	7.800000e+01	8.400000e+01	0.000000e+00	0.000000e+00	0.000000e+00
7.800000e+01	8.400000e+01	8.400000e+01	9.000000e+01	0.000000e+00	0.000000e+00	0.000000e+00
7.800000e+01	8.400000e+01	9.000000e+01	9.600000e+01	0.000000e+00	0.000000e+00	0.000000e+00
7.800000e+01	8.400000e+01	9.600000e+01	1.020000e+02	0.000000e+00	0.000000e+00	0.000000e+00
7.800000e+01	8.400000e+01	1.020000e+02	1.080000e+02	0.000000e+00	0.000000e+00	0.000000e+00
7.800000e+01	8.400000e+01	1.080000e+02	1.140000e+02	0.000000e+00	0.000000e+00	0.000000e+00
7.800000e+01	8.400000e+01	1.140000e+02	1.200000e+02	0.000000e+00	0.000000e+00	0.000000e+00
7.800000e+01	8.400000e+01	1.200000e+02	1.260000e+02	0.000000e+00	0.000000e+00	0.000000e+00
7.800000e+01	8.400000e+01	1.260000e+02	1.320000e+02	0.000000e+00	0.000000e+00	0.000000e+00
7.800000e+01	8.400000e+01	1.320000e+02	1.380000e+02	0.000000e+00	0.000000e+00	0.000000e+00
7.800000e+01	8.400000e+01	1.380000e+02	1.440000e+02	0.000000e+00	0.000000e+00	0.000000e+00
7.800000e+01	8.400000e+01	1.440000e+02	1.500000e+02	0.000000e+00	0.000000e+00	0.000000e+00
7.800000e+01	8.400000e+01	1.500000e+02	1.560000e+02	0.000000e+00	0.000000e+00	0.000000e+00
7.800000e+01	8.400000e+01	1.560000e+02	1.620000e+02	0.000000e+00	0.000000e+00	0.000000e+00
7.800000e+01	8.400000e+01	1.620000e+02	1.680000e+02	0.000000e+00	0.000000e+00	0.000000e+00
7.800000e+01	8.400000e+01	1.680000e+02	1.740000e+02	0.000000e+00	0.000000e+00	0.000000e+00
7.800000e+01	8.400000e+01	1.740000e+02	1.800000e+02	0.000000e+00	0.000000e+00	0.000000e+00
8.400000e+01	9.000000e+01	0.000000e+00	6.000000e+00	0.000000e+00	0.000000e+00	0.000000e+00
8.400000e+01	9.000000e+01	6.000000e+00	1.200000e+01	0.000000e+00	0.000000e+00	0.000000e+00
8.400000e+01	9.000000e+01	1.200000e+01	1.800000e+01	0.000000e+00	0.000000e+00	0.000000e+00
8.400000e+01	9.000000e+01	1.800000e+01	2.400000e+01	0.000000e+00	0.000000e+00	0.000000e+00
8.400000e+01	9.000000e+01	2.400000e+01	3.000000e+01	0.000000e+00	0.000000e+00	0.000000e+00
8.400000e+01	9.000000e+01	3.000000e+01	3.600000e+01	0.000000e+00	0.000000e+00	0.000000e+00
8.400000e+01	9.000000e+01	3.600000e+01	4.200000e+01	0.000000e+00	0.000000e+00	0.000000e+00
8.400000e+01	9.000000e+01	4.200000e+01	4.800000e+01	0.000000e+00	0.000000e+00	0.000000e+00
8.400000e+01	9.000000e+01	4.800000e+01	5.400000e+01	0.000000e+00	0.000000e+00	0.000000e+00
8.400000e+01	9.000000e+01	5.400000e+01	6.000000e+01	0.000000e+00	0.000000e+00	0.000000e+00
8.400000e+01	9.000000e+01	6.000000e+01	6.600000e+01	0.000000e+00	0.000000e+00	0.000000e+00
8.400000e+01	9.000000e+01	6.600000e+01	7.200000e+01	0.000000e+00	0.000000e+00	0.000000e+00
8.400000e+01	9.000000e+01	7.200000e+01	7.800000e+01	0.000000e+00	0.000000e+00	0.000000e+00
8.400000e+01	9.000000e+01	7.800000e+01	8.400000e+01	0.000000e+00	0.000000e+00	0.000000e+00
8.400000e+01	9.000000e+01	8.400000e+01	9.000000e+01	1.977788e-04	3.051792e-05	3.051792e-05
8.400000e+01	9.000000e+01	9.000000e+01	9.600000e+01	2.119058e-04	3.158905e-05	3.158905e-05
8.400000e+01	9.000000e+01	9.600000e+01	1.020000e+02	2.166148e-04	3.193812e-05	3.193812e-05
8.400000e+01	9.000000e+01	1.020000e+02	1.080000e+02	3.955575e-04	4.315886e-05	4.315886e-05
8.400000e+01	9.000000e+01	1.080000e+02	1.140000e+02	4.473567e-04	4.589782e-05	4.589782e-05
8.400000e+01	9.000000e+01	1.140000e+02	1.200000e+02	5.085739e-04	4.893755e-05	4.893755e-05
8.400000e+01	9.000000e+01	1.200000e+02	1.260000e+02	7.440247e-04	5.919144e-05	5.919144e-05
8.400000e+01	9.000000e+01	1.260000e+02	1.320000e+02	5.321189e-04	5.005754e-05	5.005754e-05
8.400000e+01	9.000000e+01	1.320000e+02	1.380000e+02	2.872500e-04	3.677861e-05	3.677861e-05
8.400000e+01	9.000000e+01	1.380000e+02	1.440000e+02	2.071968e-04	3.123610e-05	3.123610e-05
8.400000e+01	9.000000e+01	1.440000e+02	1.500000e+02	1.601066e-04	2.745806e-05	2.745806e-05
8.400000e+01	9.000000e+01	1.500000e+02	1.560000e+02	1.506886e-04	2.663823e-05	2.663823e-05
8.400000e+01	9.000000e+01	1.560000e+02	1.620000e+02	8.947133e-05	2.052613e-05	2.052613e-05
8.400000e+01	9.000000e+01	1.620000e+02	1.680000e+02	1.412705e-05	8.156258e-06	8.156258e-06
8.400000e+01	9.000000e+01	1.680000e+02	1.740000e+02	0.000000e+00	0.000000e+00	0.000000e+00
8.400000e+01	9.000000e+01	1.740000e+02	1.800000e+02	0.000000e+00	0.000000e+00	0.000000e+00
9.000000e+01	9.600000e+01	0.000000e+00	6.000000e+00	0.000000e+00	0.000000e+00	0.000000e+00
9.000000e+01	9.600000e+01	6.000000e+00	1.200000e+01	0.000000e+00	0.000000e+00	0.000000e+00
9.000000e+01	9.600000e+01	1.200000e+01	1.800000e+01	0.000000e+00	0.000000e+00	0.000000e+00
9.000000e+01	9.600000e+01	1.800000e+01	2.400000e+01	0.000000e+00	0.000000e+00	0.000000e+00
9.000000e+01	9.600000e+01	2.400000e+01	3.000000e+01	0.000000e+00	0.000000e+00	0.000000e+00
9.000000e+01	9.600000e+01	3.000000e+01	3.600000e+01	0.000000e+00	0.000000e+00	0.000000e+00
9.000000e+01	9.600000e+01	3.600000e+01	4.200000e+01	0.000000e+00	0.000000e+00	0.000000e+00
9.000000e+01	9.600000e+01	4.200000e+01	4.800000e+01	0.000000e+00	0.000000e+00	0.000000e+00
9.000000e+01	9.600000e+01	4.800000e+01	5.400000e+01	0.000000e+00	0.000000e+00	0.000000e+00
9.000000e+01	9.600000e+01	5.400000e+01	6.000000e+01	0.000000e+00	0.000000e+00	0.000000e+00
9.000000e+01	9.600000e+01	6.000000e+01	6.600000e+01	0.000000e+00	0.000000e+00	0.000000e+00
9.000000e+01	9.600000e+01	6.600000e+01	7.200000e+01	0.000000e+00	0.000000e+00	0.000000e+00
9.000000e+01	9.600000e+01	7.200000e+01	7.800000e+01	0.000000e+00	0.000000e+00	0.000000e+00
9.000000e+01	9.600000e+01	7.800000e+01	8.400000e+01	0.000000e+00	0.000000e+00	0.000000e+00
9.000000e+01	9.600000e+01	8.400000e+01	9.000000e+01	2.260329e-04	3.262503e-05	3.262503e-05
9.000000e+01	9.600000e+01	9.000000e+01	9.600000e+01	2.589960e-04	3.492301e-05	3.492301e-05
9.000000e+01	9.600000e+01	9.600000e+01	1.020000e+02	2.495779e-04	3.428217e-05	3.428217e-05
9.000000e+01	9.600000e+01	1.020000e+02	1.080000e+02	4.143936e-04	4.417450e-05	4.417450e-05
9.000000e+01	9.600000e+01	1.080000e+02	1.140000e+02	5.462461e-04	5.071767e-05	5.071767e-05
9.000000e+01	9.600000e+01	1.140000e+02	1.200000e+02	7.157708e-04	5.805667e-05	5.805667e-05
9.000000e+01	9.600000e+01	1.200000e+02	1.260000e+02	7.016436e-04	5.748089e-05	5.748089e-05
9.000000e+01	9.600000e+01	1.260000e+02	1.320000e+02	5.227011e-04	4.961258e-05	4.961258e-05
9.000000e+01	9.600000e+01	1.320000e+02	1.380000e+02	4.944469e-04	4.825308e-05	4.825308e-05
9.000000e+01	9.600000e+01	1.380000e+02	1.440000e+02	3.013772e-04	3.767215e-05	3.767215e-05
9.000000e+01	9.600000e+01	1.440000e+02	1.500000e+02	2.684140e-04	3.555230e-05	3.555230e-05
9.000000e+01	9.600000e+01	1.500000e+02	1.560000e+02	2.448689e-04	3.395721e-05	3.395721e-05
9.000000e+01	9.600000e+01	1.560000e+02	1.620000e+02	1.412705e-04	2.579235e-05	2.579235e-05
9.000000e+01	9.600000e+01	1.620000e+02	1.680000e+02	4.238117e-05	1.412705e-05	1.412705e-05
9.000000e+01	9.600000e+01	1.680000e+02	1.740000e+02	0.000000e+00	0.000000e+00	0.000000e+00
9.000000e+01	9.600000e+01	1.740000e+02	1.800000e+02	0.000000e+00	0.000000e+00	0.000000e+00
9.600000e+01	1.020000e+02	0.000000e+00	6.000000e+00	0.000000e+00	0.000000e+00	0.000000e+00
9.600000e+01	1.020000e+02	6.000000e+00	1.200000e+01	0.000000e+00	0.000000e+00	0.000000e+00
9.600000e+01	1.020000e+02	1.200000e+01	1.800000e+01	0.000000e+00	0.000000e+00	0.000000e+00
9.600000e+01	1.020000e+02	1.800000e+01	2.400000e+01	0.000000e+00	0.000000e+00	0.000000e+00
9.600000e+01	1.020000e+02	2.400000e+01	3.000000e+01	0.000000e+00	0.000000e+00	0.000000e+00
9.600000e+01	1.020000e+02	3.000000e+01	3.600000e+01	0.000000e+00	0.000000e+00	0.000000e+00
9.600000e+01	1.020000e+02	3.600000e+01	4.200000e+01	0.000000e+00	0.000000e+00	0.000000e+00
9.600000e+01	1.020000e+02	4.200000e+01	4.800000e+01	0.000000e+00	0.000000e+00	0.000000e+00
9.600000e+01	1.020000e+02	4.800000e+01	5.400000e+01	0.000000e+00	0.000000e+00	0.000000e+00
9.600000e+01	1.020000e+02	5.400000e+01	6.000000e+01	0.000000e+00	0.000000e+00	0.000000e+00
9.600000e+01	1.020000e+02	6.000000e+01	6.600000e+01	0.000000e+00	0.000000e+00	0.000000e+00
9.600000e+01	1.020000e+02	6.600000e+01	7.200000e+01	0.000000e+00	0.000000e+00	0.000000e+00
9.600000e+01	1.020000e+02	7.200000e+01	7.800000e+01	0.000000e+00	0.000000e+00	0.000000e+00
9.600000e+01	1.020000e+02	7.800000e+01	8.400000e+01	0.000000e+00	0.000000e+00	0.000000e+00
9.600000e+01	1.020000e+02	8.400000e+01	9.000000e+01	1.930697e-04	3.015243e-05	3.015243e-05
9.600000e+01	1.020000e+02	9.000000e+01	9.600000e+01	2.542870e-04	3.460408e-05	3.460408e-05
9.600000e+01	1.020000e+02	9.600000e+01	1.020000e+02	3.013772e-04	3.767215e-05	3.767215e-05
9.600000e+01	1.020000e+02	1.020000e+02	1.080000e+02	3.202133e-04	3.883155e-05	3.883155e-05
9.600000e+01	1.020000e+02	1.080000e+02	1.140000e+02	4.285206e-04	4.492117e-05	4.492117e-05
9.600000e+01	1.020000e+02	1.140000e+02	1.200000e+02	5.886272e-04	5.264842e-05	5.264842e-05
9.600000e+01	1.020000e+02	1.200000e+02	1.260000e+02	7.110617e-04	5.786538e-05	5.786538e-05
9.600000e+01	1.020000e+02	1.260000e+02	1.320000e+02	4.850289e-04	4.779131e-05	4.779131e-05
9.600000e+01	1.020000e+02	1.320000e+02	1.380000e+02	2.778319e-04	3.617066e-05	3.617066e-05
9.600000e+01	1.020000e+02	1.380000e+02	1.440000e+02	3.107953e-04	3.825624e-05	3.825624e-05
9.600000e+01	1.020000e+02	1.440000e+02	1.500000e+02	2.778319e-04	3.617066e-05	3.617066e-05
9.600000e+01	1.020000e+02	1.500000e+02	1.560000e+02	2.448689e-04	3.395721e-05	3.395721e-05
9.600000e+01	1.020000e+02	1.560000e+02	1.620000e+02	2.071968e-04	3.123610e-05	3.123610e-05
9.600000e+01	1.020000e+02	1.620000e+02	1.680000e+02	1.130164e-04	2.306938e-05	2.306938e-05
9.600000e+01	1.020000e+02	1.680000e+02	1.740000e+02	0.000000e+00	0.000000e+00	0.000000e+00
9.600000e+01	1.020000e+02	1.740000e+02	1.800000e+02	0.000000e+00	0.000000e+00	0.000000e+00
1.020000e+02	1.080000e+02	0.000000e+00	6.000000e+00	0.000000e+00	0.000000e+00	0.000000e+00
1.020000e+02	1.080000e+02	6.000000e+00	1.200000e+01	0.000000e+00	0.000000e+00	0.000000e+00
1.020000e+02	1.080000e+02	1.200000e+01	1.800000e+01	0.000000e+00	0.000000e+00	0.000000e+00
1.020000e+02	1.080000e+02	1.800000e+01	2.400000e+01	0.000000e+00	0.000000e+00	0.000000e+00
1.020000e+02	1.080000e+02	2.400000e+01	3.000000e+01	0.000000e+00	0.000000e+00	0.000000e+00
1.020000e+02	1.080000e+02	3.000000e+01	3.600000e+01	0.000000e+00	0.000000e+00	0.000000e+00
1.020000e+02	1.080000e+02	3.600000e+01	4.200000e+01	0.000000e+00	0.000000e+00	0.000000e+00
1.020000e+02	1.080000e+02	4.200000e+01	4.800000e+01	0.000000e+00	0.000000e+00	0.000000e+00
1.020000e+02	1.080000e+02	4.800000e+01	5.400000e+01	0.000000e+00	0.000000e+00	0.000000e+00
1.020000e+02	1.080000e+02	5.400000e+01	6.000000e+01	0.000000e+00	0.000000e+00	0.000000e+00
1.020000e+02	1.080000e+02	6.000000e+01	6.600000e+01	0.000000e+00	0.000000e+00	0.000000e+00
1.020000e+02	1.080000e+02	6.600000e+01	7.200000e+01	0.000000e+00	0.000000e+00	0.000000e+00
1.020000e+02	1.080000e+02	7.200000e+01	7.800000e+01	0.000000e+00	0.000000e+00	0.000000e+00
1.020000e+02	1.080000e+02	7.800000e+01	8.400000e+01	0.000000e+00	0.000000e+00	0.000000e+00
1.020000e+02	1.080000e+02	8.400000e+01	9.000000e+01	1.271435e-04	2.446877e-05	2.446877e-05
1.020000e+02	1.080000e+02	9.000000e+01	9.600000e+01	2.071968e-04	3.123610e-05	3.123610e-05
1.020000e+02	1.080000e+02	9.600000e+01	1.020000e+02	2.731230e-04	3.586281e-05	3.586281e-05
1.020000e+02	1.080000e+02	1.020000e+02	1.080000e+02	2.542870e-04	3.460408e-05	3.460408e-05
1.020000e+02	1.080000e+02	1.080000e+02	1.140000e+02	4.379386e-04	4.541212e-05	4.541212e-05
1.020000e+02	1.080000e+02	1.140000e+02	1.200000e+02	6.027542e-04	5.327645e-05	5.327645e-05
1.020000e+02	1.080000e+02	1.200000e+02	1.260000e+02	6.592625e-04	5.571785e-05	5.571785e-05
1.020000e+02	1.080000e+02	1.260000e+02	1.320000e+02	5.038650e-04	4.871046e-05	4.871046e-05
1.020000e+02	1.080000e+02	1.320000e+02	1.380000e+02	2.872500e-04	3.677861e-05	3.677861e-05
1.020000e+02	1.080000e+02	1.380000e+02	1.440000e+02	3.060861e-04	3.796531e-05	3.796531e-05
1.020000e+02	1.080000e+02	1.440000e+02	1.500000e+02	2.448689e-04	3.395721e-05	3.395721e-05
1.020000e+02	1.080000e+02	1.500000e+02	1.560000e+02	2.307419e-04	3.296313e-05	3.296313e-05
1.020000e+02	1.080000e+02	1.560000e+02	1.620000e+02	2.495779e-04	3.428217e-05	3.428217e-05
1.020000e+02	1.080000e+02	1.620000e+02	1.680000e+02	1.224345e-04	2.401137e-05	2.401137e-05
1.020000e+02	1.080000e+02	1.680000e+02	1.740000e+02	0.000000e+00	0.000000e+00	0.000000e+00
1.020000e+02	1.080000e+02	1.740000e+02	1.800000e+02	0.000000e+00	0.000000e+00	0.000000e+00
1.080000e+02	1.140000e+02	0.000000e+00	6.000000e+00	0.000000e+00	0.000000e+00	0.000000e+00
1.080000e+02	1.140000e+02	6.000000e+00	1.200000e+01	0.000000e+00	0.000000e+00	0.000000e+00
1.080000e+02	1.140000e+02	1.200000e+01	1.800000e+01	0.000000e+00	0.000000e+00	0.000000e+00
1.080000e+02	1.140000e+02	1.800000e+01	2.400000e+01	0.000000e+00	0.000000e+00	0.000000e+00
1.080000e+02	1.140000e+02	2.400000e+01	3.000000e+01	0.000000e+00	0.000000e+00	0.000000e+00
1.080000e+02	1.140000e+02	3.000000e+01	3.600000e+01	0.000000e+00	0.000000e+00	0.000000e+00
1.080000e+02	1.140000e+02	3.600000e+01	4.200000e+01	0.000000e+00	0.000000e+00	0.000000e+00
1.080000e+02	1.140000e+02	4.200000e+01	4.800000e+01	0.000000e+00	0.000000e+00	0.000000e+00
1.080000e+02	1.140000e+02	4.800000e+01	5.400000e+01	0.000000e+00	0.000000e+00	0.000000e+00
1.080000e+02	1.140000e+02	5.400000e+01	6.000000e+01	0.000000e+00	0.000000e+00	0.000000e+00
1.080000e+02	1.140000e+02	6.000000e+01	6.600000e+01	0.000000e+00	0.000000e+00	0.000000e+00
1.080000e+02	1.140000e+02	6.600000e+01	7.200000e+01	0.000000e+00	0.000000e+00	0.000000e+00
1.080000e+02	1.140000e+02	7.200000e+01	7.800000e+01	0.000000e+00	0.000000e+00	0.000000e+00
1.080000e+02	1.140000e+02	7.800000e+01	8.400000e+01	0.000000e+00	0.000000e+00	0.000000e+00
1.080000e+02	1.140000e+02	8.400000e+01	9.000000e+01	1.553976e-04	2.705125e-05	2.705125e-05
1.080000e+02	1.140000e+02	9.000000e+01	9.600000e+01	2.213238e-04	3.228339e-05	3.228339e-05
1.080000e+02	1.140000e+02	9.600000e+01	1.020000e+02	2.354509e-04	3.329778e-05	3.329778e-05
1.080000e+02	1.140000e+02	1.020000e+02	1.080000e+02	2.401599e-04	3.362912e-05	3.362912e-05
1.080000e+02	1.140000e+02	1.080000e+02	1.140000e+02	3.861394e-04	4.264197e-05	4.264197e-05
1.080000e+02	1.140000e+02	1.140000e+02	1.200000e+02	6.121722e-04	5.369107e-05	5.369107e-05
1.080000e+02	1.140000e+02	1.200000e+02	1.260000e+02	7.204797e-04	5.824734e-05	5.824734e-05
1.080000e+02	1.140000e+02	1.260000e+02	1.320000e+02	5.132831e-04	4.916359e-05	4.916359e-05
1.080000e+02	1.140000e+02	1.320000e+02	1.380000e+02	4.143936e-04	4.417450e-05	4.417450e-05
1.080000e+02	1.140000e+02	1.380000e+02	1.440000e+02	3.343403e-04	3.967889e-05	3.967889e-05
1.080000e+02	1.140000e+02	1.440000e+02	1.500000e+02	2.825411e-04	3.647589e-05	3.647589e-05
1.080000e+02	1.140000e+02	1.500000e+02	1.560000e+02	3.013772e-04	3.767215e-05	3.767215e-05
1.080000e+02	1.140000e+02	1.560000e+02	1.620000e+02	2.589960e-04	3.492301e-05	3.492301e-05
1.080000e+02	1.140000e+02	1.620000e+02	1.680000e+02	1.648156e-04	2.785892e-05	2.785892e-05
1.080000e+02	1.140000e+02	1.680000e+02	1.740000e+02	0.000000e+00	0.000000e+00	0.000000e+00
1.080000e+02	1.140000e+02	1.740000e+02	1.800000e+02	0.000000e+00	0.000000e+00	0.000000e+00
1.140000e+02	1.200000e+02	0.000000e+00	6.000000e+00	0.000000e+00	0.000000e+00	0.000000e+00
1.140000e+02	1.200000e+02	6.000000e+00	1.200000e+01	0.000000e+00	0.000000e+00	0.000000e+00
1.140000e+02	1.200000e+02	1.200000e+01	1.800000e+01	0.000000e+00	0.000000e+00	0.000000e+00
1.140000e+02	1.200000e+02	1.800000e+01	2.400000e+01	0.000000e+00	0.000000e+00	0.000000e+00
1.140000e+02	1.200000e+02	2.400000e+01	3.000000e+01	0.000000e+00	0.000000e+00	0.000000e+00
1.140000e+02	1.200000e+02	3.000000e+01	3.600000e+01	0.000000e+00	0.000000e+00	0.000000e+00
1.140000e+02	1.200000e+02	3.600000e+01	4.200000e+01	0.000000e+00	0.000000e+00	0.000000e+00
1.140000e+02	1.200000e+02	4.200000e+01	4.800000e+01	0.000000e+00	0.000000e+00	0.000000e+00
1.140000e+02	1.200000e+02	4.800000e+01	5.400000e+01	0.000000e+00	0.000000e+00	0.000000e+00
1.140000e+02	1.200000e+02	5.400000e+01	6.000000e+01	0.000000e+00	0.000000e+00	0.000000e+00
1.140000e+02	1.200000e+02	6.000000e+01	6.600000e+01	0.000000e+00	0.000000e+00	0.000000e+00
1.140000e+02	1.200000e+02	6.600000e+01	7.200000e+01	0.000000e+00	0.000000e+00	0.000000e+00
1.140000e+02	1.200000e+02	7.200000e+01	7.800000e+01	0.000000e+00	0.000000e+00	0.000000e+00
1.140000e+02	1.200000e+02	7.800000e+01	8.400000e+01	0.000000e+00	0.000000e+00	0.000000e+00
1.140000e+02	1.200000e+02	8.400000e+01	9.000000e+01	2.542870e-04	3.460408e-05	3.460408e-05
1.140000e+02	1.200000e+02	9.000000e+01	9.600000e+01	3.060861e-04	3.796531e-05	3.796531e-05
1.140000e+02	1.200000e+02	9.600000e+01	1.020000e+02	3.249222e-04	3.911604e-05	3.911604e-05
1.140000e+02	1.200000e+02	1.020000e+02	1.080000e+02	3.625944e-04	4.132147e-05	4.132147e-05
1.140000e+02	1.200000e+02	1.080000e+02	1.140000e+02	6.733894e-04	5.631167e-05	5.631167e-05
1.140000e+02	1.200000e+02	1.140000e+02	1.200000e+02	7.675700e-04	6.012072e-05	6.012072e-05
1.140000e+02	1.200000e+02	1.200000e+02	1.260000e+02	1.078365e-03	7.126037e-05	7.126037e-05
1.140000e+02	1.200000e+02	1.260000e+02	1.320000e+02	6.451356e-04	5.511764e-05	5.511764e-05
1.140000e+02	1.200000e+02	1.320000e+02	1.380000e+02	3.625944e-04	4.132147e-05	4.132147e-05
1.140000e+02	1.200000e+02	1.380000e+02	1.440000e+02	3.343403e-04	3.967889e-05	3.967889e-05
1.140000e+02	1.200000e+02	1.440000e+02	1.500000e+02	3.155042e-04	3.854498e-05	3.854498e-05
1.140000e+02	1.200000e+02	1.500000e+02	1.560000e+02	2.731230e-04	3.586281e-05	3.586281e-05
1.140000e+02	1.200000e+02	1.560000e+02	1.620000e+02	2.731230e-04	3.586281e-05	3.586281e-05
1.140000e+02	1.200000e+02	1.620000e+02	1.680000e+02	1.742337e-04	2.864383e-05	2.864383e-05
1.140000e+02	1.200000e+02	1.680000e+02	1.740000e+02	0.000000e+00	0.000000e+00	0.000000e+00
1.140000e+02	1.200000e+02	1.740000e+02	1.800000e+02	0.000000e+00	0.000000e+00	0.000000e+00
1.200000e+02	1.260000e+02	0.000000e+00	6.000000e+00	0.000000e+00	0.000000e+00	0.000000e+00
1.200000e+02	1.260000e+02	6.000000e+00	1.200000e+01	0.000000e+00	0.000000e+00	0.000000e+00
1.200000e+02	1.260000e+02	1.200000e+01	1.800000e+01	0.000000e+00	0.000000e+00	0.000000e+00
1.200000e+02	1.260000e+02	1.800000e+01	2.400000e+01	0.000000e+00	0.000000e+00	0.000000e+00
1.200000e+02	1.260000e+02	2.400000e+01	3.000000e+01	0.000000e+00	0.000000e+00	0.000000e+00
1.200000e+02	1.260000e+02	3.000000e+01	3.600000e+01	0.000000e+00	0.000000e+00	0.000000e+00
1.200000e+02	1.260000e+02	3.600000e+01	4.200000e+01	0.000000e+00	0.000000e+00	0.000000e+00
1.200000e+02	1.260000e+02	4.200000e+01	4.800000e+01	0.000000e+00	0.000000e+00	0.000000e+00
1.200000e+02	1.260000e+02	4.800000e+01	5.400000e+01	0.000000e+00	0.000000e+00	0.000000e+00
1.200000e+02	1.260000e+02	5.400000e+01	6.000000e+01	0.000000e+00	0.000000e+00	0.000000e+00
1.200000e+02	1.260000e+02	6.000000e+01	6.600000e+01	0.000000e+00	0.000000e+00	0.000000e+00
1.200000e+02	1.260000e+02	6.600000e+01	7.200000e+01	0.000000e+00	0.000000e+00	0.000000e+00
1.200000e+02	1.260000e+02	7.200000e+01	7.800000e+01	0.000000e+00	0.000000e+00	0.000000e+00
1.200000e+02	1.260000e+02	7.800000e+01	8.400000e+01	0.000000e+00	0.000000e+00	0.000000e+00
1.200000e+02	1.260000e+02	8.400000e+01	9.000000e+01	2.637050e-04	3.523906e-05	3.523906e-05
1.200000e+02	1.260000e+02	9.000000e+01	9.600000e+01	3.390492e-04	3.995735e-05	3.995735e-05
1.200000e+02	1.260000e+02	9.600000e+01	1.020000e+02	5.132831e-04	4.916359e-05	4.916359e-05
1.200000e+02	1.260000e+02	1.020000e+02	1.080000e+02	4.850289e-04	4.779131e-05	4.779131e-05
1.200000e+02	1.260000e+02	1.080000e+02	1.140000e+02	7.440247e-04	5.919144e-05	5.919144e-05
1.200000e+02	1.260000e+02	1.140000e+02	1.200000e+02	1.229054e-03	7.607651e-05	7.607651e-05
1.200000e+02	1.260000e+02	1.200000e+02	1.260000e+02	1.365615e-03	8.019168e-05	8.019168e-05
1.200000e+02	1.260000e+02	1.260000e+02	1.320000e+02	1.017148e-03	6.920815e-05	6.920815e-05
1.200000e+02	1.260000e+02	1.320000e+02	1.380000e+02	5.697911e-04	5.179920e-05	5.179920e-05
1.200000e+02	1.260000e+02	1.380000e+02	1.440000e+02	3.673033e-04	4.158892e-05	4.158892e-05
1.200000e+02	1.260000e+02	1.440000e+02	1.500000e+02	4.332297e-04	4.516732e-05	4.516732e-05
1.200000e+02	1.260000e+02	1.500000e+02	1.560000e+02	3.578853e-04	4.105227e-05	4.105227e-05
1.200000e+02	1.260000e+02	1.560000e+02	1.620000e+02	3.625944e-04	4.132147e-05	4.132147e-05
1.200000e+02	1.260000e+02	1.620000e+02	1.680000e+02	1.553976e-04	2.705125e-05	2.705125e-05
1.200000e+02	1.260000e+02	1.680000e+02	1.740000e+02	0.000000e+00	0.000000e+00	0.000000e+00
1.200000e+02	1.260000e+02	1.740000e+02	1.800000e+02	0.000000e+00	0.000000e+00	0.000000e+00
1.260000e+02	1.320000e+02	0.000000e+00	6.000000e+00	0.000000e+00	0.000000e+00	0.000000e+00
1.260000e+02	1.320000e+02	6.000000e+00	1.200000e+01	0.000000e+00	0.000000e+00	0.000000e+00
1.260000e+02	1.320000e+02	1.200000e+01	1.800000e+01	0.000000e+00	0.000000e+00	0.000000e+00
1.260000e+02	1.320000e+02	1.800000e+01	2.400000e+01	0.000000e+00	0.000000e+00	0.000000e+00
1.260000e+02	1.320000e+02	2.400000e+01	3.000000e+01	0.000000e+00	0.000000e+00	0.000000e+00
1.260000e+02	1.320000e+02	3.000000e+01	3.600000e+01	0.000000e+00	0.000000e+00	0.000000e+00
1.260000e+02	1.320000e+02	3.600000e+01	4.200000e+01	0.000000e+00	0.000000e+00	0.000000e+00
1.260000e+02	1.320000e+02	4.200000e+01	4.800000e+01	0.000000e+00	0.000000e+00	0.000000e+00
1.260000e+02	1.320000e+02	4.800000e+01	5.400000e+01	0.000000e+00	0.000000e+00	0.000000e+00
1.260000e+02	1.320000e+02	5.400000e+01	6.000000e+01	0.000000e+00	0.000000e+00	0.000000e+00
1.260000e+02	1.320000e+02	6.000000e+01	6.600000e+01	0.000000e+00	0.000000e+00	0.000000e+00
1.260000e+02	1.320000e+02	6.600000e+01	7.200000e+01	0.000000e+00	0.000000e+00	0.000000e+00
1.260000e+02	1.320000e+02	7.200000e+01	7.800000e+01	0.000000e+00	0.000000e+00	0.000000e+00
1.260000e+02	1.320000e+02	7.800000e+01	8.400000e+01	0.000000e+00	0.000000e+00	0.000000e+00
1.260000e+02	1.320000e+02	8.400000e+01	9.000000e+01	2.354509e-04	3.329778e-05	3.329778e-05
1.260000e+02	1.320000e+02	9.000000e+01	9.600000e+01	3.060861e-04	3.796531e-05	3.796531e-05
1.260000e+02	1.320000e+02	9.600000e+01	1.020000e+02	3.155042e-04	3.854498e-05	3.854498e-05
1.260000e+02	1.320000e+02	1.020000e+02	1.080000e+02	3.908486e-04	4.290119e-05	4.290119e-05
1.260000e+02	1.320000e+02	1.080000e+02	1.140000e+02	4.897378e-04	4.802275e-05	4.802275e-05
1.260000e+02	1.320000e+02	1.140000e+02	1.200000e+02	9.041314e-04	6.525007e-05	6.525007e-05
1.260000e+02	1.320000e+02	1.200000e+02	1.260000e+02	1.233763e-03	7.622211e-05	7.622211e-05
1.260000e+02	1.320000e+02	1.260000e+02	1.320000e+02	7.722789e-04	6.030485e-05	6.030485e-05
1.260000e+02	1.320000e+02	1.320000e+02	1.380000e+02	5.132831e-04	4.916359e-05	4.916359e-05
1.260000e+02	1.320000e+02	1.380000e+02	1.440000e+02	4.332297e-04	4.516732e-05	4.516732e-05
1.260000e+02	1.320000e+02	1.440000e+02	1.500000e+02	2.731230e-04	3.586281e-05	3.586281e-05
1.260000e+02	1.320000e+02	1.500000e+02	1.560000e+02	2.589960e-04	3.492301e-05	3.492301e-05
1.260000e+02	1.320000e+02	1.560000e+02	1.620000e+02	3.343403e-04	3.967889e-05	3.967889e-05
1.260000e+02	1.320000e+02	1.620000e+02	1.680000e+02	1.601066e-04	2.745806e-05	2.745806e-05
1.260000e+02	1.320000e+02	1.680000e+02	1.740000e+02	0.000000e+00	0.000000e+00	0.000000e+00
1.260000e+02	1.320000e+02	1.740000e+02	1.800000e+02	0.000000e+00	0.000000e+00	0.000000e+00
1.320000e+02	1.380000e+02	0.000000e+00	6.000000e+00	0.000000e+00	0.000000e+00	0.000000e+00
1.320000e+02	1.380000e+02	6.000000e+00	1.200000e+01	0.000000e+00	0.000000e+00	0.000000e+00
1.320000e+02	1.380000e+02	1.200000e+01	1.800000e+01	0.000000e+00	0.000000e+00	0.000000e+00
1.320000e+02	1.380000e+02	1.800000e+01	2.400000e+01	0.000000e+00	0.000000e+00	0.000000e+00
1.320000e+02	1.380000e+02	2.400000e+01	3.000000e+01	0.000000e+00	0.000000e+00	0.000000e+00
1.320000e+02	1.380000e+02	3.000000e+01	3.600000e+01	0.000000e+00	0.000000e+00	0.000000e+00
1.320000e+02	1.380000e+02	3.600000e+01	4.200000e+01	0.000000e+00	0.000000e+00	0.000000e+00
1.320000e+02	1.380000e+02	4.200000e+01	4.800000e+01	0.000000e+00	0.000000e+00	0.000000e+00
1.320000e+02	1.380000e+02	4.800000e+01	5.400000e+01	0.000000e+00	0.000000e+00	0.000000e+00
1.320000e+02	1.380000e+02	5.400000e+01	6.000000e+01	0.000000e+00	0.000000e+00	0.000000e+00
1.320000e+02	1.380000e+02	6.000000e+01	6.600000e+01	0.000000e+00	0.000000e+00	0.000000e+00
1.320000e+02	1.380000e+02	6.600000e+01	7.200000e+01	0.000000e+00	0.000000e+00	0.000000e+00
1.320000e+02	1.380000e+02	7.200000e+01	7.800000e+01	0.000000e+00	0.000000e+00	0.000000e+00
1.320000e+02	1.380000e+02	7.800000e+01	8.400000e+01	0.000000e+00	0.000000e+00	0.000000e+00
1.320000e+02	1.380000e+02	8.400000e+01	9.000000e+01	1.553976e-04	2.705125e-05	2.705125e-05
1.320000e+02	1.380000e+02	9.000000e+01	9.600000e+01	1.883607e-04	2.978244e-05	2.978244e-05
1.320000e+02	1.380000e+02	9.600000e+01	1.020000e+02	1.977788e-04	3.051792e-05	3.051792e-05
1.320000e+02	1.380000e+02	1.020000e+02	1.080000e+02	2.166148e-04	3.193812e-05	3.193812e-05
1.320000e+02	1.380000e+02	1.080000e+02	1.140000e+02	2.637050e-04	3.523906e-05	3.523906e-05
1.320000e+02	1.380000e+02	1.140000e+02	1.200000e+02	3.814306e-04	4.238116e-05	4.238116e-05
1.320000e+02	1.380000e+02	1.200000e+02	1.260000e+02	4.991558e-04	4.848231e-05	4.848231e-05
1.320000e+02	1.380000e+02	1.260000e+02	1.320000e+02	4.520658e-04	4.613876e-05	4.613876e-05
1.320000e+02	1.380000e+02	1.320000e+02	1.380000e+02	2.872500e-04	3.677861e-05	3.677861e-05
1.320000e+02	1.380000e+02	1.380000e+02	1.440000e+02	1.836517e-04	2.940781e-05	2.940781e-05
1.320000e+02	1.380000e+02	1.440000e+02	1.500000e+02	2.024878e-04	3.087910e-05	3.087910e-05
1.320000e+02	1.380000e+02	1.500000e+02	1.560000e+02	1.601066e-04	2.745806e-05	2.745806e-05
1.320000e+02	1.380000e+02	1.560000e+02	1.620000e+02	1.883607e-04	2.978244e-05	2.978244e-05
1.320000e+02	1.380000e+02	1.620000e+02	1.680000e+02	9.418036e-05	2.105937e-05	2.105937e-05
1.320000e+02	1.380000e+02	1.680000e+02	1.740000e+02	0.000000e+00	0.000000e+00	0.000000e+00
1.320000e+02	1.380000e+02	1.740000e+02	1.800000e+02	0.000000e+00	0.000000e+00	0.000000e+00
1.380000e+02	1.440000e+02	0.000000e+00	6.000000e+00	0.000000e+00	0.000000e+00	0.000000e+00
1.380000e+02	1.440000e+02	6.000000e+00	1.200000e+01	0.000000e+00	0.000000e+00	0.000000e+00
1.380000e+02	1.440000e+02	1.200000e+01	1.800000e+01	0.000000e+00	0.000000e+00	0.000000e+00
1.380000e+02	1.440000e+02	1.800000e+01	2.400000e+01	0.000000e+00	0.000000e+00	0.000000e+00
1.380000e+02	1.440000e+02	2.400000e+01	3.000000e+01	0.000000e+00	0.000000e+00	0.000000e+00
1.380000e+02	1.440000e+02	3.000000e+01	3.600000e+01	0.000000e+00	0.000000e+00	0.000000e+00
1.380000e+02	1.440000e+02	3.600000e+01	4.200000e+01	0.000000e+00	0.000000e+00	0.000000e+00
1.380000e+02	1.440000e+02	4.200000e+01	4.800000e+01	0.000000e+00	0.000000e+00	0.000000e+00
1.380000e+02	1.440000e+02	4.800000e+01	5.400000e+01	0.000000e+00	0.000000e+00	0.000000e+00
1.380000e+02	1.440000e+02	5.400000e+01	6.000000e+01	0.000000e+00	0.000000e+00	0.000000e+00
1.380000e+02	1.440000e+02	6.000000e+01	6.600000e+01	0.000000e+00	0.000000e+00	0.000000e+00
1.380000e+02	1.440000e+02	6.600000e+01	7.200000e+01	0.000000e+00	0.000000e+00	0.000000e+00
1.380000e+02	1.440000e+02	7.200000e+01	7.800000e+01	0.000000e+00	0.000000e+00	0.000000e+00
1.380000e+02	1.440000e+02	7.800000e+01	8.400000e+01	0.000000e+00	0.000000e+00	0.000000e+00
1.380000e+02	1.440000e+02	8.400000e+01	9.000000e+01	8.476233e-05	1.997867e-05	1.997867e-05
1.380000e+02	1.440000e+02	9.000000e+01	9.600000e+01	1.130164e-04	2.306938e-05	2.306938e-05
1.380000e+02	1.440000e+02	9.600000e+01	1.020000e+02	8.947133e-05	2.052613e-05	2.052613e-05
1.380000e+02	1.440000e+02	1.020000e+02	1.080000e+02	1.836517e-04	2.940781e-05	2.940781e-05
1.380000e+02	1.440000e+02	1.080000e+02	1.140000e+02	1.977788e-04	3.051792e-05	3.051792e-05
1.380000e+02	1.440000e+02	1.140000e+02	1.200000e+02	1.789427e-04	2.902834e-05	2.902834e-05
1.380000e+02	1.440000e+02	1.200000e+02	1.260000e+02	2.589960e-04	3.492301e-05	3.492301e-05
1.380000e+02	1.440000e+02	1.260000e+02	1.320000e+02	2.354509e-04	3.329778e-05	3.329778e-05
1.380000e+02	1.440000e+02	1.320000e+02	1.380000e+02	1.930697e-04	3.015243e-05	3.015243e-05
1.380000e+02	1.440000e+02	1.380000e+02	1.440000e+02	1.083074e-04	2.258366e-05	2.258366e-05
1.380000e+02	1.440000e+02	1.440000e+02	1.500000e+02	1.083074e-04	2.258366e-05	2.258366e-05
1.380000e+02	1.440000e+02	1.500000e+02	1.560000e+02	1.271435e-04	2.446877e-05	2.446877e-05
1.380000e+02	1.440000e+02	1.560000e+02	1.620000e+02	8.005331e-05	1.941578e-05	1.941578e-05
1.380000e+02	1.440000e+02	1.620000e+02	1.680000e+02	7.534428e-05	1.883607e-05	1.883607e-05
1.380000e+02	1.440000e+02	1.680000e+02	1.740000e+02	0.000000e+00	0.000000e+00	0.000000e+00
1.380000e+02	1.440000e+02	1.740000e+02	1.800000e+02	0.000000e+00	0.000000e+00	0.000000e+00
1.440000e+02	1.500000e+02	0.000000e+00	6.000000e+00	0.000000e+00	0.000000e+00	0.000000e+00
1.440000e+02	1.500000e+02	6.000000e+00	1.200000e+01	0.000000e+00	0.000000e+00	0.000000e+00
1.440000e+02	1.500000e+02	1.200000e+01	1.800000e+01	0.000000e+00	0.000000e+00	0.000000e+00
1.440000e+02	1.500000e+02	1.800000e+01	2.400000e+01	0.000000e+00	0.000000e+00	0.000000e+00
1.440000e+02	1.500000e+02	2.400000e+01	3.000000e+01	0.000000e+00	0.000000e+00	0.000000e+00
1.440000e+02	1.500000e+02	3.000000e+01	3.600000e+01	0.000000e+00	0.000000e+00	0.000000e+00
1.440000e+02	1.500000e+02	3.600000e+01	4.200000e+01	0.000000e+00	0.000000e+00	0.000000e+00
1.440000e+02	1.500000e+02	4.200000e+01	4.800000e+01	0.000000e+00	0.000000e+00	0.000000e+00
1.440000e+02	1.500000e+02	4.800000e+01	5.400000e+01	0.000000e+00	0.000000e+00	0.000000e+00
1.440000e+02	1.500000e+02	5.400000e+01	6.000000e+01	0.000000e+00	0.000000e+00	0.000000e+00
1.440000e+02	1.500000e+02	6.000000e+01	6.600000e+01	0.000000e+00	0.000000e+00	0.000000e+00
1.440000e+02	1.500000e+02	6.600000e+01	7.200000e+01	0.000000e+00	0.000000e+00	0.000000e+00
1.440000e+02	1.500000e+02	7.200000e+01	7.800000e+01	0.000000e+00	0.000000e+00	0.000000e+00
1.440000e+02	1.500000e+02	7.800000e+01	8.400000e+01	0.000000e+00	0.000000e+00	0.000000e+00
1.440000e+02	1.500000e+02	8.400000e+01	9.000000e+01	5.650822e-05	1.631252e-05	1.631252e-05
1.440000e+02	1.500000e+02	9.000000e+01	9.600000e+01	7.063528e-05	1.823795e-05	1.823795e-05
1.440000e+02	1.500000e+02	9.600000e+01	1.020000e+02	7.534428e-05	1.883607e-05	1.883607e-05
1.440000e+02	1.500000e+02	1.020000e+02	1.080000e+02	1.035984e-04	2.208725e-05	2.208725e-05
1.440000e+02	1.500000e+02	1.080000e+02	1.140000e+02	1.365615e-04	2.535884e-05	2.535884e-05
1.440000e+02	1.500000e+02	1.140000e+02	1.200000e+02	1.459796e-04	2.621870e-05	2.621870e-05
1.440000e+02	1.500000e+02	1.200000e+02	1.260000e+02	2.307419e-04	3.296313e-05	3.296313e-05
1.440000e+02	1.500000e+02	1.260000e+02	1.320000e+02	1.459796e-04	2.621870e-05	2.621870e-05
1.440000e+02	1.500000e+02	1.320000e+02	1.380000e+02	1.224345e-04	2.401137e-05	2.401137e-05
1.440000e+02	1.500000e+02	1.380000e+02	1.440000e+02	1.035984e-04	2.208725e-05	2.208725e-05
1.440000e+02	1.500000e+02	1.440000e+02	1.500000e+02	1.271435e-04	2.446877e-05	2.446877e-05
1.440000e+02	1.500000e+02	1.500000e+02	1.560000e+02	1.035984e-04	2.208725e-05	2.208725e-05
1.440000e+02	1.500000e+02	1.560000e+02	1.620000e+02	1.271435e-04	2.446877e-05	2.446877e-05
1.440000e+02	1.500000e+02	1.620000e+02	1.680000e+02	4.238117e-05	1.412705e-05	1.412705e-05
1.440000e+02	1.500000e+02	1.680000e+02	1.740000e+02	0.000000e+00	0.000000e+00	0.000000e+00
1.440000e+02	1.500000e+02	1.740000e+02	1.800000e+02	0.000000e+00	0.000000e+00	0.000000e+00
1.500000e+02	1.560000e+02	0.000000e+00	6.000000e+00	0.000000e+00	0.000000e+00	0.000000e+00
1.500000e+02	1.560000e+02	6.000000e+00	1.200000e+01	0.000000e+00	0.000000e+00	0.000000e+00
1.500000e+02	1.560000e+02	1.200000e+01	1.800000e+01	0.000000e+00	0.000000e+00	0.000000e+00
1.500000e+02	1.560000e+02	1.800000e+01	2.400000e+01	0.000000e+00	0.000000e+00	0.000000e+00
1.500000e+02	1.560000e+02	2.400000e+01	3.000000e+01	0.000000e+00	0.000000e+00	0.000000e+00
1.500000e+02	1.560000e+02	3.000000e+01	3.600000e+01	0.000000e+00	0.000000e+00	0.000000e+00
1.500000e+02	1.560000e+02	3.600000e+01	4.200000e+01	0.000000e+00	0.000000e+00	0.000000e+00
1.500000e+02	1.560000e+02	4.200000e+01	4.800000e+01	0.000000e+00	0.000000e+00	0.000000e+00
1.500000e+02	1.560000e+02	4.800000e+01	5.400000e+01	0.000000e+00	0.000000e+00	0.000000e+00
1.500000e+02	1.560000e+02	5.400000e+01	6.000000e+01	0.000000e+00	0.000000e+00	0.000000e+00
1.500000e+02	1.560000e+02	6.000000e+01	6.600000e+01	0.000000e+00	0.000000e+00	0.000000e+00
1.500000e+02	1.560000e+02	6.600000e+01	7.200000e+01	0.000000e+00	0.000000e+00	0.000000e+00
1.500000e+02	1.560000e+02	7.200000e+01	7.800000e+01	0.000000e+00	0.000000e+00	0.000000e+00
1.500000e+02	1.560000e+02	7.800000e+01	8.400000e+01	0.000000e+00	0.000000e+00	0.000000e+00
1.500000e+02	1.560000e+02	8.400000e+01	9.000000e+01	2.825411e-05	1.153469e-05	1.153469e-05
1.500000e+02	1.560000e+02	9.000000e+01	9.600000e+01	7.063528e-05	1.823795e-05	1.823795e-05
1.500000e+02	1.560000e+02	9.600000e+01	1.020000e+02	9.888939e-05	2.157943e-05	2.157943e-05
1.500000e+02	1.560000e+02	1.020000e+02	1.080000e+02	1.130164e-04	2.306938e-05	2.306938e-05
1.500000e+02	1.560000e+02	1.080000e+02	1.140000e+02	1.318525e-04	2.491778e-05	2.491778e-05
1.500000e+02	1.560000e+02	1.140000e+02	1.200000e+02	1.412705e-04	2.579235e-05	2.579235e-05
1.500000e+02	1.560000e+02	1.200000e+02	1.260000e+02	1.365615e-04	2.535884e-05	2.535884e-05
1.500000e+02	1.560000e+02	1.260000e+02	1.320000e+02	1.365615e-04	2.535884e-05	2.535884e-05
1.500000e+02	1.560000e+02	1.320000e+02	1.380000e+02	6.592625e-05	1.761953e-05	1.761953e-05
1.500000e+02	1.560000e+02	1.380000e+02	1.440000e+02	1.130164e-04	2.306938e-05	2.306938e-05
1.500000e+02	1.560000e+02	1.440000e+02	1.500000e+02	7.063528e-05	1.823795e-05	1.823795e-05
1.500000e+02	1.560000e+02	1.500000e+02	1.560000e+02	8.947133e-05	2.052613e-05	2.052613e-05
1.500000e+02	1.560000e+02	1.560000e+02	1.620000e+02	7.063528e-05	1.823795e-05	1.823795e-05
1.500000e+02	1.560000e+02	1.620000e+02	1.680000e+02	6.121722e-05	1.697861e-05	1.697861e-05
1.500000e+02	1.560000e+02	1.680000e+02	1.740000e+02	0.000000e+00	0.000000e+00	0.000000e+00
1.500000e+02	1.560000e+02	1.740000e+02	1.800000e+02	0.000000e+00	0.000000e+00	0.000000e+00
1.560000e+02	1.620000e+02	0.000000e+00	6.000000e+00	0.000000e+00	0.000000e+00	0.000000e+00
1.560000e+02	1.620000e+02	6.000000e+00	1.200000e+01	0.000000e+00	0.000000e+00	0.000000e+00
1.560000e+02	1.620000e+02	1.200000e+01	1.800000e+01	0.000000e+00	0.000000e+00	0.000000e+00
1.560000e+02	1.620000e+02	1.800000e+01	2.400000e+01	0.000000e+00	0.000000e+00	0.000000e+00
1.560000e+02	1.620000e+02	2.400000e+01	3.000000e+01	0.000000e+00	0.000000e+00	0.000000e+00
1.560000e+02	1.620000e+02	3.000000e+01	3.600000e+01	0.000000e+00	0.000000e+00	0.000000e+00
1.560000e+02	1.620000e+02	3.600000e+01	4.200000e+01	0.000000e+00	0.000000e+00	0.000000e+00
1.560000e+02	1.620000e+02	4.200000e+01	4.800000e+01	0.000000e+00	0.000000e+00	0.000000e+00
1.560000e+02	1.620000e+02	4.800000e+01	5.400000e+01	0.000000e+00	0.000000e+00	0.000000e+00
1.560000e+02	1.620000e+02	5.400000e+01	6.000000e+01	0.000000e+00	0.000000e+00	0.000000e+00
1.560000e+02	1.620000e+02	6.000000e+01	6.600000e+01	0.000000e+00	0.000000e+00	0.000000e+00
1.560000e+02	1.620000e+02	6.600000e+01	7.200000e+01	0.000000e+00	0.000000e+00	0.000000e+00
1.560000e+02	1.620000e+02	7.200000e+01	7.800000e+01	0.000000e+00	0.000000e+00	0.000000e+00
1.560000e+02	1.620000e+02	7.800000e+01	8.400000e+01	0.000000e+00	0.000000e+00	0.000000e+00
1.560000e+02	1.620000e+02	8.400000e+01	9.000000e+01	3.767214e-05	1.331911e-05	1.331911e-05
1.560000e+02	1.620000e+02	9.000000e+01	9.600000e+01	6.592625e-05	1.761953e-05	1.761953e-05
1.560000e+02	1.620000e+02	9.600000e+01	1.020000e+02	8.476233e-05	1.997867e-05	1.997867e-05
1.560000e+02	1.620000e+02	1.020000e+02	1.080000e+02	8.947133e-05	2.052613e-05	2.052613e-05
1.560000e+02	1.620000e+02	1.080000e+02	1.140000e+02	1.035984e-04	2.208725e-05	2.208725e-05
1.560000e+02	1.620000e+02	1.140000e+02	1.200000e+02	1.318525e-04	2.491778e-05	2.491778e-05
1.560000e+02	1.620000e+02	1.200000e+02	1.260000e+02	1.318525e-04	2.491778e-05	2.491778e-05
1.560000e+02	1.620000e+02	1.260000e+02	1.320000e+02	1.365615e-04	2.535884e-05	2.535884e-05
1.560000e+02	1.620000e+02	1.320000e+02	1.380000e+02	1.035984e-04	2.208725e-05	2.208725e-05
1.560000e+02	1.620000e+02	1.380000e+02	1.440000e+02	1.365615e-04	2.535884e-05	2.535884e-05
1.560000e+02	1.620000e+02	1.440000e+02	1.500000e+02	8.476233e-05	1.997867e-05	1.997867e-05
1.560000e+02	1.620000e+02	1.500000e+02	1.560000e+02	7.063528e-05	1.823795e-05	1.823795e-05
1.560000e+02	1.620000e+02	1.560000e+02	1.620000e+02	5.650822e-05	1.631252e-05	1.631252e-05
1.560000e+02	1.620000e+02	1.620000e+02	1.680000e+02	5.179919e-05	1.561805e-05	1.561805e-05
1.560000e+02	1.620000e+02	1.680000e+02	1.740000e+02	0.000000e+00	0.000000e+00	0.000000e+00
1.560000e+02	1.620000e+02	1.740000e+02	1.800000e+02	0.000000e+00	0.000000e+00	0.000000e+00
1.620000e+02	1.680000e+02	0.000000e+00	6.000000e+00	0.000000e+00	0.000000e+00	0.000000e+00
1.620000e+02	1.680000e+02	6.000000e+00	1.200000e+01	0.000000e+00	0.000000e+00	0.000000e+00
1.620000e+02	1.680000e+02	1.200000e+01	1.800000e+01	0.000000e+00	0.000000e+00	0.000000e+00
1.620000e+02	1.680000e+02	1.800000e+01	2.400000e+01	0.000000e+00	0.000000e+00	0.000000e+00
1.620000e+02	1.680000e+02	2.400000e+01	3.000000e+01	0.000000e+00	0.000000e+00	0.000000e+00
1.620000e+02	1.680000e+02	3.000000e+01	3.600000e+01	0.000000e+00	0.000000e+00	0.000000e+00
1.620000e+02	1.680000e+02	3.600000e+01	4.200000e+01	0.000000e+00	0.000000e+00	0.000000e+00
1.620000e+02	1.680000e+02	4.200000e+01	4.800000e+01	0.000000e+00	0.000000e+00	0.000000e+00
1.620000e+02	1.680000e+02	4.800000e+01	5.400000e+01	0.000000e+00	0.000000e+00	0.000000e+00
1.620000e+02	1.680000e+02	5.400000e+01	6.000000e+01	0.000000e+00	0.000000e+00	0.000000e+00
1.620000e+02	1.680000e+02	6.000000e+01	6.600000e+01	0.000000e+00	0.000000e+00	0.000000e+00
1.620000e+02	1.680000e+02	6.600000e+01	7.200000e+01	0.000000e+00	0.000000e+00	0.000000e+00
1.620000e+02	1.680000e+02	7.200000e+01	7.800000e+01	0.000000e+00	0.000000e+00	0.000000e+00
1.620000e+02	1.680000e+02	7.800000e+01	8.400000e+01	0.000000e+00	0.000000e+00	0.000000e+00
1.620000e+02	1.680000e+02	8.400000e+01	9.000000e+01	1.883607e-05	9.418035e-06	9.418035e-06
1.620000e+02	1.680000e+02	9.000000e+01	9.600000e+01	2.825411e-05	1.153469e-05	1.153469e-05
1.620000e+02	1.680000e+02	9.600000e+01	1.020000e+02	2.825411e-05	1.153469e-05	1.153469e-05
1.620000e+02	1.680000e+02	1.020000e+02	1.080000e+02	4.238117e-05	1.412705e-05	1.412705e-05
1.620000e+02	1.680000e+02	1.080000e+02	1.140000e+02	2.354509e-05	1.052968e-05	1.052968e-05
1.620000e+02	1.680000e+02	1.140000e+02	1.200000e+02	5.650822e-05	1.631252e-05	1.631252e-05
1.620000e+02	1.680000e+02	1.200000e+02	1.260000e+02	4.709017e-05	1.489122e-05	1.489122e-05
1.620000e+02	1.680000e+02	1.260000e+02	1.320000e+02	6.121722e-05	1.697861e-05	1.697861e-05
1.620000e+02	1.680000e+02	1.320000e+02	1.380000e+02	3.767214e-05	1.331911e-05	1.331911e-05
1.620000e+02	1.680000e+02	1.380000e+02	1.440000e+02	4.709017e-06	4.709017e-06	4.709017e-06
1.620000e+02	1.680000e+02	1.440000e+02	1.500000e+02	3.767214e-05	1.331911e-05	1.331911e-05
1.620000e+02	1.680000e+02	1.500000e+02	1.560000e+02	2.825411e-05	1.153469e-05	1.153469e-05
1.620000e+02	1.680000e+02	1.560000e+02	1.620000e+02	3.767214e-05	1.331911e-05	1.331911e-05
1.620000e+02	1.680000e+02	1.620000e+02	1.680000e+02	1.412705e-05	8.156258e-06	8.156258e-06
1.620000e+02	1.680000e+02	1.680000e+02	1.740000e+02	0.000000e+00	0.000000e+00	0.000000e+00
1.620000e+02	1.680000e+02	1.740000e+02	1.800000e+02	0.000000e+00	0.000000e+00	0.000000e+00
1.680000e+02	1.740000e+02	0.000000e+00	6.000000e+00	0.000000e+00	0.000000e+00	0.000000e+00
1.680000e+02	1.740000e+02	6.000000e+00	1.200000e+01	0.000000e+00	0.000000e+00	0.000000e+00
1.680000e+02	1.740000e+02	1.200000e+01	1.800000e+01	0.000000e+00	0.000000e+00	0.000000e+00
1.680000e+02	1.740000e+02	1.800000e+01	2.400000e+01	0.000000e+00	0.000000e+00	0.000000e+00
1.680000e+02	1.740000e+02	2.400000e+01	3.000000e+01	0.000000e+00	0.000000e+00	0.000000e+00
1.680000e+02	1.740000e+02	3.000000e+01	3.600000e+01	0.000000e+00	0.000000e+00	0.000000e+00
1.680000e+02	1.740000e+02	3.600000e+01	4.200000e+01	0.000000e+00	0.000000e+00	0.000000e+00
1.680000e+02	1.740000e+02	4.200000e+01	4.800000e+01	0.000000e+00	0.000000e+00	0.000000e+00
1.680000e+02	1.740000e+02	4.800000e+01	5.400000e+01	0.000000e+00	0.000000e+00	0.000000e+00
1.680000e+02	1.740000e+02	5.400000e+01	6.000000e+01	0.000000e+00	0.000000e+00	0.000000e+00
1.680000e+02	1.740000e+02	6.000000e+01	6.600000e+01	0.000000e+00	0.000000e+00	0.000000e+00
1.680000e+02	1.740000e+02	6.600000e+01	7.200000e+01	0.000000e+00	0.000000e+00	0.000000e+00
1.680000e+02	1.740000e+02	7.200000e+01	7.800000e+01	0.000000e+00	0.000000e+00	0.000000e+00
1.680000e+02	1.740000e+02	7.800000e+01	8.400000e+01	0.000000e+00	0.000000e+00	0.000000e+00
1.680000e+02	1.740000e+02	8.400000e+01	9.000000e+01	0.000000e+00	0.000000e+00	0.000000e+00
1.680000e+02	1.740000e+02	9.000000e+01	9.600000e+01	0.000000e+00	0.000000e+00	0.000000e+00
1.680000e+02	1.740000e+02	9.600000e+01	1.020000e+02	0.000000e+00	0.000000e+00	0.000000e+00
1.680000e+02	1.740000e+02	1.020000e+02	1.080000e+02	0.000000e+00	0.000000e+00	0.000000e+00
1.680000e+02	1.740000e+02	1.080000e+02	1.140000e+02	0.000000e+00	0.000000e+00	0.000000e+00
1.680000e+02	1.740000e+02	1.140000e+02	1.200000e+02	0.000000e+00	0.000000e+00	0.000000e+00
1.680000e+02	1.740000e+02	1.200000e+02	1.260000e+02	0.000000e+00	0.000000e+00	0.000000e+00
1.680000e+02	1.740000e+02	1.260000e+02	1.320000e+02	0.000000e+00	0.000000e+00	0.000000e+00
1.680000e+02	1.740000e+02	1.320000e+02	1.380000e+02	0.000000e+00	0.000000e+00	0.000000e+00
1.680000e+02	1.740000e+02	1.380000e+02	1.440000e+02	0.000000e+00	0.000000e+00	0.000000e+00
1.680000e+02	1.740000e+02	1.440000e+02	1.500000e+02	0.000000e+00	0.000000e+00	0.000000e+00
1.680000e+02	1.740000e+02	1.500000e+02	1.560000e+02	0.000000e+00	0.000000e+00	0.000000e+00
1.680000e+02	1.740000e+02	1.560000e+02	1.620000e+02	0.000000e+00	0.000000e+00	0.000000e+00
1.680000e+02	1.740000e+02	1.620000e+02	1.680000e+02	0.000000e+00	0.000000e+00	0.000000e+00
1.680000e+02	1.740000e+02	1.680000e+02	1.740000e+02	0.000000e+00	0.000000e+00	0.000000e+00
1.680000e+02	1.740000e+02	1.740000e+02	1.800000e+02	0.000000e+00	0.000000e+00	0.000000e+00
1.740000e+02	1.800000e+02	0.000000e+00	6.000000e+00	0.000000e+00	0.000000e+00	0.000000e+00
1.740000e+02	1.800000e+02	6.000000e+00	1.200000e+01	0.000000e+00	0.000000e+00	0.000000e+00
1.740000e+02	1.800000e+02	1.200000e+01	1.800000e+01	0.000000e+00	0.000000e+00	0.000000e+00
1.740000e+02	1.800000e+02	1.800000e+01	2.400000e+01	0.000000e+00	0.000000e+00	0.000000e+00
1.740000e+02	1.800000e+02	2.400000e+01	3.000000e+01	0.000000e+00	0.000000e+00	0.000000e+00
1.740000e+02	1.800000e+02	3.000000e+01	3.600000e+01	0.000000e+00	0.000000e+00	0.000000e+00
1.740000e+02	1.800000e+02	3.600000e+01	4.200000e+01	0.000000e+00	0.000000e+00	0.000000e+00
1.740000e+02	1.800000e+02	4.200000e+01	4.800000e+01	0.000000e+00	0.000000e+00	0.000000e+00
1.740000e+02	1.800000e+02	4.800000e+01	5.400000e+01	0.000000e+00	0.000000e+00	0.000000e+00
1.740000e+02	1.800000e+02	5.400000e+01	6.000000e+01	0.000000e+00	0.000000e+00	0.000000e+00
1.740000e+02	1.800000e+02	6.000000e+01	6.600000e+01	0.000000e+00	0.000000e+00	0.000000e+00
1.740000e+02	1.800000e+02	6.600000e+01	7.200000e+01	0.000000e+00	0.000000e+00	0.000000e+00
1.740000e+02	1.800000e+02	7.200000e+01	7.800000e+01	0.000000e+00	0.000000e+00	0.000000e+00
1.740000e+02	1.800000e+02	7.800000e+01	8.400000e+01	0.000000e+00	0.000000e+00	0.000000e+00
1.740000e+02	1.800000e+02	8.400000e+01	9.000000e+01	0.000000e+00	0.000000e+00	0.000000e+00
1.740000e+02	1.800000e+02	9.000000e+01	9.600000e+01	0.000000e+00	0.000000e+00	0.000000e+00
1.740000e+02	1.800000e+02	9.600000e+01	1.020000e+02	0.000000e+00	0.000000e+00	0.000000e+00
1.740000e+02	1.800000e+02	1.020000e+02	1.080000e+02	0.000000e+00	0.000000e+00	0.000000e+00
1.740000e+02	1.800000e+02	1.080000e+02	1.140000e+02	0.000000e+00	0.000000e+00	0.000000e+00
1.740000e+02	1.800000e+02	1.140000e+02	1.200000e+02	0.000000e+00	0.000000e+00	0.000000e+00
1.740000e+02	1.800000e+02	1.200000e+02	1.260000e+02	0.000000e+00	0.000000e+00	0.000000e+00
1.740000e+02	1.800000e+02	1.260000e+02	1.320000e+02	0.000000e+00	0.000000e+00	0.000000e+00
1.740000e+02	1.800000e+02	1.320000e+02	1.380000e+02	0.000000e+00	0.000000e+00	0.000000e+00
1.740000e+02	1.800000e+02	1.380000e+02	1.440000e+02	0.000000e+00	0.000000e+00	0.000000e+00
1.740000e+02	1.800000e+02	1.440000e+02	1.500000e+02	0.000000e+00	0.000000e+00	0.000000e+00
1.740000e+02	1.800000e+02	1.500000e+02	1.560000e+02	0.000000e+00	0.000000e+00	0.000000e+00
1.740000e+02	1.800000e+02	1.560000e+02	1.620000e+02	0.000000e+00	0.000000e+00	0.000000e+00
1.740000e+02	1.800000e+02	1.620000e+02	1.680000e+02	0.000000e+00	0.000000e+00	0.000000e+00
1.740000e+02	1.800000e+02	1.680000e+02	1.740000e+02	0.000000e+00	0.000000e+00	0.000000e+00
1.740000e+02	1.800000e+02	1.740000e+02	1.800000e+02	0.000000e+00	0.000000e+00	0.000000e+00
# END HISTO2D

