# BEGIN HISTO1D /res/oxford/histo_CFN_res
Path=/res/oxford/histo_CFN_res
Title=CFN_res
# xlow	 xhigh	 val	 errminus	 errplus
0.000000e+00	1.000000e+00	1.000000e+06	1.000000e+03	1.000000e+03
1.000000e+00	2.000000e+00	1.000000e+06	1.000000e+03	1.000000e+03
2.000000e+00	3.000000e+00	4.871740e+05	6.979785e+02	6.979785e+02
3.000000e+00	4.000000e+00	4.055570e+05	6.368336e+02	6.368336e+02
4.000000e+00	5.000000e+00	4.055570e+05	6.368336e+02	6.368336e+02
5.000000e+00	6.000000e+00	1.405890e+05	3.749520e+02	3.749520e+02
6.000000e+00	7.000000e+00	1.339740e+05	3.660246e+02	3.660246e+02
# END HISTO1D

