# BEGIN HISTO2D /res/baseline_noPU_oxford/histo_ptHptH_res_C2
Path=/res/baseline_noPU_oxford/histo_ptHptH_res_C2
ScaledBy=1
Title=ptHptH_res_C2
# xlow	 xhigh	 ylow	 yhigh	 val	 errminus	 errplus
0.000000e+00	3.000000e+01	0.000000e+00	3.000000e+01	3.261766e-06	1.441845e-07	1.441845e-07
0.000000e+00	3.000000e+01	3.000000e+01	6.000000e+01	0.000000e+00	0.000000e+00	0.000000e+00
0.000000e+00	3.000000e+01	6.000000e+01	9.000000e+01	0.000000e+00	0.000000e+00	0.000000e+00
0.000000e+00	3.000000e+01	9.000000e+01	1.200000e+02	0.000000e+00	0.000000e+00	0.000000e+00
0.000000e+00	3.000000e+01	1.200000e+02	1.500000e+02	0.000000e+00	0.000000e+00	0.000000e+00
0.000000e+00	3.000000e+01	1.500000e+02	1.800000e+02	0.000000e+00	0.000000e+00	0.000000e+00
0.000000e+00	3.000000e+01	1.800000e+02	2.100000e+02	0.000000e+00	0.000000e+00	0.000000e+00
0.000000e+00	3.000000e+01	2.100000e+02	2.400000e+02	0.000000e+00	0.000000e+00	0.000000e+00
0.000000e+00	3.000000e+01	2.400000e+02	2.700000e+02	0.000000e+00	0.000000e+00	0.000000e+00
0.000000e+00	3.000000e+01	2.700000e+02	3.000000e+02	0.000000e+00	0.000000e+00	0.000000e+00
0.000000e+00	3.000000e+01	3.000000e+02	3.300000e+02	0.000000e+00	0.000000e+00	0.000000e+00
0.000000e+00	3.000000e+01	3.300000e+02	3.600000e+02	0.000000e+00	0.000000e+00	0.000000e+00
0.000000e+00	3.000000e+01	3.600000e+02	3.900000e+02	0.000000e+00	0.000000e+00	0.000000e+00
0.000000e+00	3.000000e+01	3.900000e+02	4.200000e+02	0.000000e+00	0.000000e+00	0.000000e+00
0.000000e+00	3.000000e+01	4.200000e+02	4.500000e+02	0.000000e+00	0.000000e+00	0.000000e+00
0.000000e+00	3.000000e+01	4.500000e+02	4.800000e+02	0.000000e+00	0.000000e+00	0.000000e+00
0.000000e+00	3.000000e+01	4.800000e+02	5.100000e+02	0.000000e+00	0.000000e+00	0.000000e+00
0.000000e+00	3.000000e+01	5.100000e+02	5.400000e+02	0.000000e+00	0.000000e+00	0.000000e+00
0.000000e+00	3.000000e+01	5.400000e+02	5.700000e+02	0.000000e+00	0.000000e+00	0.000000e+00
0.000000e+00	3.000000e+01	5.700000e+02	6.000000e+02	0.000000e+00	0.000000e+00	0.000000e+00
0.000000e+00	3.000000e+01	6.000000e+02	6.300000e+02	0.000000e+00	0.000000e+00	0.000000e+00
0.000000e+00	3.000000e+01	6.300000e+02	6.600000e+02	0.000000e+00	0.000000e+00	0.000000e+00
0.000000e+00	3.000000e+01	6.600000e+02	6.900000e+02	0.000000e+00	0.000000e+00	0.000000e+00
0.000000e+00	3.000000e+01	6.900000e+02	7.200000e+02	0.000000e+00	0.000000e+00	0.000000e+00
0.000000e+00	3.000000e+01	7.200000e+02	7.500000e+02	0.000000e+00	0.000000e+00	0.000000e+00
0.000000e+00	3.000000e+01	7.500000e+02	7.800000e+02	0.000000e+00	0.000000e+00	0.000000e+00
0.000000e+00	3.000000e+01	7.800000e+02	8.100000e+02	0.000000e+00	0.000000e+00	0.000000e+00
0.000000e+00	3.000000e+01	8.100000e+02	8.400000e+02	0.000000e+00	0.000000e+00	0.000000e+00
0.000000e+00	3.000000e+01	8.400000e+02	8.700000e+02	0.000000e+00	0.000000e+00	0.000000e+00
0.000000e+00	3.000000e+01	8.700000e+02	9.000000e+02	0.000000e+00	0.000000e+00	0.000000e+00
3.000000e+01	6.000000e+01	0.000000e+00	3.000000e+01	6.920916e-06	2.093123e-07	2.093123e-07
3.000000e+01	6.000000e+01	3.000000e+01	6.000000e+01	7.314408e-06	2.152499e-07	2.152499e-07
3.000000e+01	6.000000e+01	6.000000e+01	9.000000e+01	0.000000e+00	0.000000e+00	0.000000e+00
3.000000e+01	6.000000e+01	9.000000e+01	1.200000e+02	0.000000e+00	0.000000e+00	0.000000e+00
3.000000e+01	6.000000e+01	1.200000e+02	1.500000e+02	0.000000e+00	0.000000e+00	0.000000e+00
3.000000e+01	6.000000e+01	1.500000e+02	1.800000e+02	0.000000e+00	0.000000e+00	0.000000e+00
3.000000e+01	6.000000e+01	1.800000e+02	2.100000e+02	0.000000e+00	0.000000e+00	0.000000e+00
3.000000e+01	6.000000e+01	2.100000e+02	2.400000e+02	0.000000e+00	0.000000e+00	0.000000e+00
3.000000e+01	6.000000e+01	2.400000e+02	2.700000e+02	0.000000e+00	0.000000e+00	0.000000e+00
3.000000e+01	6.000000e+01	2.700000e+02	3.000000e+02	0.000000e+00	0.000000e+00	0.000000e+00
3.000000e+01	6.000000e+01	3.000000e+02	3.300000e+02	0.000000e+00	0.000000e+00	0.000000e+00
3.000000e+01	6.000000e+01	3.300000e+02	3.600000e+02	0.000000e+00	0.000000e+00	0.000000e+00
3.000000e+01	6.000000e+01	3.600000e+02	3.900000e+02	0.000000e+00	0.000000e+00	0.000000e+00
3.000000e+01	6.000000e+01	3.900000e+02	4.200000e+02	0.000000e+00	0.000000e+00	0.000000e+00
3.000000e+01	6.000000e+01	4.200000e+02	4.500000e+02	0.000000e+00	0.000000e+00	0.000000e+00
3.000000e+01	6.000000e+01	4.500000e+02	4.800000e+02	0.000000e+00	0.000000e+00	0.000000e+00
3.000000e+01	6.000000e+01	4.800000e+02	5.100000e+02	0.000000e+00	0.000000e+00	0.000000e+00
3.000000e+01	6.000000e+01	5.100000e+02	5.400000e+02	0.000000e+00	0.000000e+00	0.000000e+00
3.000000e+01	6.000000e+01	5.400000e+02	5.700000e+02	0.000000e+00	0.000000e+00	0.000000e+00
3.000000e+01	6.000000e+01	5.700000e+02	6.000000e+02	0.000000e+00	0.000000e+00	0.000000e+00
3.000000e+01	6.000000e+01	6.000000e+02	6.300000e+02	0.000000e+00	0.000000e+00	0.000000e+00
3.000000e+01	6.000000e+01	6.300000e+02	6.600000e+02	0.000000e+00	0.000000e+00	0.000000e+00
3.000000e+01	6.000000e+01	6.600000e+02	6.900000e+02	0.000000e+00	0.000000e+00	0.000000e+00
3.000000e+01	6.000000e+01	6.900000e+02	7.200000e+02	0.000000e+00	0.000000e+00	0.000000e+00
3.000000e+01	6.000000e+01	7.200000e+02	7.500000e+02	0.000000e+00	0.000000e+00	0.000000e+00
3.000000e+01	6.000000e+01	7.500000e+02	7.800000e+02	0.000000e+00	0.000000e+00	0.000000e+00
3.000000e+01	6.000000e+01	7.800000e+02	8.100000e+02	0.000000e+00	0.000000e+00	0.000000e+00
3.000000e+01	6.000000e+01	8.100000e+02	8.400000e+02	0.000000e+00	0.000000e+00	0.000000e+00
3.000000e+01	6.000000e+01	8.400000e+02	8.700000e+02	0.000000e+00	0.000000e+00	0.000000e+00
3.000000e+01	6.000000e+01	8.700000e+02	9.000000e+02	0.000000e+00	0.000000e+00	0.000000e+00
6.000000e+01	9.000000e+01	0.000000e+00	3.000000e+01	2.608051e-06	1.274806e-07	1.274806e-07
6.000000e+01	9.000000e+01	3.000000e+01	6.000000e+01	1.046415e-05	2.568059e-07	2.568059e-07
6.000000e+01	9.000000e+01	6.000000e+01	9.000000e+01	1.014237e-05	2.537998e-07	2.537998e-07
6.000000e+01	9.000000e+01	9.000000e+01	1.200000e+02	0.000000e+00	0.000000e+00	0.000000e+00
6.000000e+01	9.000000e+01	1.200000e+02	1.500000e+02	0.000000e+00	0.000000e+00	0.000000e+00
6.000000e+01	9.000000e+01	1.500000e+02	1.800000e+02	0.000000e+00	0.000000e+00	0.000000e+00
6.000000e+01	9.000000e+01	1.800000e+02	2.100000e+02	0.000000e+00	0.000000e+00	0.000000e+00
6.000000e+01	9.000000e+01	2.100000e+02	2.400000e+02	0.000000e+00	0.000000e+00	0.000000e+00
6.000000e+01	9.000000e+01	2.400000e+02	2.700000e+02	0.000000e+00	0.000000e+00	0.000000e+00
6.000000e+01	9.000000e+01	2.700000e+02	3.000000e+02	0.000000e+00	0.000000e+00	0.000000e+00
6.000000e+01	9.000000e+01	3.000000e+02	3.300000e+02	0.000000e+00	0.000000e+00	0.000000e+00
6.000000e+01	9.000000e+01	3.300000e+02	3.600000e+02	0.000000e+00	0.000000e+00	0.000000e+00
6.000000e+01	9.000000e+01	3.600000e+02	3.900000e+02	0.000000e+00	0.000000e+00	0.000000e+00
6.000000e+01	9.000000e+01	3.900000e+02	4.200000e+02	0.000000e+00	0.000000e+00	0.000000e+00
6.000000e+01	9.000000e+01	4.200000e+02	4.500000e+02	0.000000e+00	0.000000e+00	0.000000e+00
6.000000e+01	9.000000e+01	4.500000e+02	4.800000e+02	0.000000e+00	0.000000e+00	0.000000e+00
6.000000e+01	9.000000e+01	4.800000e+02	5.100000e+02	0.000000e+00	0.000000e+00	0.000000e+00
6.000000e+01	9.000000e+01	5.100000e+02	5.400000e+02	0.000000e+00	0.000000e+00	0.000000e+00
6.000000e+01	9.000000e+01	5.400000e+02	5.700000e+02	0.000000e+00	0.000000e+00	0.000000e+00
6.000000e+01	9.000000e+01	5.700000e+02	6.000000e+02	0.000000e+00	0.000000e+00	0.000000e+00
6.000000e+01	9.000000e+01	6.000000e+02	6.300000e+02	0.000000e+00	0.000000e+00	0.000000e+00
6.000000e+01	9.000000e+01	6.300000e+02	6.600000e+02	0.000000e+00	0.000000e+00	0.000000e+00
6.000000e+01	9.000000e+01	6.600000e+02	6.900000e+02	0.000000e+00	0.000000e+00	0.000000e+00
6.000000e+01	9.000000e+01	6.900000e+02	7.200000e+02	0.000000e+00	0.000000e+00	0.000000e+00
6.000000e+01	9.000000e+01	7.200000e+02	7.500000e+02	0.000000e+00	0.000000e+00	0.000000e+00
6.000000e+01	9.000000e+01	7.500000e+02	7.800000e+02	0.000000e+00	0.000000e+00	0.000000e+00
6.000000e+01	9.000000e+01	7.800000e+02	8.100000e+02	0.000000e+00	0.000000e+00	0.000000e+00
6.000000e+01	9.000000e+01	8.100000e+02	8.400000e+02	0.000000e+00	0.000000e+00	0.000000e+00
6.000000e+01	9.000000e+01	8.400000e+02	8.700000e+02	0.000000e+00	0.000000e+00	0.000000e+00
6.000000e+01	9.000000e+01	8.700000e+02	9.000000e+02	0.000000e+00	0.000000e+00	0.000000e+00
9.000000e+01	1.200000e+02	0.000000e+00	3.000000e+01	9.621870e-07	7.696592e-08	7.696592e-08
9.000000e+01	1.200000e+02	3.000000e+01	6.000000e+01	4.528989e-06	1.683663e-07	1.683663e-07
9.000000e+01	1.200000e+02	6.000000e+01	9.000000e+01	1.637931e-05	3.225267e-07	3.225267e-07
9.000000e+01	1.200000e+02	9.000000e+01	1.200000e+02	1.820153e-05	3.410365e-07	3.410365e-07
9.000000e+01	1.200000e+02	1.200000e+02	1.500000e+02	0.000000e+00	0.000000e+00	0.000000e+00
9.000000e+01	1.200000e+02	1.500000e+02	1.800000e+02	0.000000e+00	0.000000e+00	0.000000e+00
9.000000e+01	1.200000e+02	1.800000e+02	2.100000e+02	0.000000e+00	0.000000e+00	0.000000e+00
9.000000e+01	1.200000e+02	2.100000e+02	2.400000e+02	0.000000e+00	0.000000e+00	0.000000e+00
9.000000e+01	1.200000e+02	2.400000e+02	2.700000e+02	0.000000e+00	0.000000e+00	0.000000e+00
9.000000e+01	1.200000e+02	2.700000e+02	3.000000e+02	0.000000e+00	0.000000e+00	0.000000e+00
9.000000e+01	1.200000e+02	3.000000e+02	3.300000e+02	0.000000e+00	0.000000e+00	0.000000e+00
9.000000e+01	1.200000e+02	3.300000e+02	3.600000e+02	0.000000e+00	0.000000e+00	0.000000e+00
9.000000e+01	1.200000e+02	3.600000e+02	3.900000e+02	0.000000e+00	0.000000e+00	0.000000e+00
9.000000e+01	1.200000e+02	3.900000e+02	4.200000e+02	0.000000e+00	0.000000e+00	0.000000e+00
9.000000e+01	1.200000e+02	4.200000e+02	4.500000e+02	0.000000e+00	0.000000e+00	0.000000e+00
9.000000e+01	1.200000e+02	4.500000e+02	4.800000e+02	0.000000e+00	0.000000e+00	0.000000e+00
9.000000e+01	1.200000e+02	4.800000e+02	5.100000e+02	0.000000e+00	0.000000e+00	0.000000e+00
9.000000e+01	1.200000e+02	5.100000e+02	5.400000e+02	0.000000e+00	0.000000e+00	0.000000e+00
9.000000e+01	1.200000e+02	5.400000e+02	5.700000e+02	0.000000e+00	0.000000e+00	0.000000e+00
9.000000e+01	1.200000e+02	5.700000e+02	6.000000e+02	0.000000e+00	0.000000e+00	0.000000e+00
9.000000e+01	1.200000e+02	6.000000e+02	6.300000e+02	0.000000e+00	0.000000e+00	0.000000e+00
9.000000e+01	1.200000e+02	6.300000e+02	6.600000e+02	0.000000e+00	0.000000e+00	0.000000e+00
9.000000e+01	1.200000e+02	6.600000e+02	6.900000e+02	0.000000e+00	0.000000e+00	0.000000e+00
9.000000e+01	1.200000e+02	6.900000e+02	7.200000e+02	0.000000e+00	0.000000e+00	0.000000e+00
9.000000e+01	1.200000e+02	7.200000e+02	7.500000e+02	0.000000e+00	0.000000e+00	0.000000e+00
9.000000e+01	1.200000e+02	7.500000e+02	7.800000e+02	0.000000e+00	0.000000e+00	0.000000e+00
9.000000e+01	1.200000e+02	7.800000e+02	8.100000e+02	0.000000e+00	0.000000e+00	0.000000e+00
9.000000e+01	1.200000e+02	8.100000e+02	8.400000e+02	0.000000e+00	0.000000e+00	0.000000e+00
9.000000e+01	1.200000e+02	8.400000e+02	8.700000e+02	0.000000e+00	0.000000e+00	0.000000e+00
9.000000e+01	1.200000e+02	8.700000e+02	9.000000e+02	0.000000e+00	0.000000e+00	0.000000e+00
1.200000e+02	1.500000e+02	0.000000e+00	3.000000e+01	4.791487e-07	5.441778e-08	5.441778e-08
1.200000e+02	1.500000e+02	3.000000e+01	6.000000e+01	1.752221e-06	1.044344e-07	1.044344e-07
1.200000e+02	1.500000e+02	6.000000e+01	9.000000e+01	7.777013e-06	2.218549e-07	2.218549e-07
1.200000e+02	1.500000e+02	9.000000e+01	1.200000e+02	3.007463e-05	4.385532e-07	4.385532e-07
1.200000e+02	1.500000e+02	1.200000e+02	1.500000e+02	2.651279e-05	4.121405e-07	4.121405e-07
1.200000e+02	1.500000e+02	1.500000e+02	1.800000e+02	0.000000e+00	0.000000e+00	0.000000e+00
1.200000e+02	1.500000e+02	1.800000e+02	2.100000e+02	0.000000e+00	0.000000e+00	0.000000e+00
1.200000e+02	1.500000e+02	2.100000e+02	2.400000e+02	0.000000e+00	0.000000e+00	0.000000e+00
1.200000e+02	1.500000e+02	2.400000e+02	2.700000e+02	0.000000e+00	0.000000e+00	0.000000e+00
1.200000e+02	1.500000e+02	2.700000e+02	3.000000e+02	0.000000e+00	0.000000e+00	0.000000e+00
1.200000e+02	1.500000e+02	3.000000e+02	3.300000e+02	0.000000e+00	0.000000e+00	0.000000e+00
1.200000e+02	1.500000e+02	3.300000e+02	3.600000e+02	0.000000e+00	0.000000e+00	0.000000e+00
1.200000e+02	1.500000e+02	3.600000e+02	3.900000e+02	0.000000e+00	0.000000e+00	0.000000e+00
1.200000e+02	1.500000e+02	3.900000e+02	4.200000e+02	0.000000e+00	0.000000e+00	0.000000e+00
1.200000e+02	1.500000e+02	4.200000e+02	4.500000e+02	0.000000e+00	0.000000e+00	0.000000e+00
1.200000e+02	1.500000e+02	4.500000e+02	4.800000e+02	0.000000e+00	0.000000e+00	0.000000e+00
1.200000e+02	1.500000e+02	4.800000e+02	5.100000e+02	0.000000e+00	0.000000e+00	0.000000e+00
1.200000e+02	1.500000e+02	5.100000e+02	5.400000e+02	0.000000e+00	0.000000e+00	0.000000e+00
1.200000e+02	1.500000e+02	5.400000e+02	5.700000e+02	0.000000e+00	0.000000e+00	0.000000e+00
1.200000e+02	1.500000e+02	5.700000e+02	6.000000e+02	0.000000e+00	0.000000e+00	0.000000e+00
1.200000e+02	1.500000e+02	6.000000e+02	6.300000e+02	0.000000e+00	0.000000e+00	0.000000e+00
1.200000e+02	1.500000e+02	6.300000e+02	6.600000e+02	0.000000e+00	0.000000e+00	0.000000e+00
1.200000e+02	1.500000e+02	6.600000e+02	6.900000e+02	0.000000e+00	0.000000e+00	0.000000e+00
1.200000e+02	1.500000e+02	6.900000e+02	7.200000e+02	0.000000e+00	0.000000e+00	0.000000e+00
1.200000e+02	1.500000e+02	7.200000e+02	7.500000e+02	0.000000e+00	0.000000e+00	0.000000e+00
1.200000e+02	1.500000e+02	7.500000e+02	7.800000e+02	0.000000e+00	0.000000e+00	0.000000e+00
1.200000e+02	1.500000e+02	7.800000e+02	8.100000e+02	0.000000e+00	0.000000e+00	0.000000e+00
1.200000e+02	1.500000e+02	8.100000e+02	8.400000e+02	0.000000e+00	0.000000e+00	0.000000e+00
1.200000e+02	1.500000e+02	8.400000e+02	8.700000e+02	0.000000e+00	0.000000e+00	0.000000e+00
1.200000e+02	1.500000e+02	8.700000e+02	9.000000e+02	0.000000e+00	0.000000e+00	0.000000e+00
1.500000e+02	1.800000e+02	0.000000e+00	3.000000e+01	2.368110e-07	3.830584e-08	3.830584e-08
1.500000e+02	1.800000e+02	3.000000e+01	6.000000e+01	9.226583e-07	7.618741e-08	7.618741e-08
1.500000e+02	1.800000e+02	6.000000e+01	9.000000e+01	2.991714e-06	1.377236e-07	1.377236e-07
1.500000e+02	1.800000e+02	9.000000e+01	1.200000e+02	1.248222e-05	2.820856e-07	2.820856e-07
1.500000e+02	1.800000e+02	1.200000e+02	1.500000e+02	3.744626e-05	4.895857e-07	4.895857e-07
1.500000e+02	1.800000e+02	1.500000e+02	1.800000e+02	2.736837e-05	4.185764e-07	4.185764e-07
1.500000e+02	1.800000e+02	1.800000e+02	2.100000e+02	0.000000e+00	0.000000e+00	0.000000e+00
1.500000e+02	1.800000e+02	2.100000e+02	2.400000e+02	0.000000e+00	0.000000e+00	0.000000e+00
1.500000e+02	1.800000e+02	2.400000e+02	2.700000e+02	0.000000e+00	0.000000e+00	0.000000e+00
1.500000e+02	1.800000e+02	2.700000e+02	3.000000e+02	0.000000e+00	0.000000e+00	0.000000e+00
1.500000e+02	1.800000e+02	3.000000e+02	3.300000e+02	0.000000e+00	0.000000e+00	0.000000e+00
1.500000e+02	1.800000e+02	3.300000e+02	3.600000e+02	0.000000e+00	0.000000e+00	0.000000e+00
1.500000e+02	1.800000e+02	3.600000e+02	3.900000e+02	0.000000e+00	0.000000e+00	0.000000e+00
1.500000e+02	1.800000e+02	3.900000e+02	4.200000e+02	0.000000e+00	0.000000e+00	0.000000e+00
1.500000e+02	1.800000e+02	4.200000e+02	4.500000e+02	0.000000e+00	0.000000e+00	0.000000e+00
1.500000e+02	1.800000e+02	4.500000e+02	4.800000e+02	0.000000e+00	0.000000e+00	0.000000e+00
1.500000e+02	1.800000e+02	4.800000e+02	5.100000e+02	0.000000e+00	0.000000e+00	0.000000e+00
1.500000e+02	1.800000e+02	5.100000e+02	5.400000e+02	0.000000e+00	0.000000e+00	0.000000e+00
1.500000e+02	1.800000e+02	5.400000e+02	5.700000e+02	0.000000e+00	0.000000e+00	0.000000e+00
1.500000e+02	1.800000e+02	5.700000e+02	6.000000e+02	0.000000e+00	0.000000e+00	0.000000e+00
1.500000e+02	1.800000e+02	6.000000e+02	6.300000e+02	0.000000e+00	0.000000e+00	0.000000e+00
1.500000e+02	1.800000e+02	6.300000e+02	6.600000e+02	0.000000e+00	0.000000e+00	0.000000e+00
1.500000e+02	1.800000e+02	6.600000e+02	6.900000e+02	0.000000e+00	0.000000e+00	0.000000e+00
1.500000e+02	1.800000e+02	6.900000e+02	7.200000e+02	0.000000e+00	0.000000e+00	0.000000e+00
1.500000e+02	1.800000e+02	7.200000e+02	7.500000e+02	0.000000e+00	0.000000e+00	0.000000e+00
1.500000e+02	1.800000e+02	7.500000e+02	7.800000e+02	0.000000e+00	0.000000e+00	0.000000e+00
1.500000e+02	1.800000e+02	7.800000e+02	8.100000e+02	0.000000e+00	0.000000e+00	0.000000e+00
1.500000e+02	1.800000e+02	8.100000e+02	8.400000e+02	0.000000e+00	0.000000e+00	0.000000e+00
1.500000e+02	1.800000e+02	8.400000e+02	8.700000e+02	0.000000e+00	0.000000e+00	0.000000e+00
1.500000e+02	1.800000e+02	8.700000e+02	9.000000e+02	0.000000e+00	0.000000e+00	0.000000e+00
1.800000e+02	2.100000e+02	0.000000e+00	3.000000e+01	1.176458e-07	2.695514e-08	2.695514e-08
1.800000e+02	2.100000e+02	3.000000e+01	6.000000e+01	3.672704e-07	4.799999e-08	4.799999e-08
1.800000e+02	2.100000e+02	6.000000e+01	9.000000e+01	1.282859e-06	8.952133e-08	8.952133e-08
1.800000e+02	2.100000e+02	9.000000e+01	1.200000e+02	4.547312e-06	1.692167e-07	1.692167e-07
1.800000e+02	2.100000e+02	1.200000e+02	1.500000e+02	1.422048e-05	2.998360e-07	2.998360e-07
1.800000e+02	2.100000e+02	1.500000e+02	1.800000e+02	3.420521e-05	4.654310e-07	4.654310e-07
1.800000e+02	2.100000e+02	1.800000e+02	2.100000e+02	2.232710e-05	3.737215e-07	3.737215e-07
1.800000e+02	2.100000e+02	2.100000e+02	2.400000e+02	0.000000e+00	0.000000e+00	0.000000e+00
1.800000e+02	2.100000e+02	2.400000e+02	2.700000e+02	0.000000e+00	0.000000e+00	0.000000e+00
1.800000e+02	2.100000e+02	2.700000e+02	3.000000e+02	0.000000e+00	0.000000e+00	0.000000e+00
1.800000e+02	2.100000e+02	3.000000e+02	3.300000e+02	0.000000e+00	0.000000e+00	0.000000e+00
1.800000e+02	2.100000e+02	3.300000e+02	3.600000e+02	0.000000e+00	0.000000e+00	0.000000e+00
1.800000e+02	2.100000e+02	3.600000e+02	3.900000e+02	0.000000e+00	0.000000e+00	0.000000e+00
1.800000e+02	2.100000e+02	3.900000e+02	4.200000e+02	0.000000e+00	0.000000e+00	0.000000e+00
1.800000e+02	2.100000e+02	4.200000e+02	4.500000e+02	0.000000e+00	0.000000e+00	0.000000e+00
1.800000e+02	2.100000e+02	4.500000e+02	4.800000e+02	0.000000e+00	0.000000e+00	0.000000e+00
1.800000e+02	2.100000e+02	4.800000e+02	5.100000e+02	0.000000e+00	0.000000e+00	0.000000e+00
1.800000e+02	2.100000e+02	5.100000e+02	5.400000e+02	0.000000e+00	0.000000e+00	0.000000e+00
1.800000e+02	2.100000e+02	5.400000e+02	5.700000e+02	0.000000e+00	0.000000e+00	0.000000e+00
1.800000e+02	2.100000e+02	5.700000e+02	6.000000e+02	0.000000e+00	0.000000e+00	0.000000e+00
1.800000e+02	2.100000e+02	6.000000e+02	6.300000e+02	0.000000e+00	0.000000e+00	0.000000e+00
1.800000e+02	2.100000e+02	6.300000e+02	6.600000e+02	0.000000e+00	0.000000e+00	0.000000e+00
1.800000e+02	2.100000e+02	6.600000e+02	6.900000e+02	0.000000e+00	0.000000e+00	0.000000e+00
1.800000e+02	2.100000e+02	6.900000e+02	7.200000e+02	0.000000e+00	0.000000e+00	0.000000e+00
1.800000e+02	2.100000e+02	7.200000e+02	7.500000e+02	0.000000e+00	0.000000e+00	0.000000e+00
1.800000e+02	2.100000e+02	7.500000e+02	7.800000e+02	0.000000e+00	0.000000e+00	0.000000e+00
1.800000e+02	2.100000e+02	7.800000e+02	8.100000e+02	0.000000e+00	0.000000e+00	0.000000e+00
1.800000e+02	2.100000e+02	8.100000e+02	8.400000e+02	0.000000e+00	0.000000e+00	0.000000e+00
1.800000e+02	2.100000e+02	8.400000e+02	8.700000e+02	0.000000e+00	0.000000e+00	0.000000e+00
1.800000e+02	2.100000e+02	8.700000e+02	9.000000e+02	0.000000e+00	0.000000e+00	0.000000e+00
2.100000e+02	2.400000e+02	0.000000e+00	3.000000e+01	3.801057e-08	1.497675e-08	1.497675e-08
2.100000e+02	2.400000e+02	3.000000e+01	6.000000e+01	2.864030e-07	4.179931e-08	4.179931e-08
2.100000e+02	2.400000e+02	6.000000e+01	9.000000e+01	5.127887e-07	5.547910e-08	5.547910e-08
2.100000e+02	2.400000e+02	9.000000e+01	1.200000e+02	1.555213e-06	9.635467e-08	9.635467e-08
2.100000e+02	2.400000e+02	1.200000e+02	1.500000e+02	4.600228e-06	1.656344e-07	1.656344e-07
2.100000e+02	2.400000e+02	1.500000e+02	1.800000e+02	1.207659e-05	2.688063e-07	2.688063e-07
2.100000e+02	2.400000e+02	1.800000e+02	2.100000e+02	2.442083e-05	3.799675e-07	3.799675e-07
2.100000e+02	2.400000e+02	2.100000e+02	2.400000e+02	1.425191e-05	2.832424e-07	2.832424e-07
2.100000e+02	2.400000e+02	2.400000e+02	2.700000e+02	0.000000e+00	0.000000e+00	0.000000e+00
2.100000e+02	2.400000e+02	2.700000e+02	3.000000e+02	0.000000e+00	0.000000e+00	0.000000e+00
2.100000e+02	2.400000e+02	3.000000e+02	3.300000e+02	0.000000e+00	0.000000e+00	0.000000e+00
2.100000e+02	2.400000e+02	3.300000e+02	3.600000e+02	0.000000e+00	0.000000e+00	0.000000e+00
2.100000e+02	2.400000e+02	3.600000e+02	3.900000e+02	0.000000e+00	0.000000e+00	0.000000e+00
2.100000e+02	2.400000e+02	3.900000e+02	4.200000e+02	0.000000e+00	0.000000e+00	0.000000e+00
2.100000e+02	2.400000e+02	4.200000e+02	4.500000e+02	0.000000e+00	0.000000e+00	0.000000e+00
2.100000e+02	2.400000e+02	4.500000e+02	4.800000e+02	0.000000e+00	0.000000e+00	0.000000e+00
2.100000e+02	2.400000e+02	4.800000e+02	5.100000e+02	0.000000e+00	0.000000e+00	0.000000e+00
2.100000e+02	2.400000e+02	5.100000e+02	5.400000e+02	0.000000e+00	0.000000e+00	0.000000e+00
2.100000e+02	2.400000e+02	5.400000e+02	5.700000e+02	0.000000e+00	0.000000e+00	0.000000e+00
2.100000e+02	2.400000e+02	5.700000e+02	6.000000e+02	0.000000e+00	0.000000e+00	0.000000e+00
2.100000e+02	2.400000e+02	6.000000e+02	6.300000e+02	0.000000e+00	0.000000e+00	0.000000e+00
2.100000e+02	2.400000e+02	6.300000e+02	6.600000e+02	0.000000e+00	0.000000e+00	0.000000e+00
2.100000e+02	2.400000e+02	6.600000e+02	6.900000e+02	0.000000e+00	0.000000e+00	0.000000e+00
2.100000e+02	2.400000e+02	6.900000e+02	7.200000e+02	0.000000e+00	0.000000e+00	0.000000e+00
2.100000e+02	2.400000e+02	7.200000e+02	7.500000e+02	0.000000e+00	0.000000e+00	0.000000e+00
2.100000e+02	2.400000e+02	7.500000e+02	7.800000e+02	0.000000e+00	0.000000e+00	0.000000e+00
2.100000e+02	2.400000e+02	7.800000e+02	8.100000e+02	0.000000e+00	0.000000e+00	0.000000e+00
2.100000e+02	2.400000e+02	8.100000e+02	8.400000e+02	0.000000e+00	0.000000e+00	0.000000e+00
2.100000e+02	2.400000e+02	8.400000e+02	8.700000e+02	0.000000e+00	0.000000e+00	0.000000e+00
2.100000e+02	2.400000e+02	8.700000e+02	9.000000e+02	0.000000e+00	0.000000e+00	0.000000e+00
2.400000e+02	2.700000e+02	0.000000e+00	3.000000e+01	2.751728e-08	1.243286e-08	1.243286e-08
2.400000e+02	2.700000e+02	3.000000e+01	6.000000e+01	1.579191e-07	2.976889e-08	2.976889e-08
2.400000e+02	2.700000e+02	6.000000e+01	9.000000e+01	1.910271e-07	3.168607e-08	3.168607e-08
2.400000e+02	2.700000e+02	9.000000e+01	1.200000e+02	5.897361e-07	5.597293e-08	5.597293e-08
2.400000e+02	2.700000e+02	1.200000e+02	1.500000e+02	1.456396e-06	8.706278e-08	8.706278e-08
2.400000e+02	2.700000e+02	1.500000e+02	1.800000e+02	3.406821e-06	1.324702e-07	1.324702e-07
2.400000e+02	2.700000e+02	1.800000e+02	2.100000e+02	8.323951e-06	2.079139e-07	2.079139e-07
2.400000e+02	2.700000e+02	2.100000e+02	2.400000e+02	1.569080e-05	2.846985e-07	2.846985e-07
2.400000e+02	2.700000e+02	2.400000e+02	2.700000e+02	8.951183e-06	2.123224e-07	2.123224e-07
2.400000e+02	2.700000e+02	2.700000e+02	3.000000e+02	0.000000e+00	0.000000e+00	0.000000e+00
2.400000e+02	2.700000e+02	3.000000e+02	3.300000e+02	0.000000e+00	0.000000e+00	0.000000e+00
2.400000e+02	2.700000e+02	3.300000e+02	3.600000e+02	0.000000e+00	0.000000e+00	0.000000e+00
2.400000e+02	2.700000e+02	3.600000e+02	3.900000e+02	0.000000e+00	0.000000e+00	0.000000e+00
2.400000e+02	2.700000e+02	3.900000e+02	4.200000e+02	0.000000e+00	0.000000e+00	0.000000e+00
2.400000e+02	2.700000e+02	4.200000e+02	4.500000e+02	0.000000e+00	0.000000e+00	0.000000e+00
2.400000e+02	2.700000e+02	4.500000e+02	4.800000e+02	0.000000e+00	0.000000e+00	0.000000e+00
2.400000e+02	2.700000e+02	4.800000e+02	5.100000e+02	0.000000e+00	0.000000e+00	0.000000e+00
2.400000e+02	2.700000e+02	5.100000e+02	5.400000e+02	0.000000e+00	0.000000e+00	0.000000e+00
2.400000e+02	2.700000e+02	5.400000e+02	5.700000e+02	0.000000e+00	0.000000e+00	0.000000e+00
2.400000e+02	2.700000e+02	5.700000e+02	6.000000e+02	0.000000e+00	0.000000e+00	0.000000e+00
2.400000e+02	2.700000e+02	6.000000e+02	6.300000e+02	0.000000e+00	0.000000e+00	0.000000e+00
2.400000e+02	2.700000e+02	6.300000e+02	6.600000e+02	0.000000e+00	0.000000e+00	0.000000e+00
2.400000e+02	2.700000e+02	6.600000e+02	6.900000e+02	0.000000e+00	0.000000e+00	0.000000e+00
2.400000e+02	2.700000e+02	6.900000e+02	7.200000e+02	0.000000e+00	0.000000e+00	0.000000e+00
2.400000e+02	2.700000e+02	7.200000e+02	7.500000e+02	0.000000e+00	0.000000e+00	0.000000e+00
2.400000e+02	2.700000e+02	7.500000e+02	7.800000e+02	0.000000e+00	0.000000e+00	0.000000e+00
2.400000e+02	2.700000e+02	7.800000e+02	8.100000e+02	0.000000e+00	0.000000e+00	0.000000e+00
2.400000e+02	2.700000e+02	8.100000e+02	8.400000e+02	0.000000e+00	0.000000e+00	0.000000e+00
2.400000e+02	2.700000e+02	8.400000e+02	8.700000e+02	0.000000e+00	0.000000e+00	0.000000e+00
2.400000e+02	2.700000e+02	8.700000e+02	9.000000e+02	0.000000e+00	0.000000e+00	0.000000e+00
2.700000e+02	3.000000e+02	0.000000e+00	3.000000e+01	4.080736e-09	3.820109e-09	3.820109e-09
2.700000e+02	3.000000e+02	3.000000e+01	6.000000e+01	2.736624e-08	1.073878e-08	1.073878e-08
2.700000e+02	3.000000e+02	6.000000e+01	9.000000e+01	1.001519e-07	2.258250e-08	2.258250e-08
2.700000e+02	3.000000e+02	9.000000e+01	1.200000e+02	2.902554e-07	3.663473e-08	3.663473e-08
2.700000e+02	3.000000e+02	1.200000e+02	1.500000e+02	5.429388e-07	5.110370e-08	5.110370e-08
2.700000e+02	3.000000e+02	1.500000e+02	1.800000e+02	1.304198e-06	7.815805e-08	7.815805e-08
2.700000e+02	3.000000e+02	1.800000e+02	2.100000e+02	2.700132e-06	1.137190e-07	1.137190e-07
2.700000e+02	3.000000e+02	2.100000e+02	2.400000e+02	5.942287e-06	1.718139e-07	1.718139e-07
2.700000e+02	3.000000e+02	2.400000e+02	2.700000e+02	1.043951e-05	2.257253e-07	2.257253e-07
2.700000e+02	3.000000e+02	2.700000e+02	3.000000e+02	6.085254e-06	1.715163e-07	1.715163e-07
2.700000e+02	3.000000e+02	3.000000e+02	3.300000e+02	0.000000e+00	0.000000e+00	0.000000e+00
2.700000e+02	3.000000e+02	3.300000e+02	3.600000e+02	0.000000e+00	0.000000e+00	0.000000e+00
2.700000e+02	3.000000e+02	3.600000e+02	3.900000e+02	0.000000e+00	0.000000e+00	0.000000e+00
2.700000e+02	3.000000e+02	3.900000e+02	4.200000e+02	0.000000e+00	0.000000e+00	0.000000e+00
2.700000e+02	3.000000e+02	4.200000e+02	4.500000e+02	0.000000e+00	0.000000e+00	0.000000e+00
2.700000e+02	3.000000e+02	4.500000e+02	4.800000e+02	0.000000e+00	0.000000e+00	0.000000e+00
2.700000e+02	3.000000e+02	4.800000e+02	5.100000e+02	0.000000e+00	0.000000e+00	0.000000e+00
2.700000e+02	3.000000e+02	5.100000e+02	5.400000e+02	0.000000e+00	0.000000e+00	0.000000e+00
2.700000e+02	3.000000e+02	5.400000e+02	5.700000e+02	0.000000e+00	0.000000e+00	0.000000e+00
2.700000e+02	3.000000e+02	5.700000e+02	6.000000e+02	0.000000e+00	0.000000e+00	0.000000e+00
2.700000e+02	3.000000e+02	6.000000e+02	6.300000e+02	0.000000e+00	0.000000e+00	0.000000e+00
2.700000e+02	3.000000e+02	6.300000e+02	6.600000e+02	0.000000e+00	0.000000e+00	0.000000e+00
2.700000e+02	3.000000e+02	6.600000e+02	6.900000e+02	0.000000e+00	0.000000e+00	0.000000e+00
2.700000e+02	3.000000e+02	6.900000e+02	7.200000e+02	0.000000e+00	0.000000e+00	0.000000e+00
2.700000e+02	3.000000e+02	7.200000e+02	7.500000e+02	0.000000e+00	0.000000e+00	0.000000e+00
2.700000e+02	3.000000e+02	7.500000e+02	7.800000e+02	0.000000e+00	0.000000e+00	0.000000e+00
2.700000e+02	3.000000e+02	7.800000e+02	8.100000e+02	0.000000e+00	0.000000e+00	0.000000e+00
2.700000e+02	3.000000e+02	8.100000e+02	8.400000e+02	0.000000e+00	0.000000e+00	0.000000e+00
2.700000e+02	3.000000e+02	8.400000e+02	8.700000e+02	0.000000e+00	0.000000e+00	0.000000e+00
2.700000e+02	3.000000e+02	8.700000e+02	9.000000e+02	0.000000e+00	0.000000e+00	0.000000e+00
3.000000e+02	3.300000e+02	0.000000e+00	3.000000e+01	1.044450e-08	7.508793e-09	7.508793e-09
3.000000e+02	3.300000e+02	3.000000e+01	6.000000e+01	4.185580e-08	1.501780e-08	1.501780e-08
3.000000e+02	3.300000e+02	6.000000e+01	9.000000e+01	7.114378e-08	1.883472e-08	1.883472e-08
3.000000e+02	3.300000e+02	9.000000e+01	1.200000e+02	1.808997e-07	3.032582e-08	3.032582e-08
3.000000e+02	3.300000e+02	1.200000e+02	1.500000e+02	2.163828e-07	3.099167e-08	3.099167e-08
3.000000e+02	3.300000e+02	1.500000e+02	1.800000e+02	4.463836e-07	4.575608e-08	4.575608e-08
3.000000e+02	3.300000e+02	1.800000e+02	2.100000e+02	1.085016e-06	7.115387e-08	7.115387e-08
3.000000e+02	3.300000e+02	2.100000e+02	2.400000e+02	2.286568e-06	1.064270e-07	1.064270e-07
3.000000e+02	3.300000e+02	2.400000e+02	2.700000e+02	4.264052e-06	1.438162e-07	1.438162e-07
3.000000e+02	3.300000e+02	2.700000e+02	3.000000e+02	6.880918e-06	1.788410e-07	1.788410e-07
3.000000e+02	3.300000e+02	3.000000e+02	3.300000e+02	3.759740e-06	1.319830e-07	1.319830e-07
3.000000e+02	3.300000e+02	3.300000e+02	3.600000e+02	0.000000e+00	0.000000e+00	0.000000e+00
3.000000e+02	3.300000e+02	3.600000e+02	3.900000e+02	0.000000e+00	0.000000e+00	0.000000e+00
3.000000e+02	3.300000e+02	3.900000e+02	4.200000e+02	0.000000e+00	0.000000e+00	0.000000e+00
3.000000e+02	3.300000e+02	4.200000e+02	4.500000e+02	0.000000e+00	0.000000e+00	0.000000e+00
3.000000e+02	3.300000e+02	4.500000e+02	4.800000e+02	0.000000e+00	0.000000e+00	0.000000e+00
3.000000e+02	3.300000e+02	4.800000e+02	5.100000e+02	0.000000e+00	0.000000e+00	0.000000e+00
3.000000e+02	3.300000e+02	5.100000e+02	5.400000e+02	0.000000e+00	0.000000e+00	0.000000e+00
3.000000e+02	3.300000e+02	5.400000e+02	5.700000e+02	0.000000e+00	0.000000e+00	0.000000e+00
3.000000e+02	3.300000e+02	5.700000e+02	6.000000e+02	0.000000e+00	0.000000e+00	0.000000e+00
3.000000e+02	3.300000e+02	6.000000e+02	6.300000e+02	0.000000e+00	0.000000e+00	0.000000e+00
3.000000e+02	3.300000e+02	6.300000e+02	6.600000e+02	0.000000e+00	0.000000e+00	0.000000e+00
3.000000e+02	3.300000e+02	6.600000e+02	6.900000e+02	0.000000e+00	0.000000e+00	0.000000e+00
3.000000e+02	3.300000e+02	6.900000e+02	7.200000e+02	0.000000e+00	0.000000e+00	0.000000e+00
3.000000e+02	3.300000e+02	7.200000e+02	7.500000e+02	0.000000e+00	0.000000e+00	0.000000e+00
3.000000e+02	3.300000e+02	7.500000e+02	7.800000e+02	0.000000e+00	0.000000e+00	0.000000e+00
3.000000e+02	3.300000e+02	7.800000e+02	8.100000e+02	0.000000e+00	0.000000e+00	0.000000e+00
3.000000e+02	3.300000e+02	8.100000e+02	8.400000e+02	0.000000e+00	0.000000e+00	0.000000e+00
3.000000e+02	3.300000e+02	8.400000e+02	8.700000e+02	0.000000e+00	0.000000e+00	0.000000e+00
3.000000e+02	3.300000e+02	8.700000e+02	9.000000e+02	0.000000e+00	0.000000e+00	0.000000e+00
3.300000e+02	3.600000e+02	0.000000e+00	3.000000e+01	6.545617e-09	6.465715e-09	6.465715e-09
3.300000e+02	3.600000e+02	3.000000e+01	6.000000e+01	2.799872e-08	1.245805e-08	1.245805e-08
3.300000e+02	3.600000e+02	6.000000e+01	9.000000e+01	3.772800e-08	1.258639e-08	1.258639e-08
3.300000e+02	3.600000e+02	9.000000e+01	1.200000e+02	6.730607e-08	1.694782e-08	1.694782e-08
3.300000e+02	3.600000e+02	1.200000e+02	1.500000e+02	1.147152e-07	2.270835e-08	2.270835e-08
3.300000e+02	3.600000e+02	1.500000e+02	1.800000e+02	2.307426e-07	3.084829e-08	3.084829e-08
3.300000e+02	3.600000e+02	1.800000e+02	2.100000e+02	4.438863e-07	4.571102e-08	4.571102e-08
3.300000e+02	3.600000e+02	2.100000e+02	2.400000e+02	9.511699e-07	6.730096e-08	6.730096e-08
3.300000e+02	3.600000e+02	2.400000e+02	2.700000e+02	1.646836e-06	9.028938e-08	9.028938e-08
3.300000e+02	3.600000e+02	2.700000e+02	3.000000e+02	2.929640e-06	1.163392e-07	1.163392e-07
3.300000e+02	3.600000e+02	3.000000e+02	3.300000e+02	4.958482e-06	1.522682e-07	1.522682e-07
3.300000e+02	3.600000e+02	3.300000e+02	3.600000e+02	2.630459e-06	1.106455e-07	1.106455e-07
3.300000e+02	3.600000e+02	3.600000e+02	3.900000e+02	0.000000e+00	0.000000e+00	0.000000e+00
3.300000e+02	3.600000e+02	3.900000e+02	4.200000e+02	0.000000e+00	0.000000e+00	0.000000e+00
3.300000e+02	3.600000e+02	4.200000e+02	4.500000e+02	0.000000e+00	0.000000e+00	0.000000e+00
3.300000e+02	3.600000e+02	4.500000e+02	4.800000e+02	0.000000e+00	0.000000e+00	0.000000e+00
3.300000e+02	3.600000e+02	4.800000e+02	5.100000e+02	0.000000e+00	0.000000e+00	0.000000e+00
3.300000e+02	3.600000e+02	5.100000e+02	5.400000e+02	0.000000e+00	0.000000e+00	0.000000e+00
3.300000e+02	3.600000e+02	5.400000e+02	5.700000e+02	0.000000e+00	0.000000e+00	0.000000e+00
3.300000e+02	3.600000e+02	5.700000e+02	6.000000e+02	0.000000e+00	0.000000e+00	0.000000e+00
3.300000e+02	3.600000e+02	6.000000e+02	6.300000e+02	0.000000e+00	0.000000e+00	0.000000e+00
3.300000e+02	3.600000e+02	6.300000e+02	6.600000e+02	0.000000e+00	0.000000e+00	0.000000e+00
3.300000e+02	3.600000e+02	6.600000e+02	6.900000e+02	0.000000e+00	0.000000e+00	0.000000e+00
3.300000e+02	3.600000e+02	6.900000e+02	7.200000e+02	0.000000e+00	0.000000e+00	0.000000e+00
3.300000e+02	3.600000e+02	7.200000e+02	7.500000e+02	0.000000e+00	0.000000e+00	0.000000e+00
3.300000e+02	3.600000e+02	7.500000e+02	7.800000e+02	0.000000e+00	0.000000e+00	0.000000e+00
3.300000e+02	3.600000e+02	7.800000e+02	8.100000e+02	0.000000e+00	0.000000e+00	0.000000e+00
3.300000e+02	3.600000e+02	8.100000e+02	8.400000e+02	0.000000e+00	0.000000e+00	0.000000e+00
3.300000e+02	3.600000e+02	8.400000e+02	8.700000e+02	0.000000e+00	0.000000e+00	0.000000e+00
3.300000e+02	3.600000e+02	8.700000e+02	9.000000e+02	0.000000e+00	0.000000e+00	0.000000e+00
3.600000e+02	3.900000e+02	0.000000e+00	3.000000e+01	1.418016e-08	8.422914e-09	8.422914e-09
3.600000e+02	3.900000e+02	3.000000e+01	6.000000e+01	8.684310e-09	5.460090e-09	5.460090e-09
3.600000e+02	3.900000e+02	6.000000e+01	9.000000e+01	3.736079e-08	1.450812e-08	1.450812e-08
3.600000e+02	3.900000e+02	9.000000e+01	1.200000e+02	4.468484e-08	1.415477e-08	1.415477e-08
3.600000e+02	3.900000e+02	1.200000e+02	1.500000e+02	4.516887e-08	1.415614e-08	1.415614e-08
3.600000e+02	3.900000e+02	1.500000e+02	1.800000e+02	1.464886e-07	2.591786e-08	2.591786e-08
3.600000e+02	3.900000e+02	1.800000e+02	2.100000e+02	2.210461e-07	3.164985e-08	3.164985e-08
3.600000e+02	3.900000e+02	2.100000e+02	2.400000e+02	2.951530e-07	3.736518e-08	3.736518e-08
3.600000e+02	3.900000e+02	2.400000e+02	2.700000e+02	7.552899e-07	6.233695e-08	6.233695e-08
3.600000e+02	3.900000e+02	2.700000e+02	3.000000e+02	1.166746e-06	7.493873e-08	7.493873e-08
3.600000e+02	3.900000e+02	3.000000e+02	3.300000e+02	2.223458e-06	1.031443e-07	1.031443e-07
3.600000e+02	3.900000e+02	3.300000e+02	3.600000e+02	3.205248e-06	1.207084e-07	1.207084e-07
3.600000e+02	3.900000e+02	3.600000e+02	3.900000e+02	1.863203e-06	9.333507e-08	9.333507e-08
3.600000e+02	3.900000e+02	3.900000e+02	4.200000e+02	0.000000e+00	0.000000e+00	0.000000e+00
3.600000e+02	3.900000e+02	4.200000e+02	4.500000e+02	0.000000e+00	0.000000e+00	0.000000e+00
3.600000e+02	3.900000e+02	4.500000e+02	4.800000e+02	0.000000e+00	0.000000e+00	0.000000e+00
3.600000e+02	3.900000e+02	4.800000e+02	5.100000e+02	0.000000e+00	0.000000e+00	0.000000e+00
3.600000e+02	3.900000e+02	5.100000e+02	5.400000e+02	0.000000e+00	0.000000e+00	0.000000e+00
3.600000e+02	3.900000e+02	5.400000e+02	5.700000e+02	0.000000e+00	0.000000e+00	0.000000e+00
3.600000e+02	3.900000e+02	5.700000e+02	6.000000e+02	0.000000e+00	0.000000e+00	0.000000e+00
3.600000e+02	3.900000e+02	6.000000e+02	6.300000e+02	0.000000e+00	0.000000e+00	0.000000e+00
3.600000e+02	3.900000e+02	6.300000e+02	6.600000e+02	0.000000e+00	0.000000e+00	0.000000e+00
3.600000e+02	3.900000e+02	6.600000e+02	6.900000e+02	0.000000e+00	0.000000e+00	0.000000e+00
3.600000e+02	3.900000e+02	6.900000e+02	7.200000e+02	0.000000e+00	0.000000e+00	0.000000e+00
3.600000e+02	3.900000e+02	7.200000e+02	7.500000e+02	0.000000e+00	0.000000e+00	0.000000e+00
3.600000e+02	3.900000e+02	7.500000e+02	7.800000e+02	0.000000e+00	0.000000e+00	0.000000e+00
3.600000e+02	3.900000e+02	7.800000e+02	8.100000e+02	0.000000e+00	0.000000e+00	0.000000e+00
3.600000e+02	3.900000e+02	8.100000e+02	8.400000e+02	0.000000e+00	0.000000e+00	0.000000e+00
3.600000e+02	3.900000e+02	8.400000e+02	8.700000e+02	0.000000e+00	0.000000e+00	0.000000e+00
3.600000e+02	3.900000e+02	8.700000e+02	9.000000e+02	0.000000e+00	0.000000e+00	0.000000e+00
3.900000e+02	4.200000e+02	0.000000e+00	3.000000e+01	6.466226e-09	6.465216e-09	6.465216e-09
3.900000e+02	4.200000e+02	3.000000e+01	6.000000e+01	6.626432e-09	6.466220e-09	6.466220e-09
3.900000e+02	4.200000e+02	6.000000e+01	9.000000e+01	4.491409e-08	1.547963e-08	1.547963e-08
3.900000e+02	4.200000e+02	9.000000e+01	1.200000e+02	2.680026e-08	1.009932e-08	1.009932e-08
3.900000e+02	4.200000e+02	1.200000e+02	1.500000e+02	2.704289e-08	1.010029e-08	1.010029e-08
3.900000e+02	4.200000e+02	1.500000e+02	1.800000e+02	2.619658e-08	1.070984e-08	1.070984e-08
3.900000e+02	4.200000e+02	1.800000e+02	2.100000e+02	1.071806e-07	2.289286e-08	2.289286e-08
3.900000e+02	4.200000e+02	2.100000e+02	2.400000e+02	1.570620e-07	2.816060e-08	2.816060e-08
3.900000e+02	4.200000e+02	2.400000e+02	2.700000e+02	2.627936e-07	3.593696e-08	3.593696e-08
3.900000e+02	4.200000e+02	2.700000e+02	3.000000e+02	4.934429e-07	4.969944e-08	4.969944e-08
3.900000e+02	4.200000e+02	3.000000e+02	3.300000e+02	1.063537e-06	7.261170e-08	7.261170e-08
3.900000e+02	4.200000e+02	3.300000e+02	3.600000e+02	1.515972e-06	8.591836e-08	8.591836e-08
3.900000e+02	4.200000e+02	3.600000e+02	3.900000e+02	2.457676e-06	1.079711e-07	1.079711e-07
3.900000e+02	4.200000e+02	3.900000e+02	4.200000e+02	1.218610e-06	7.504165e-08	7.504165e-08
3.900000e+02	4.200000e+02	4.200000e+02	4.500000e+02	0.000000e+00	0.000000e+00	0.000000e+00
3.900000e+02	4.200000e+02	4.500000e+02	4.800000e+02	0.000000e+00	0.000000e+00	0.000000e+00
3.900000e+02	4.200000e+02	4.800000e+02	5.100000e+02	0.000000e+00	0.000000e+00	0.000000e+00
3.900000e+02	4.200000e+02	5.100000e+02	5.400000e+02	0.000000e+00	0.000000e+00	0.000000e+00
3.900000e+02	4.200000e+02	5.400000e+02	5.700000e+02	0.000000e+00	0.000000e+00	0.000000e+00
3.900000e+02	4.200000e+02	5.700000e+02	6.000000e+02	0.000000e+00	0.000000e+00	0.000000e+00
3.900000e+02	4.200000e+02	6.000000e+02	6.300000e+02	0.000000e+00	0.000000e+00	0.000000e+00
3.900000e+02	4.200000e+02	6.300000e+02	6.600000e+02	0.000000e+00	0.000000e+00	0.000000e+00
3.900000e+02	4.200000e+02	6.600000e+02	6.900000e+02	0.000000e+00	0.000000e+00	0.000000e+00
3.900000e+02	4.200000e+02	6.900000e+02	7.200000e+02	0.000000e+00	0.000000e+00	0.000000e+00
3.900000e+02	4.200000e+02	7.200000e+02	7.500000e+02	0.000000e+00	0.000000e+00	0.000000e+00
3.900000e+02	4.200000e+02	7.500000e+02	7.800000e+02	0.000000e+00	0.000000e+00	0.000000e+00
3.900000e+02	4.200000e+02	7.800000e+02	8.100000e+02	0.000000e+00	0.000000e+00	0.000000e+00
3.900000e+02	4.200000e+02	8.100000e+02	8.400000e+02	0.000000e+00	0.000000e+00	0.000000e+00
3.900000e+02	4.200000e+02	8.400000e+02	8.700000e+02	0.000000e+00	0.000000e+00	0.000000e+00
3.900000e+02	4.200000e+02	8.700000e+02	9.000000e+02	0.000000e+00	0.000000e+00	0.000000e+00
4.200000e+02	4.500000e+02	0.000000e+00	3.000000e+01	0.000000e+00	0.000000e+00	0.000000e+00
4.200000e+02	4.500000e+02	3.000000e+01	6.000000e+01	6.546030e-09	6.465721e-09	6.465721e-09
4.200000e+02	4.500000e+02	6.000000e+01	9.000000e+01	0.000000e+00	0.000000e+00	0.000000e+00
4.200000e+02	4.500000e+02	9.000000e+01	1.200000e+02	7.636147e-09	5.398142e-09	5.398142e-09
4.200000e+02	4.500000e+02	1.200000e+02	1.500000e+02	2.952982e-08	1.136802e-08	1.136802e-08
4.200000e+02	4.500000e+02	1.500000e+02	1.800000e+02	3.608452e-08	1.307813e-08	1.307813e-08
4.200000e+02	4.500000e+02	1.800000e+02	2.100000e+02	4.658266e-08	1.373929e-08	1.373929e-08
4.200000e+02	4.500000e+02	2.100000e+02	2.400000e+02	4.911478e-08	1.421692e-08	1.421692e-08
4.200000e+02	4.500000e+02	2.400000e+02	2.700000e+02	1.288666e-07	2.441000e-08	2.441000e-08
4.200000e+02	4.500000e+02	2.700000e+02	3.000000e+02	3.142223e-07	3.932724e-08	3.932724e-08
4.200000e+02	4.500000e+02	3.000000e+02	3.300000e+02	3.278196e-07	4.132215e-08	4.132215e-08
4.200000e+02	4.500000e+02	3.300000e+02	3.600000e+02	6.789798e-07	5.719983e-08	5.719983e-08
4.200000e+02	4.500000e+02	3.600000e+02	3.900000e+02	1.032543e-06	7.145062e-08	7.145062e-08
4.200000e+02	4.500000e+02	3.900000e+02	4.200000e+02	1.545661e-06	8.426213e-08	8.426213e-08
4.200000e+02	4.500000e+02	4.200000e+02	4.500000e+02	8.102139e-07	6.143931e-08	6.143931e-08
4.200000e+02	4.500000e+02	4.500000e+02	4.800000e+02	0.000000e+00	0.000000e+00	0.000000e+00
4.200000e+02	4.500000e+02	4.800000e+02	5.100000e+02	0.000000e+00	0.000000e+00	0.000000e+00
4.200000e+02	4.500000e+02	5.100000e+02	5.400000e+02	0.000000e+00	0.000000e+00	0.000000e+00
4.200000e+02	4.500000e+02	5.400000e+02	5.700000e+02	0.000000e+00	0.000000e+00	0.000000e+00
4.200000e+02	4.500000e+02	5.700000e+02	6.000000e+02	0.000000e+00	0.000000e+00	0.000000e+00
4.200000e+02	4.500000e+02	6.000000e+02	6.300000e+02	0.000000e+00	0.000000e+00	0.000000e+00
4.200000e+02	4.500000e+02	6.300000e+02	6.600000e+02	0.000000e+00	0.000000e+00	0.000000e+00
4.200000e+02	4.500000e+02	6.600000e+02	6.900000e+02	0.000000e+00	0.000000e+00	0.000000e+00
4.200000e+02	4.500000e+02	6.900000e+02	7.200000e+02	0.000000e+00	0.000000e+00	0.000000e+00
4.200000e+02	4.500000e+02	7.200000e+02	7.500000e+02	0.000000e+00	0.000000e+00	0.000000e+00
4.200000e+02	4.500000e+02	7.500000e+02	7.800000e+02	0.000000e+00	0.000000e+00	0.000000e+00
4.200000e+02	4.500000e+02	7.800000e+02	8.100000e+02	0.000000e+00	0.000000e+00	0.000000e+00
4.200000e+02	4.500000e+02	8.100000e+02	8.400000e+02	0.000000e+00	0.000000e+00	0.000000e+00
4.200000e+02	4.500000e+02	8.400000e+02	8.700000e+02	0.000000e+00	0.000000e+00	0.000000e+00
4.200000e+02	4.500000e+02	8.700000e+02	9.000000e+02	0.000000e+00	0.000000e+00	0.000000e+00
4.500000e+02	4.800000e+02	0.000000e+00	3.000000e+01	0.000000e+00	0.000000e+00	0.000000e+00
4.500000e+02	4.800000e+02	3.000000e+01	6.000000e+01	8.081519e-11	8.081519e-11	8.081519e-11
4.500000e+02	4.800000e+02	6.000000e+01	9.000000e+01	3.817063e-09	3.817064e-09	3.817064e-09
4.500000e+02	4.800000e+02	9.000000e+01	1.200000e+02	8.040141e-11	8.040142e-11	8.040142e-11
4.500000e+02	4.800000e+02	1.200000e+02	1.500000e+02	7.796348e-09	5.399346e-09	5.399346e-09
4.500000e+02	4.800000e+02	1.500000e+02	1.800000e+02	2.606998e-08	1.291466e-08	1.291466e-08
4.500000e+02	4.800000e+02	1.800000e+02	2.100000e+02	3.479160e-08	1.353747e-08	1.353747e-08
4.500000e+02	4.800000e+02	2.100000e+02	2.400000e+02	1.832067e-08	9.248862e-09	9.248862e-09
4.500000e+02	4.800000e+02	2.400000e+02	2.700000e+02	5.425142e-08	1.642691e-08	1.642691e-08
4.500000e+02	4.800000e+02	2.700000e+02	3.000000e+02	8.734040e-08	2.187784e-08	2.187784e-08
4.500000e+02	4.800000e+02	3.000000e+02	3.300000e+02	2.154554e-07	3.243310e-08	3.243310e-08
4.500000e+02	4.800000e+02	3.300000e+02	3.600000e+02	2.605377e-07	3.592848e-08	3.592848e-08
4.500000e+02	4.800000e+02	3.600000e+02	3.900000e+02	5.848018e-07	5.325461e-08	5.325461e-08
4.500000e+02	4.800000e+02	3.900000e+02	4.200000e+02	8.065260e-07	6.190553e-08	6.190553e-08
4.500000e+02	4.800000e+02	4.200000e+02	4.500000e+02	1.141650e-06	7.248658e-08	7.248658e-08
4.500000e+02	4.800000e+02	4.500000e+02	4.800000e+02	5.965858e-07	5.149904e-08	5.149904e-08
4.500000e+02	4.800000e+02	4.800000e+02	5.100000e+02	0.000000e+00	0.000000e+00	0.000000e+00
4.500000e+02	4.800000e+02	5.100000e+02	5.400000e+02	0.000000e+00	0.000000e+00	0.000000e+00
4.500000e+02	4.800000e+02	5.400000e+02	5.700000e+02	0.000000e+00	0.000000e+00	0.000000e+00
4.500000e+02	4.800000e+02	5.700000e+02	6.000000e+02	0.000000e+00	0.000000e+00	0.000000e+00
4.500000e+02	4.800000e+02	6.000000e+02	6.300000e+02	0.000000e+00	0.000000e+00	0.000000e+00
4.500000e+02	4.800000e+02	6.300000e+02	6.600000e+02	0.000000e+00	0.000000e+00	0.000000e+00
4.500000e+02	4.800000e+02	6.600000e+02	6.900000e+02	0.000000e+00	0.000000e+00	0.000000e+00
4.500000e+02	4.800000e+02	6.900000e+02	7.200000e+02	0.000000e+00	0.000000e+00	0.000000e+00
4.500000e+02	4.800000e+02	7.200000e+02	7.500000e+02	0.000000e+00	0.000000e+00	0.000000e+00
4.500000e+02	4.800000e+02	7.500000e+02	7.800000e+02	0.000000e+00	0.000000e+00	0.000000e+00
4.500000e+02	4.800000e+02	7.800000e+02	8.100000e+02	0.000000e+00	0.000000e+00	0.000000e+00
4.500000e+02	4.800000e+02	8.100000e+02	8.400000e+02	0.000000e+00	0.000000e+00	0.000000e+00
4.500000e+02	4.800000e+02	8.400000e+02	8.700000e+02	0.000000e+00	0.000000e+00	0.000000e+00
4.500000e+02	4.800000e+02	8.700000e+02	9.000000e+02	0.000000e+00	0.000000e+00	0.000000e+00
4.800000e+02	5.100000e+02	0.000000e+00	3.000000e+01	0.000000e+00	0.000000e+00	0.000000e+00
4.800000e+02	5.100000e+02	3.000000e+01	6.000000e+01	8.081519e-11	8.081519e-11	8.081519e-11
4.800000e+02	5.100000e+02	6.000000e+01	9.000000e+01	6.465216e-09	6.465216e-09	6.465216e-09
4.800000e+02	5.100000e+02	9.000000e+01	1.200000e+02	8.400901e-09	5.452329e-09	5.452329e-09
4.800000e+02	5.100000e+02	1.200000e+02	1.500000e+02	3.978280e-09	3.818765e-09	3.818765e-09
4.800000e+02	5.100000e+02	1.500000e+02	1.800000e+02	3.898474e-09	3.817909e-09	3.817909e-09
4.800000e+02	5.100000e+02	1.800000e+02	2.100000e+02	1.622268e-10	1.140022e-10	1.140022e-10
4.800000e+02	5.100000e+02	2.100000e+02	2.400000e+02	2.213713e-08	1.000557e-08	1.000557e-08
4.800000e+02	5.100000e+02	2.400000e+02	2.700000e+02	2.013854e-08	8.574526e-09	8.574526e-09
4.800000e+02	5.100000e+02	2.700000e+02	3.000000e+02	4.079228e-08	1.412609e-08	1.412609e-08
4.800000e+02	5.100000e+02	3.000000e+02	3.300000e+02	7.945679e-08	1.960936e-08	1.960936e-08
4.800000e+02	5.100000e+02	3.300000e+02	3.600000e+02	1.438486e-07	2.640814e-08	2.640814e-08
4.800000e+02	5.100000e+02	3.600000e+02	3.900000e+02	2.254334e-07	3.445487e-08	3.445487e-08
4.800000e+02	5.100000e+02	3.900000e+02	4.200000e+02	3.429571e-07	4.127216e-08	4.127216e-08
4.800000e+02	5.100000e+02	4.200000e+02	4.500000e+02	5.642287e-07	5.173316e-08	5.173316e-08
4.800000e+02	5.100000e+02	4.500000e+02	4.800000e+02	7.544972e-07	6.001560e-08	6.001560e-08
4.800000e+02	5.100000e+02	4.800000e+02	5.100000e+02	4.156860e-07	4.419421e-08	4.419421e-08
4.800000e+02	5.100000e+02	5.100000e+02	5.400000e+02	0.000000e+00	0.000000e+00	0.000000e+00
4.800000e+02	5.100000e+02	5.400000e+02	5.700000e+02	0.000000e+00	0.000000e+00	0.000000e+00
4.800000e+02	5.100000e+02	5.700000e+02	6.000000e+02	0.000000e+00	0.000000e+00	0.000000e+00
4.800000e+02	5.100000e+02	6.000000e+02	6.300000e+02	0.000000e+00	0.000000e+00	0.000000e+00
4.800000e+02	5.100000e+02	6.300000e+02	6.600000e+02	0.000000e+00	0.000000e+00	0.000000e+00
4.800000e+02	5.100000e+02	6.600000e+02	6.900000e+02	0.000000e+00	0.000000e+00	0.000000e+00
4.800000e+02	5.100000e+02	6.900000e+02	7.200000e+02	0.000000e+00	0.000000e+00	0.000000e+00
4.800000e+02	5.100000e+02	7.200000e+02	7.500000e+02	0.000000e+00	0.000000e+00	0.000000e+00
4.800000e+02	5.100000e+02	7.500000e+02	7.800000e+02	0.000000e+00	0.000000e+00	0.000000e+00
4.800000e+02	5.100000e+02	7.800000e+02	8.100000e+02	0.000000e+00	0.000000e+00	0.000000e+00
4.800000e+02	5.100000e+02	8.100000e+02	8.400000e+02	0.000000e+00	0.000000e+00	0.000000e+00
4.800000e+02	5.100000e+02	8.400000e+02	8.700000e+02	0.000000e+00	0.000000e+00	0.000000e+00
4.800000e+02	5.100000e+02	8.700000e+02	9.000000e+02	0.000000e+00	0.000000e+00	0.000000e+00
5.100000e+02	5.400000e+02	0.000000e+00	3.000000e+01	0.000000e+00	0.000000e+00	0.000000e+00
5.100000e+02	5.400000e+02	3.000000e+01	6.000000e+01	3.817063e-09	3.817064e-09	3.817064e-09
5.100000e+02	5.400000e+02	6.000000e+01	9.000000e+01	6.465216e-09	6.465216e-09	6.465216e-09
5.100000e+02	5.400000e+02	9.000000e+01	1.200000e+02	0.000000e+00	0.000000e+00	0.000000e+00
5.100000e+02	5.400000e+02	1.200000e+02	1.500000e+02	3.817063e-09	3.817064e-09	3.817064e-09
5.100000e+02	5.400000e+02	1.500000e+02	1.800000e+02	6.626432e-09	6.466220e-09	6.466220e-09
5.100000e+02	5.400000e+02	1.800000e+02	2.100000e+02	8.081519e-11	8.081519e-11	8.081519e-11
5.100000e+02	5.400000e+02	2.100000e+02	2.400000e+02	7.714528e-09	5.398741e-09	5.398741e-09
5.100000e+02	5.400000e+02	2.400000e+02	2.700000e+02	2.836233e-08	1.191180e-08	1.191180e-08
5.100000e+02	5.400000e+02	2.700000e+02	3.000000e+02	3.083884e-08	1.284376e-08	1.284376e-08
5.100000e+02	5.400000e+02	3.000000e+02	3.300000e+02	5.203837e-08	1.676440e-08	1.676440e-08
5.100000e+02	5.400000e+02	3.300000e+02	3.600000e+02	6.356644e-08	1.802129e-08	1.802129e-08
5.100000e+02	5.400000e+02	3.600000e+02	3.900000e+02	8.497712e-08	2.062133e-08	2.062133e-08
5.100000e+02	5.400000e+02	3.900000e+02	4.200000e+02	1.332168e-07	2.529904e-08	2.529904e-08
5.100000e+02	5.400000e+02	4.200000e+02	4.500000e+02	2.514923e-07	3.552497e-08	3.552497e-08
5.100000e+02	5.400000e+02	4.500000e+02	4.800000e+02	3.639923e-07	4.152161e-08	4.152161e-08
5.100000e+02	5.400000e+02	4.800000e+02	5.100000e+02	6.155628e-07	5.380678e-08	5.380678e-08
5.100000e+02	5.400000e+02	5.100000e+02	5.400000e+02	2.771963e-07	3.474031e-08	3.474031e-08
5.100000e+02	5.400000e+02	5.400000e+02	5.700000e+02	0.000000e+00	0.000000e+00	0.000000e+00
5.100000e+02	5.400000e+02	5.700000e+02	6.000000e+02	0.000000e+00	0.000000e+00	0.000000e+00
5.100000e+02	5.400000e+02	6.000000e+02	6.300000e+02	0.000000e+00	0.000000e+00	0.000000e+00
5.100000e+02	5.400000e+02	6.300000e+02	6.600000e+02	0.000000e+00	0.000000e+00	0.000000e+00
5.100000e+02	5.400000e+02	6.600000e+02	6.900000e+02	0.000000e+00	0.000000e+00	0.000000e+00
5.100000e+02	5.400000e+02	6.900000e+02	7.200000e+02	0.000000e+00	0.000000e+00	0.000000e+00
5.100000e+02	5.400000e+02	7.200000e+02	7.500000e+02	0.000000e+00	0.000000e+00	0.000000e+00
5.100000e+02	5.400000e+02	7.500000e+02	7.800000e+02	0.000000e+00	0.000000e+00	0.000000e+00
5.100000e+02	5.400000e+02	7.800000e+02	8.100000e+02	0.000000e+00	0.000000e+00	0.000000e+00
5.100000e+02	5.400000e+02	8.100000e+02	8.400000e+02	0.000000e+00	0.000000e+00	0.000000e+00
5.100000e+02	5.400000e+02	8.400000e+02	8.700000e+02	0.000000e+00	0.000000e+00	0.000000e+00
5.100000e+02	5.400000e+02	8.700000e+02	9.000000e+02	0.000000e+00	0.000000e+00	0.000000e+00
5.400000e+02	5.700000e+02	0.000000e+00	3.000000e+01	0.000000e+00	0.000000e+00	0.000000e+00
5.400000e+02	5.700000e+02	3.000000e+01	6.000000e+01	0.000000e+00	0.000000e+00	0.000000e+00
5.400000e+02	5.700000e+02	6.000000e+01	9.000000e+01	0.000000e+00	0.000000e+00	0.000000e+00
5.400000e+02	5.700000e+02	9.000000e+01	1.200000e+02	0.000000e+00	0.000000e+00	0.000000e+00
5.400000e+02	5.700000e+02	1.200000e+02	1.500000e+02	6.512514e-09	6.432616e-09	6.432616e-09
5.400000e+02	5.700000e+02	1.500000e+02	1.800000e+02	1.028228e-08	7.507927e-09	7.507927e-09
5.400000e+02	5.700000e+02	1.800000e+02	2.100000e+02	3.897464e-09	3.817909e-09	3.817909e-09
5.400000e+02	5.700000e+02	2.100000e+02	2.400000e+02	6.475311e-09	6.465223e-09	6.465223e-09
5.400000e+02	5.700000e+02	2.400000e+02	2.700000e+02	7.795757e-09	5.399352e-09	5.399352e-09
5.400000e+02	5.700000e+02	2.700000e+02	3.000000e+02	3.979290e-09	3.818765e-09	3.818765e-09
5.400000e+02	5.700000e+02	3.000000e+02	3.300000e+02	1.028240e-08	7.507927e-09	7.507927e-09
5.400000e+02	5.700000e+02	3.300000e+02	3.600000e+02	2.080801e-08	1.061874e-08	1.061874e-08
5.400000e+02	5.700000e+02	3.600000e+02	3.900000e+02	3.990461e-08	1.362378e-08	1.362378e-08
5.400000e+02	5.700000e+02	3.900000e+02	4.200000e+02	7.382483e-08	1.954430e-08	1.954430e-08
5.400000e+02	5.700000e+02	4.200000e+02	4.500000e+02	1.352319e-07	2.506923e-08	2.506923e-08
5.400000e+02	5.700000e+02	4.500000e+02	4.800000e+02	1.890978e-07	3.019584e-08	3.019584e-08
5.400000e+02	5.700000e+02	4.800000e+02	5.100000e+02	2.886107e-07	3.752581e-08	3.752581e-08
5.400000e+02	5.700000e+02	5.100000e+02	5.400000e+02	3.578323e-07	4.101234e-08	4.101234e-08
5.400000e+02	5.700000e+02	5.400000e+02	5.700000e+02	1.375283e-07	2.456971e-08	2.456971e-08
5.400000e+02	5.700000e+02	5.700000e+02	6.000000e+02	0.000000e+00	0.000000e+00	0.000000e+00
5.400000e+02	5.700000e+02	6.000000e+02	6.300000e+02	0.000000e+00	0.000000e+00	0.000000e+00
5.400000e+02	5.700000e+02	6.300000e+02	6.600000e+02	0.000000e+00	0.000000e+00	0.000000e+00
5.400000e+02	5.700000e+02	6.600000e+02	6.900000e+02	0.000000e+00	0.000000e+00	0.000000e+00
5.400000e+02	5.700000e+02	6.900000e+02	7.200000e+02	0.000000e+00	0.000000e+00	0.000000e+00
5.400000e+02	5.700000e+02	7.200000e+02	7.500000e+02	0.000000e+00	0.000000e+00	0.000000e+00
5.400000e+02	5.700000e+02	7.500000e+02	7.800000e+02	0.000000e+00	0.000000e+00	0.000000e+00
5.400000e+02	5.700000e+02	7.800000e+02	8.100000e+02	0.000000e+00	0.000000e+00	0.000000e+00
5.400000e+02	5.700000e+02	8.100000e+02	8.400000e+02	0.000000e+00	0.000000e+00	0.000000e+00
5.400000e+02	5.700000e+02	8.400000e+02	8.700000e+02	0.000000e+00	0.000000e+00	0.000000e+00
5.400000e+02	5.700000e+02	8.700000e+02	9.000000e+02	0.000000e+00	0.000000e+00	0.000000e+00
5.700000e+02	6.000000e+02	0.000000e+00	3.000000e+01	0.000000e+00	0.000000e+00	0.000000e+00
5.700000e+02	6.000000e+02	3.000000e+01	6.000000e+01	6.465216e-09	6.465216e-09	6.465216e-09
5.700000e+02	6.000000e+02	6.000000e+01	9.000000e+01	0.000000e+00	0.000000e+00	0.000000e+00
5.700000e+02	6.000000e+02	9.000000e+01	1.200000e+02	0.000000e+00	0.000000e+00	0.000000e+00
5.700000e+02	6.000000e+02	1.200000e+02	1.500000e+02	0.000000e+00	0.000000e+00	0.000000e+00
5.700000e+02	6.000000e+02	1.500000e+02	1.800000e+02	0.000000e+00	0.000000e+00	0.000000e+00
5.700000e+02	6.000000e+02	1.800000e+02	2.100000e+02	0.000000e+00	0.000000e+00	0.000000e+00
5.700000e+02	6.000000e+02	2.100000e+02	2.400000e+02	0.000000e+00	0.000000e+00	0.000000e+00
5.700000e+02	6.000000e+02	2.400000e+02	2.700000e+02	1.612166e-10	1.139977e-10	1.139977e-10
5.700000e+02	6.000000e+02	2.700000e+02	3.000000e+02	1.010125e-12	1.010125e-12	1.010125e-12
5.700000e+02	6.000000e+02	3.000000e+02	3.300000e+02	1.417974e-08	8.422910e-09	8.422910e-09
5.700000e+02	6.000000e+02	3.300000e+02	3.600000e+02	1.028531e-08	7.507927e-09	7.507927e-09
5.700000e+02	6.000000e+02	3.600000e+02	3.900000e+02	1.690912e-08	9.908635e-09	9.908635e-09
5.700000e+02	6.000000e+02	3.900000e+02	4.200000e+02	1.179626e-08	6.613595e-09	6.613595e-09
5.700000e+02	6.000000e+02	4.200000e+02	4.500000e+02	4.387989e-08	1.589691e-08	1.589691e-08
5.700000e+02	6.000000e+02	4.500000e+02	4.800000e+02	7.962553e-08	2.090606e-08	2.090606e-08
5.700000e+02	6.000000e+02	4.800000e+02	5.100000e+02	1.370608e-07	2.586320e-08	2.586320e-08
5.700000e+02	6.000000e+02	5.100000e+02	5.400000e+02	1.373231e-07	2.559617e-08	2.559617e-08
5.700000e+02	6.000000e+02	5.400000e+02	5.700000e+02	2.115696e-07	2.967593e-08	2.967593e-08
5.700000e+02	6.000000e+02	5.700000e+02	6.000000e+02	9.387202e-08	1.973900e-08	1.973900e-08
5.700000e+02	6.000000e+02	6.000000e+02	6.300000e+02	0.000000e+00	0.000000e+00	0.000000e+00
5.700000e+02	6.000000e+02	6.300000e+02	6.600000e+02	0.000000e+00	0.000000e+00	0.000000e+00
5.700000e+02	6.000000e+02	6.600000e+02	6.900000e+02	0.000000e+00	0.000000e+00	0.000000e+00
5.700000e+02	6.000000e+02	6.900000e+02	7.200000e+02	0.000000e+00	0.000000e+00	0.000000e+00
5.700000e+02	6.000000e+02	7.200000e+02	7.500000e+02	0.000000e+00	0.000000e+00	0.000000e+00
5.700000e+02	6.000000e+02	7.500000e+02	7.800000e+02	0.000000e+00	0.000000e+00	0.000000e+00
5.700000e+02	6.000000e+02	7.800000e+02	8.100000e+02	0.000000e+00	0.000000e+00	0.000000e+00
5.700000e+02	6.000000e+02	8.100000e+02	8.400000e+02	0.000000e+00	0.000000e+00	0.000000e+00
5.700000e+02	6.000000e+02	8.400000e+02	8.700000e+02	0.000000e+00	0.000000e+00	0.000000e+00
5.700000e+02	6.000000e+02	8.700000e+02	9.000000e+02	0.000000e+00	0.000000e+00	0.000000e+00
6.000000e+02	6.300000e+02	0.000000e+00	3.000000e+01	0.000000e+00	0.000000e+00	0.000000e+00
6.000000e+02	6.300000e+02	3.000000e+01	6.000000e+01	0.000000e+00	0.000000e+00	0.000000e+00
6.000000e+02	6.300000e+02	6.000000e+01	9.000000e+01	0.000000e+00	0.000000e+00	0.000000e+00
6.000000e+02	6.300000e+02	9.000000e+01	1.200000e+02	0.000000e+00	0.000000e+00	0.000000e+00
6.000000e+02	6.300000e+02	1.200000e+02	1.500000e+02	0.000000e+00	0.000000e+00	0.000000e+00
6.000000e+02	6.300000e+02	1.500000e+02	1.800000e+02	0.000000e+00	0.000000e+00	0.000000e+00
6.000000e+02	6.300000e+02	1.800000e+02	2.100000e+02	0.000000e+00	0.000000e+00	0.000000e+00
6.000000e+02	6.300000e+02	2.100000e+02	2.400000e+02	0.000000e+00	0.000000e+00	0.000000e+00
6.000000e+02	6.300000e+02	2.400000e+02	2.700000e+02	3.817063e-09	3.817064e-09	3.817064e-09
6.000000e+02	6.300000e+02	2.700000e+02	3.000000e+02	0.000000e+00	0.000000e+00	0.000000e+00
6.000000e+02	6.300000e+02	3.000000e+02	3.300000e+02	7.634126e-09	5.398142e-09	5.398142e-09
6.000000e+02	6.300000e+02	3.300000e+02	3.600000e+02	7.635137e-09	5.398142e-09	5.398142e-09
6.000000e+02	6.300000e+02	3.600000e+02	3.900000e+02	3.819083e-09	3.817064e-09	3.817064e-09
6.000000e+02	6.300000e+02	3.900000e+02	4.200000e+02	7.635137e-09	5.398142e-09	5.398142e-09
6.000000e+02	6.300000e+02	4.200000e+02	4.500000e+02	2.967792e-08	1.348206e-08	1.348206e-08
6.000000e+02	6.300000e+02	4.500000e+02	4.800000e+02	3.986487e-08	1.360810e-08	1.360810e-08
6.000000e+02	6.300000e+02	4.800000e+02	5.100000e+02	3.344891e-08	1.199202e-08	1.199202e-08
6.000000e+02	6.300000e+02	5.100000e+02	5.400000e+02	8.006383e-08	2.057510e-08	2.057510e-08
6.000000e+02	6.300000e+02	5.400000e+02	5.700000e+02	7.755014e-08	1.991330e-08	1.991330e-08
6.000000e+02	6.300000e+02	5.700000e+02	6.000000e+02	1.319406e-07	2.423666e-08	2.423666e-08
6.000000e+02	6.300000e+02	6.000000e+02	6.300000e+02	6.644074e-08	1.879853e-08	1.879853e-08
6.000000e+02	6.300000e+02	6.300000e+02	6.600000e+02	0.000000e+00	0.000000e+00	0.000000e+00
6.000000e+02	6.300000e+02	6.600000e+02	6.900000e+02	0.000000e+00	0.000000e+00	0.000000e+00
6.000000e+02	6.300000e+02	6.900000e+02	7.200000e+02	0.000000e+00	0.000000e+00	0.000000e+00
6.000000e+02	6.300000e+02	7.200000e+02	7.500000e+02	0.000000e+00	0.000000e+00	0.000000e+00
6.000000e+02	6.300000e+02	7.500000e+02	7.800000e+02	0.000000e+00	0.000000e+00	0.000000e+00
6.000000e+02	6.300000e+02	7.800000e+02	8.100000e+02	0.000000e+00	0.000000e+00	0.000000e+00
6.000000e+02	6.300000e+02	8.100000e+02	8.400000e+02	0.000000e+00	0.000000e+00	0.000000e+00
6.000000e+02	6.300000e+02	8.400000e+02	8.700000e+02	0.000000e+00	0.000000e+00	0.000000e+00
6.000000e+02	6.300000e+02	8.700000e+02	9.000000e+02	0.000000e+00	0.000000e+00	0.000000e+00
6.300000e+02	6.600000e+02	0.000000e+00	3.000000e+01	0.000000e+00	0.000000e+00	0.000000e+00
6.300000e+02	6.600000e+02	3.000000e+01	6.000000e+01	0.000000e+00	0.000000e+00	0.000000e+00
6.300000e+02	6.600000e+02	6.000000e+01	9.000000e+01	0.000000e+00	0.000000e+00	0.000000e+00
6.300000e+02	6.600000e+02	9.000000e+01	1.200000e+02	0.000000e+00	0.000000e+00	0.000000e+00
6.300000e+02	6.600000e+02	1.200000e+02	1.500000e+02	0.000000e+00	0.000000e+00	0.000000e+00
6.300000e+02	6.600000e+02	1.500000e+02	1.800000e+02	0.000000e+00	0.000000e+00	0.000000e+00
6.300000e+02	6.600000e+02	1.800000e+02	2.100000e+02	0.000000e+00	0.000000e+00	0.000000e+00
6.300000e+02	6.600000e+02	2.100000e+02	2.400000e+02	0.000000e+00	0.000000e+00	0.000000e+00
6.300000e+02	6.600000e+02	2.400000e+02	2.700000e+02	0.000000e+00	0.000000e+00	0.000000e+00
6.300000e+02	6.600000e+02	2.700000e+02	3.000000e+02	8.081519e-11	8.081519e-11	8.081519e-11
6.300000e+02	6.600000e+02	3.000000e+02	3.300000e+02	0.000000e+00	0.000000e+00	0.000000e+00
6.300000e+02	6.600000e+02	3.300000e+02	3.600000e+02	6.476327e-09	6.465223e-09	6.465223e-09
6.300000e+02	6.600000e+02	3.600000e+02	3.900000e+02	3.817063e-09	3.817064e-09	3.817064e-09
6.300000e+02	6.600000e+02	3.900000e+02	4.200000e+02	8.040141e-11	8.040142e-11	8.040142e-11
6.300000e+02	6.600000e+02	4.200000e+02	4.500000e+02	2.440521e-10	1.397448e-10	1.397448e-10
6.300000e+02	6.600000e+02	4.500000e+02	4.800000e+02	8.081519e-11	8.081519e-11	8.081519e-11
6.300000e+02	6.600000e+02	4.800000e+02	5.100000e+02	2.699869e-08	1.241410e-08	1.241410e-08
6.300000e+02	6.600000e+02	5.100000e+02	5.400000e+02	6.651090e-09	6.466509e-09	6.466509e-09
6.300000e+02	6.600000e+02	5.400000e+02	5.700000e+02	2.462567e-08	1.128394e-08	1.128394e-08
6.300000e+02	6.600000e+02	5.700000e+02	6.000000e+02	4.921167e-08	1.595775e-08	1.595775e-08
6.300000e+02	6.600000e+02	6.000000e+02	6.300000e+02	8.964629e-08	1.935467e-08	1.935467e-08
6.300000e+02	6.600000e+02	6.300000e+02	6.600000e+02	3.977799e-08	1.362338e-08	1.362338e-08
6.300000e+02	6.600000e+02	6.600000e+02	6.900000e+02	0.000000e+00	0.000000e+00	0.000000e+00
6.300000e+02	6.600000e+02	6.900000e+02	7.200000e+02	0.000000e+00	0.000000e+00	0.000000e+00
6.300000e+02	6.600000e+02	7.200000e+02	7.500000e+02	0.000000e+00	0.000000e+00	0.000000e+00
6.300000e+02	6.600000e+02	7.500000e+02	7.800000e+02	0.000000e+00	0.000000e+00	0.000000e+00
6.300000e+02	6.600000e+02	7.800000e+02	8.100000e+02	0.000000e+00	0.000000e+00	0.000000e+00
6.300000e+02	6.600000e+02	8.100000e+02	8.400000e+02	0.000000e+00	0.000000e+00	0.000000e+00
6.300000e+02	6.600000e+02	8.400000e+02	8.700000e+02	0.000000e+00	0.000000e+00	0.000000e+00
6.300000e+02	6.600000e+02	8.700000e+02	9.000000e+02	0.000000e+00	0.000000e+00	0.000000e+00
6.600000e+02	6.900000e+02	0.000000e+00	3.000000e+01	0.000000e+00	0.000000e+00	0.000000e+00
6.600000e+02	6.900000e+02	3.000000e+01	6.000000e+01	0.000000e+00	0.000000e+00	0.000000e+00
6.600000e+02	6.900000e+02	6.000000e+01	9.000000e+01	0.000000e+00	0.000000e+00	0.000000e+00
6.600000e+02	6.900000e+02	9.000000e+01	1.200000e+02	0.000000e+00	0.000000e+00	0.000000e+00
6.600000e+02	6.900000e+02	1.200000e+02	1.500000e+02	0.000000e+00	0.000000e+00	0.000000e+00
6.600000e+02	6.900000e+02	1.500000e+02	1.800000e+02	0.000000e+00	0.000000e+00	0.000000e+00
6.600000e+02	6.900000e+02	1.800000e+02	2.100000e+02	0.000000e+00	0.000000e+00	0.000000e+00
6.600000e+02	6.900000e+02	2.100000e+02	2.400000e+02	0.000000e+00	0.000000e+00	0.000000e+00
6.600000e+02	6.900000e+02	2.400000e+02	2.700000e+02	0.000000e+00	0.000000e+00	0.000000e+00
6.600000e+02	6.900000e+02	2.700000e+02	3.000000e+02	0.000000e+00	0.000000e+00	0.000000e+00
6.600000e+02	6.900000e+02	3.000000e+02	3.300000e+02	0.000000e+00	0.000000e+00	0.000000e+00
6.600000e+02	6.900000e+02	3.300000e+02	3.600000e+02	0.000000e+00	0.000000e+00	0.000000e+00
6.600000e+02	6.900000e+02	3.600000e+02	3.900000e+02	6.466226e-09	6.465216e-09	6.465216e-09
6.600000e+02	6.900000e+02	3.900000e+02	4.200000e+02	0.000000e+00	0.000000e+00	0.000000e+00
6.600000e+02	6.900000e+02	4.200000e+02	4.500000e+02	1.163302e-08	6.612612e-09	6.612612e-09
6.600000e+02	6.900000e+02	4.500000e+02	4.800000e+02	6.465216e-09	6.465216e-09	6.465216e-09
6.600000e+02	6.900000e+02	4.800000e+02	5.100000e+02	6.465216e-09	6.465216e-09	6.465216e-09
6.600000e+02	6.900000e+02	5.100000e+02	5.400000e+02	1.418117e-08	8.422914e-09	8.422914e-09
6.600000e+02	6.900000e+02	5.400000e+02	5.700000e+02	1.675052e-08	9.907976e-09	9.907976e-09
6.600000e+02	6.900000e+02	5.700000e+02	6.000000e+02	1.916613e-08	8.535595e-09	8.535595e-09
6.600000e+02	6.900000e+02	6.000000e+02	6.300000e+02	4.089919e-08	1.315048e-08	1.315048e-08
6.600000e+02	6.900000e+02	6.300000e+02	6.600000e+02	4.372069e-08	1.414840e-08	1.414840e-08
6.600000e+02	6.900000e+02	6.600000e+02	6.900000e+02	1.161241e-08	6.612329e-09	6.612329e-09
6.600000e+02	6.900000e+02	6.900000e+02	7.200000e+02	0.000000e+00	0.000000e+00	0.000000e+00
6.600000e+02	6.900000e+02	7.200000e+02	7.500000e+02	0.000000e+00	0.000000e+00	0.000000e+00
6.600000e+02	6.900000e+02	7.500000e+02	7.800000e+02	0.000000e+00	0.000000e+00	0.000000e+00
6.600000e+02	6.900000e+02	7.800000e+02	8.100000e+02	0.000000e+00	0.000000e+00	0.000000e+00
6.600000e+02	6.900000e+02	8.100000e+02	8.400000e+02	0.000000e+00	0.000000e+00	0.000000e+00
6.600000e+02	6.900000e+02	8.400000e+02	8.700000e+02	0.000000e+00	0.000000e+00	0.000000e+00
6.600000e+02	6.900000e+02	8.700000e+02	9.000000e+02	0.000000e+00	0.000000e+00	0.000000e+00
6.900000e+02	7.200000e+02	0.000000e+00	3.000000e+01	0.000000e+00	0.000000e+00	0.000000e+00
6.900000e+02	7.200000e+02	3.000000e+01	6.000000e+01	0.000000e+00	0.000000e+00	0.000000e+00
6.900000e+02	7.200000e+02	6.000000e+01	9.000000e+01	0.000000e+00	0.000000e+00	0.000000e+00
6.900000e+02	7.200000e+02	9.000000e+01	1.200000e+02	0.000000e+00	0.000000e+00	0.000000e+00
6.900000e+02	7.200000e+02	1.200000e+02	1.500000e+02	0.000000e+00	0.000000e+00	0.000000e+00
6.900000e+02	7.200000e+02	1.500000e+02	1.800000e+02	0.000000e+00	0.000000e+00	0.000000e+00
6.900000e+02	7.200000e+02	1.800000e+02	2.100000e+02	0.000000e+00	0.000000e+00	0.000000e+00
6.900000e+02	7.200000e+02	2.100000e+02	2.400000e+02	0.000000e+00	0.000000e+00	0.000000e+00
6.900000e+02	7.200000e+02	2.400000e+02	2.700000e+02	0.000000e+00	0.000000e+00	0.000000e+00
6.900000e+02	7.200000e+02	2.700000e+02	3.000000e+02	8.081519e-11	8.081519e-11	8.081519e-11
6.900000e+02	7.200000e+02	3.000000e+02	3.300000e+02	6.465216e-09	6.465216e-09	6.465216e-09
6.900000e+02	7.200000e+02	3.300000e+02	3.600000e+02	0.000000e+00	0.000000e+00	0.000000e+00
6.900000e+02	7.200000e+02	3.600000e+02	3.900000e+02	0.000000e+00	0.000000e+00	0.000000e+00
6.900000e+02	7.200000e+02	3.900000e+02	4.200000e+02	0.000000e+00	0.000000e+00	0.000000e+00
6.900000e+02	7.200000e+02	4.200000e+02	4.500000e+02	0.000000e+00	0.000000e+00	0.000000e+00
6.900000e+02	7.200000e+02	4.500000e+02	4.800000e+02	6.466226e-09	6.465216e-09	6.465216e-09
6.900000e+02	7.200000e+02	4.800000e+02	5.100000e+02	6.432113e-09	6.432114e-09	6.432114e-09
6.900000e+02	7.200000e+02	5.100000e+02	5.400000e+02	3.979703e-09	3.818774e-09	3.818774e-09
6.900000e+02	7.200000e+02	5.400000e+02	5.700000e+02	7.644221e-09	5.398151e-09	5.398151e-09
6.900000e+02	7.200000e+02	5.700000e+02	6.000000e+02	1.036410e-08	7.508362e-09	7.508362e-09
6.900000e+02	7.200000e+02	6.000000e+02	6.300000e+02	3.817063e-09	3.817064e-09	3.817064e-09
6.900000e+02	7.200000e+02	6.300000e+02	6.600000e+02	7.725633e-09	5.398750e-09	5.398750e-09
6.900000e+02	7.200000e+02	6.600000e+02	6.900000e+02	2.992198e-08	1.348279e-08	1.348279e-08
6.900000e+02	7.200000e+02	6.900000e+02	7.200000e+02	3.817063e-09	3.817064e-09	3.817064e-09
6.900000e+02	7.200000e+02	7.200000e+02	7.500000e+02	0.000000e+00	0.000000e+00	0.000000e+00
6.900000e+02	7.200000e+02	7.500000e+02	7.800000e+02	0.000000e+00	0.000000e+00	0.000000e+00
6.900000e+02	7.200000e+02	7.800000e+02	8.100000e+02	0.000000e+00	0.000000e+00	0.000000e+00
6.900000e+02	7.200000e+02	8.100000e+02	8.400000e+02	0.000000e+00	0.000000e+00	0.000000e+00
6.900000e+02	7.200000e+02	8.400000e+02	8.700000e+02	0.000000e+00	0.000000e+00	0.000000e+00
6.900000e+02	7.200000e+02	8.700000e+02	9.000000e+02	0.000000e+00	0.000000e+00	0.000000e+00
7.200000e+02	7.500000e+02	0.000000e+00	3.000000e+01	0.000000e+00	0.000000e+00	0.000000e+00
7.200000e+02	7.500000e+02	3.000000e+01	6.000000e+01	0.000000e+00	0.000000e+00	0.000000e+00
7.200000e+02	7.500000e+02	6.000000e+01	9.000000e+01	0.000000e+00	0.000000e+00	0.000000e+00
7.200000e+02	7.500000e+02	9.000000e+01	1.200000e+02	0.000000e+00	0.000000e+00	0.000000e+00
7.200000e+02	7.500000e+02	1.200000e+02	1.500000e+02	0.000000e+00	0.000000e+00	0.000000e+00
7.200000e+02	7.500000e+02	1.500000e+02	1.800000e+02	0.000000e+00	0.000000e+00	0.000000e+00
7.200000e+02	7.500000e+02	1.800000e+02	2.100000e+02	0.000000e+00	0.000000e+00	0.000000e+00
7.200000e+02	7.500000e+02	2.100000e+02	2.400000e+02	0.000000e+00	0.000000e+00	0.000000e+00
7.200000e+02	7.500000e+02	2.400000e+02	2.700000e+02	0.000000e+00	0.000000e+00	0.000000e+00
7.200000e+02	7.500000e+02	2.700000e+02	3.000000e+02	0.000000e+00	0.000000e+00	0.000000e+00
7.200000e+02	7.500000e+02	3.000000e+02	3.300000e+02	0.000000e+00	0.000000e+00	0.000000e+00
7.200000e+02	7.500000e+02	3.300000e+02	3.600000e+02	0.000000e+00	0.000000e+00	0.000000e+00
7.200000e+02	7.500000e+02	3.600000e+02	3.900000e+02	0.000000e+00	0.000000e+00	0.000000e+00
7.200000e+02	7.500000e+02	3.900000e+02	4.200000e+02	0.000000e+00	0.000000e+00	0.000000e+00
7.200000e+02	7.500000e+02	4.200000e+02	4.500000e+02	0.000000e+00	0.000000e+00	0.000000e+00
7.200000e+02	7.500000e+02	4.500000e+02	4.800000e+02	0.000000e+00	0.000000e+00	0.000000e+00
7.200000e+02	7.500000e+02	4.800000e+02	5.100000e+02	0.000000e+00	0.000000e+00	0.000000e+00
7.200000e+02	7.500000e+02	5.100000e+02	5.400000e+02	1.009543e-11	1.009543e-11	1.009543e-11
7.200000e+02	7.500000e+02	5.400000e+02	5.700000e+02	3.818073e-09	3.817064e-09	3.817064e-09
7.200000e+02	7.500000e+02	5.700000e+02	6.000000e+02	3.897878e-09	3.817919e-09	3.817919e-09
7.200000e+02	7.500000e+02	6.000000e+02	6.300000e+02	0.000000e+00	0.000000e+00	0.000000e+00
7.200000e+02	7.500000e+02	6.300000e+02	6.600000e+02	0.000000e+00	0.000000e+00	0.000000e+00
7.200000e+02	7.500000e+02	6.600000e+02	6.900000e+02	6.546627e-09	6.465715e-09	6.465715e-09
7.200000e+02	7.500000e+02	6.900000e+02	7.200000e+02	2.426281e-10	1.395023e-10	1.395023e-10
7.200000e+02	7.500000e+02	7.200000e+02	7.500000e+02	7.667746e-10	7.667745e-10	7.667745e-10
7.200000e+02	7.500000e+02	7.500000e+02	7.800000e+02	0.000000e+00	0.000000e+00	0.000000e+00
7.200000e+02	7.500000e+02	7.800000e+02	8.100000e+02	0.000000e+00	0.000000e+00	0.000000e+00
7.200000e+02	7.500000e+02	8.100000e+02	8.400000e+02	0.000000e+00	0.000000e+00	0.000000e+00
7.200000e+02	7.500000e+02	8.400000e+02	8.700000e+02	0.000000e+00	0.000000e+00	0.000000e+00
7.200000e+02	7.500000e+02	8.700000e+02	9.000000e+02	0.000000e+00	0.000000e+00	0.000000e+00
7.500000e+02	7.800000e+02	0.000000e+00	3.000000e+01	0.000000e+00	0.000000e+00	0.000000e+00
7.500000e+02	7.800000e+02	3.000000e+01	6.000000e+01	0.000000e+00	0.000000e+00	0.000000e+00
7.500000e+02	7.800000e+02	6.000000e+01	9.000000e+01	0.000000e+00	0.000000e+00	0.000000e+00
7.500000e+02	7.800000e+02	9.000000e+01	1.200000e+02	0.000000e+00	0.000000e+00	0.000000e+00
7.500000e+02	7.800000e+02	1.200000e+02	1.500000e+02	0.000000e+00	0.000000e+00	0.000000e+00
7.500000e+02	7.800000e+02	1.500000e+02	1.800000e+02	0.000000e+00	0.000000e+00	0.000000e+00
7.500000e+02	7.800000e+02	1.800000e+02	2.100000e+02	0.000000e+00	0.000000e+00	0.000000e+00
7.500000e+02	7.800000e+02	2.100000e+02	2.400000e+02	0.000000e+00	0.000000e+00	0.000000e+00
7.500000e+02	7.800000e+02	2.400000e+02	2.700000e+02	0.000000e+00	0.000000e+00	0.000000e+00
7.500000e+02	7.800000e+02	2.700000e+02	3.000000e+02	0.000000e+00	0.000000e+00	0.000000e+00
7.500000e+02	7.800000e+02	3.000000e+02	3.300000e+02	8.081519e-11	8.081519e-11	8.081519e-11
7.500000e+02	7.800000e+02	3.300000e+02	3.600000e+02	0.000000e+00	0.000000e+00	0.000000e+00
7.500000e+02	7.800000e+02	3.600000e+02	3.900000e+02	0.000000e+00	0.000000e+00	0.000000e+00
7.500000e+02	7.800000e+02	3.900000e+02	4.200000e+02	0.000000e+00	0.000000e+00	0.000000e+00
7.500000e+02	7.800000e+02	4.200000e+02	4.500000e+02	0.000000e+00	0.000000e+00	0.000000e+00
7.500000e+02	7.800000e+02	4.500000e+02	4.800000e+02	0.000000e+00	0.000000e+00	0.000000e+00
7.500000e+02	7.800000e+02	4.800000e+02	5.100000e+02	3.817063e-09	3.817064e-09	3.817064e-09
7.500000e+02	7.800000e+02	5.100000e+02	5.400000e+02	0.000000e+00	0.000000e+00	0.000000e+00
7.500000e+02	7.800000e+02	5.400000e+02	5.700000e+02	0.000000e+00	0.000000e+00	0.000000e+00
7.500000e+02	7.800000e+02	5.700000e+02	6.000000e+02	8.081519e-11	8.081519e-11	8.081519e-11
7.500000e+02	7.800000e+02	6.000000e+02	6.300000e+02	6.476327e-09	6.465223e-09	6.465223e-09
7.500000e+02	7.800000e+02	6.300000e+02	6.600000e+02	1.028228e-08	7.507927e-09	7.507927e-09
7.500000e+02	7.800000e+02	6.600000e+02	6.900000e+02	1.041039e-08	7.480311e-09	7.480311e-09
7.500000e+02	7.800000e+02	6.900000e+02	7.200000e+02	1.028228e-08	7.507927e-09	7.507927e-09
7.500000e+02	7.800000e+02	7.200000e+02	7.500000e+02	1.672449e-08	9.886413e-09	9.886413e-09
7.500000e+02	7.800000e+02	7.500000e+02	7.800000e+02	1.285284e-10	9.384910e-11	9.384910e-11
7.500000e+02	7.800000e+02	7.800000e+02	8.100000e+02	0.000000e+00	0.000000e+00	0.000000e+00
7.500000e+02	7.800000e+02	8.100000e+02	8.400000e+02	0.000000e+00	0.000000e+00	0.000000e+00
7.500000e+02	7.800000e+02	8.400000e+02	8.700000e+02	0.000000e+00	0.000000e+00	0.000000e+00
7.500000e+02	7.800000e+02	8.700000e+02	9.000000e+02	0.000000e+00	0.000000e+00	0.000000e+00
7.800000e+02	8.100000e+02	0.000000e+00	3.000000e+01	0.000000e+00	0.000000e+00	0.000000e+00
7.800000e+02	8.100000e+02	3.000000e+01	6.000000e+01	0.000000e+00	0.000000e+00	0.000000e+00
7.800000e+02	8.100000e+02	6.000000e+01	9.000000e+01	0.000000e+00	0.000000e+00	0.000000e+00
7.800000e+02	8.100000e+02	9.000000e+01	1.200000e+02	0.000000e+00	0.000000e+00	0.000000e+00
7.800000e+02	8.100000e+02	1.200000e+02	1.500000e+02	0.000000e+00	0.000000e+00	0.000000e+00
7.800000e+02	8.100000e+02	1.500000e+02	1.800000e+02	0.000000e+00	0.000000e+00	0.000000e+00
7.800000e+02	8.100000e+02	1.800000e+02	2.100000e+02	0.000000e+00	0.000000e+00	0.000000e+00
7.800000e+02	8.100000e+02	2.100000e+02	2.400000e+02	0.000000e+00	0.000000e+00	0.000000e+00
7.800000e+02	8.100000e+02	2.400000e+02	2.700000e+02	0.000000e+00	0.000000e+00	0.000000e+00
7.800000e+02	8.100000e+02	2.700000e+02	3.000000e+02	0.000000e+00	0.000000e+00	0.000000e+00
7.800000e+02	8.100000e+02	3.000000e+02	3.300000e+02	0.000000e+00	0.000000e+00	0.000000e+00
7.800000e+02	8.100000e+02	3.300000e+02	3.600000e+02	0.000000e+00	0.000000e+00	0.000000e+00
7.800000e+02	8.100000e+02	3.600000e+02	3.900000e+02	0.000000e+00	0.000000e+00	0.000000e+00
7.800000e+02	8.100000e+02	3.900000e+02	4.200000e+02	0.000000e+00	0.000000e+00	0.000000e+00
7.800000e+02	8.100000e+02	4.200000e+02	4.500000e+02	0.000000e+00	0.000000e+00	0.000000e+00
7.800000e+02	8.100000e+02	4.500000e+02	4.800000e+02	0.000000e+00	0.000000e+00	0.000000e+00
7.800000e+02	8.100000e+02	4.800000e+02	5.100000e+02	0.000000e+00	0.000000e+00	0.000000e+00
7.800000e+02	8.100000e+02	5.100000e+02	5.400000e+02	0.000000e+00	0.000000e+00	0.000000e+00
7.800000e+02	8.100000e+02	5.400000e+02	5.700000e+02	1.010190e-12	1.010190e-12	1.010190e-12
7.800000e+02	8.100000e+02	5.700000e+02	6.000000e+02	0.000000e+00	0.000000e+00	0.000000e+00
7.800000e+02	8.100000e+02	6.000000e+02	6.300000e+02	0.000000e+00	0.000000e+00	0.000000e+00
7.800000e+02	8.100000e+02	6.300000e+02	6.600000e+02	1.010125e-12	1.010125e-12	1.010125e-12
7.800000e+02	8.100000e+02	6.600000e+02	6.900000e+02	6.466226e-09	6.465216e-09	6.465216e-09
7.800000e+02	8.100000e+02	6.900000e+02	7.200000e+02	0.000000e+00	0.000000e+00	0.000000e+00
7.800000e+02	8.100000e+02	7.200000e+02	7.500000e+02	3.817063e-09	3.817064e-09	3.817064e-09
7.800000e+02	8.100000e+02	7.500000e+02	7.800000e+02	3.818073e-09	3.817064e-09	3.817064e-09
7.800000e+02	8.100000e+02	7.800000e+02	8.100000e+02	0.000000e+00	0.000000e+00	0.000000e+00
7.800000e+02	8.100000e+02	8.100000e+02	8.400000e+02	0.000000e+00	0.000000e+00	0.000000e+00
7.800000e+02	8.100000e+02	8.400000e+02	8.700000e+02	0.000000e+00	0.000000e+00	0.000000e+00
7.800000e+02	8.100000e+02	8.700000e+02	9.000000e+02	0.000000e+00	0.000000e+00	0.000000e+00
8.100000e+02	8.400000e+02	0.000000e+00	3.000000e+01	0.000000e+00	0.000000e+00	0.000000e+00
8.100000e+02	8.400000e+02	3.000000e+01	6.000000e+01	0.000000e+00	0.000000e+00	0.000000e+00
8.100000e+02	8.400000e+02	6.000000e+01	9.000000e+01	0.000000e+00	0.000000e+00	0.000000e+00
8.100000e+02	8.400000e+02	9.000000e+01	1.200000e+02	0.000000e+00	0.000000e+00	0.000000e+00
8.100000e+02	8.400000e+02	1.200000e+02	1.500000e+02	0.000000e+00	0.000000e+00	0.000000e+00
8.100000e+02	8.400000e+02	1.500000e+02	1.800000e+02	0.000000e+00	0.000000e+00	0.000000e+00
8.100000e+02	8.400000e+02	1.800000e+02	2.100000e+02	0.000000e+00	0.000000e+00	0.000000e+00
8.100000e+02	8.400000e+02	2.100000e+02	2.400000e+02	0.000000e+00	0.000000e+00	0.000000e+00
8.100000e+02	8.400000e+02	2.400000e+02	2.700000e+02	0.000000e+00	0.000000e+00	0.000000e+00
8.100000e+02	8.400000e+02	2.700000e+02	3.000000e+02	0.000000e+00	0.000000e+00	0.000000e+00
8.100000e+02	8.400000e+02	3.000000e+02	3.300000e+02	0.000000e+00	0.000000e+00	0.000000e+00
8.100000e+02	8.400000e+02	3.300000e+02	3.600000e+02	0.000000e+00	0.000000e+00	0.000000e+00
8.100000e+02	8.400000e+02	3.600000e+02	3.900000e+02	0.000000e+00	0.000000e+00	0.000000e+00
8.100000e+02	8.400000e+02	3.900000e+02	4.200000e+02	0.000000e+00	0.000000e+00	0.000000e+00
8.100000e+02	8.400000e+02	4.200000e+02	4.500000e+02	0.000000e+00	0.000000e+00	0.000000e+00
8.100000e+02	8.400000e+02	4.500000e+02	4.800000e+02	0.000000e+00	0.000000e+00	0.000000e+00
8.100000e+02	8.400000e+02	4.800000e+02	5.100000e+02	0.000000e+00	0.000000e+00	0.000000e+00
8.100000e+02	8.400000e+02	5.100000e+02	5.400000e+02	0.000000e+00	0.000000e+00	0.000000e+00
8.100000e+02	8.400000e+02	5.400000e+02	5.700000e+02	0.000000e+00	0.000000e+00	0.000000e+00
8.100000e+02	8.400000e+02	5.700000e+02	6.000000e+02	0.000000e+00	0.000000e+00	0.000000e+00
8.100000e+02	8.400000e+02	6.000000e+02	6.300000e+02	0.000000e+00	0.000000e+00	0.000000e+00
8.100000e+02	8.400000e+02	6.300000e+02	6.600000e+02	6.465216e-09	6.465216e-09	6.465216e-09
8.100000e+02	8.400000e+02	6.600000e+02	6.900000e+02	0.000000e+00	0.000000e+00	0.000000e+00
8.100000e+02	8.400000e+02	6.900000e+02	7.200000e+02	0.000000e+00	0.000000e+00	0.000000e+00
8.100000e+02	8.400000e+02	7.200000e+02	7.500000e+02	0.000000e+00	0.000000e+00	0.000000e+00
8.100000e+02	8.400000e+02	7.500000e+02	7.800000e+02	1.626406e-10	1.142944e-10	1.142944e-10
8.100000e+02	8.400000e+02	7.800000e+02	8.100000e+02	0.000000e+00	0.000000e+00	0.000000e+00
8.100000e+02	8.400000e+02	8.100000e+02	8.400000e+02	3.817063e-09	3.817064e-09	3.817064e-09
8.100000e+02	8.400000e+02	8.400000e+02	8.700000e+02	0.000000e+00	0.000000e+00	0.000000e+00
8.100000e+02	8.400000e+02	8.700000e+02	9.000000e+02	0.000000e+00	0.000000e+00	0.000000e+00
8.400000e+02	8.700000e+02	0.000000e+00	3.000000e+01	0.000000e+00	0.000000e+00	0.000000e+00
8.400000e+02	8.700000e+02	3.000000e+01	6.000000e+01	0.000000e+00	0.000000e+00	0.000000e+00
8.400000e+02	8.700000e+02	6.000000e+01	9.000000e+01	0.000000e+00	0.000000e+00	0.000000e+00
8.400000e+02	8.700000e+02	9.000000e+01	1.200000e+02	0.000000e+00	0.000000e+00	0.000000e+00
8.400000e+02	8.700000e+02	1.200000e+02	1.500000e+02	0.000000e+00	0.000000e+00	0.000000e+00
8.400000e+02	8.700000e+02	1.500000e+02	1.800000e+02	0.000000e+00	0.000000e+00	0.000000e+00
8.400000e+02	8.700000e+02	1.800000e+02	2.100000e+02	0.000000e+00	0.000000e+00	0.000000e+00
8.400000e+02	8.700000e+02	2.100000e+02	2.400000e+02	0.000000e+00	0.000000e+00	0.000000e+00
8.400000e+02	8.700000e+02	2.400000e+02	2.700000e+02	0.000000e+00	0.000000e+00	0.000000e+00
8.400000e+02	8.700000e+02	2.700000e+02	3.000000e+02	0.000000e+00	0.000000e+00	0.000000e+00
8.400000e+02	8.700000e+02	3.000000e+02	3.300000e+02	0.000000e+00	0.000000e+00	0.000000e+00
8.400000e+02	8.700000e+02	3.300000e+02	3.600000e+02	0.000000e+00	0.000000e+00	0.000000e+00
8.400000e+02	8.700000e+02	3.600000e+02	3.900000e+02	0.000000e+00	0.000000e+00	0.000000e+00
8.400000e+02	8.700000e+02	3.900000e+02	4.200000e+02	0.000000e+00	0.000000e+00	0.000000e+00
8.400000e+02	8.700000e+02	4.200000e+02	4.500000e+02	0.000000e+00	0.000000e+00	0.000000e+00
8.400000e+02	8.700000e+02	4.500000e+02	4.800000e+02	0.000000e+00	0.000000e+00	0.000000e+00
8.400000e+02	8.700000e+02	4.800000e+02	5.100000e+02	0.000000e+00	0.000000e+00	0.000000e+00
8.400000e+02	8.700000e+02	5.100000e+02	5.400000e+02	0.000000e+00	0.000000e+00	0.000000e+00
8.400000e+02	8.700000e+02	5.400000e+02	5.700000e+02	0.000000e+00	0.000000e+00	0.000000e+00
8.400000e+02	8.700000e+02	5.700000e+02	6.000000e+02	6.465216e-09	6.465216e-09	6.465216e-09
8.400000e+02	8.700000e+02	6.000000e+02	6.300000e+02	0.000000e+00	0.000000e+00	0.000000e+00
8.400000e+02	8.700000e+02	6.300000e+02	6.600000e+02	0.000000e+00	0.000000e+00	0.000000e+00
8.400000e+02	8.700000e+02	6.600000e+02	6.900000e+02	0.000000e+00	0.000000e+00	0.000000e+00
8.400000e+02	8.700000e+02	6.900000e+02	7.200000e+02	0.000000e+00	0.000000e+00	0.000000e+00
8.400000e+02	8.700000e+02	7.200000e+02	7.500000e+02	0.000000e+00	0.000000e+00	0.000000e+00
8.400000e+02	8.700000e+02	7.500000e+02	7.800000e+02	0.000000e+00	0.000000e+00	0.000000e+00
8.400000e+02	8.700000e+02	7.800000e+02	8.100000e+02	1.010125e-12	1.010125e-12	1.010125e-12
8.400000e+02	8.700000e+02	8.100000e+02	8.400000e+02	0.000000e+00	0.000000e+00	0.000000e+00
8.400000e+02	8.700000e+02	8.400000e+02	8.700000e+02	0.000000e+00	0.000000e+00	0.000000e+00
8.400000e+02	8.700000e+02	8.700000e+02	9.000000e+02	0.000000e+00	0.000000e+00	0.000000e+00
8.700000e+02	9.000000e+02	0.000000e+00	3.000000e+01	0.000000e+00	0.000000e+00	0.000000e+00
8.700000e+02	9.000000e+02	3.000000e+01	6.000000e+01	0.000000e+00	0.000000e+00	0.000000e+00
8.700000e+02	9.000000e+02	6.000000e+01	9.000000e+01	0.000000e+00	0.000000e+00	0.000000e+00
8.700000e+02	9.000000e+02	9.000000e+01	1.200000e+02	0.000000e+00	0.000000e+00	0.000000e+00
8.700000e+02	9.000000e+02	1.200000e+02	1.500000e+02	0.000000e+00	0.000000e+00	0.000000e+00
8.700000e+02	9.000000e+02	1.500000e+02	1.800000e+02	0.000000e+00	0.000000e+00	0.000000e+00
8.700000e+02	9.000000e+02	1.800000e+02	2.100000e+02	0.000000e+00	0.000000e+00	0.000000e+00
8.700000e+02	9.000000e+02	2.100000e+02	2.400000e+02	0.000000e+00	0.000000e+00	0.000000e+00
8.700000e+02	9.000000e+02	2.400000e+02	2.700000e+02	0.000000e+00	0.000000e+00	0.000000e+00
8.700000e+02	9.000000e+02	2.700000e+02	3.000000e+02	0.000000e+00	0.000000e+00	0.000000e+00
8.700000e+02	9.000000e+02	3.000000e+02	3.300000e+02	0.000000e+00	0.000000e+00	0.000000e+00
8.700000e+02	9.000000e+02	3.300000e+02	3.600000e+02	0.000000e+00	0.000000e+00	0.000000e+00
8.700000e+02	9.000000e+02	3.600000e+02	3.900000e+02	0.000000e+00	0.000000e+00	0.000000e+00
8.700000e+02	9.000000e+02	3.900000e+02	4.200000e+02	0.000000e+00	0.000000e+00	0.000000e+00
8.700000e+02	9.000000e+02	4.200000e+02	4.500000e+02	0.000000e+00	0.000000e+00	0.000000e+00
8.700000e+02	9.000000e+02	4.500000e+02	4.800000e+02	0.000000e+00	0.000000e+00	0.000000e+00
8.700000e+02	9.000000e+02	4.800000e+02	5.100000e+02	0.000000e+00	0.000000e+00	0.000000e+00
8.700000e+02	9.000000e+02	5.100000e+02	5.400000e+02	0.000000e+00	0.000000e+00	0.000000e+00
8.700000e+02	9.000000e+02	5.400000e+02	5.700000e+02	0.000000e+00	0.000000e+00	0.000000e+00
8.700000e+02	9.000000e+02	5.700000e+02	6.000000e+02	0.000000e+00	0.000000e+00	0.000000e+00
8.700000e+02	9.000000e+02	6.000000e+02	6.300000e+02	0.000000e+00	0.000000e+00	0.000000e+00
8.700000e+02	9.000000e+02	6.300000e+02	6.600000e+02	0.000000e+00	0.000000e+00	0.000000e+00
8.700000e+02	9.000000e+02	6.600000e+02	6.900000e+02	0.000000e+00	0.000000e+00	0.000000e+00
8.700000e+02	9.000000e+02	6.900000e+02	7.200000e+02	0.000000e+00	0.000000e+00	0.000000e+00
8.700000e+02	9.000000e+02	7.200000e+02	7.500000e+02	0.000000e+00	0.000000e+00	0.000000e+00
8.700000e+02	9.000000e+02	7.500000e+02	7.800000e+02	0.000000e+00	0.000000e+00	0.000000e+00
8.700000e+02	9.000000e+02	7.800000e+02	8.100000e+02	0.000000e+00	0.000000e+00	0.000000e+00
8.700000e+02	9.000000e+02	8.100000e+02	8.400000e+02	0.000000e+00	0.000000e+00	0.000000e+00
8.700000e+02	9.000000e+02	8.400000e+02	8.700000e+02	0.000000e+00	0.000000e+00	0.000000e+00
8.700000e+02	9.000000e+02	8.700000e+02	9.000000e+02	8.040141e-11	8.040142e-11	8.040142e-11
# END HISTO2D

