# BEGIN HISTOGRAM /res/oxford_combined_rw2/SHERPA_QCD4j/histo_pt_HH_boost_C1d
Path=/res/oxford_combined_rw2/SHERPA_QCD4j/histo_pt_HH_boost_C1d
Title=pt_HH_boost_C1d
# xlow	 xhigh	 val	 errminus	 errplus
0.000000e+00	1.000000e+01	1.427825e+05	4.795721e+03	4.795721e+03
1.000000e+01	2.000000e+01	3.042684e+05	6.948016e+03	6.948016e+03
2.000000e+01	3.000000e+01	3.644972e+05	7.608608e+03	7.608608e+03
3.000000e+01	4.000000e+01	3.436339e+05	7.384090e+03	7.384090e+03
4.000000e+01	5.000000e+01	3.327014e+05	7.269335e+03	7.269335e+03
5.000000e+01	6.000000e+01	2.894852e+05	6.776490e+03	6.776490e+03
6.000000e+01	7.000000e+01	2.548239e+05	6.466553e+03	6.466553e+03
7.000000e+01	8.000000e+01	2.165611e+05	5.891167e+03	5.891167e+03
8.000000e+01	9.000000e+01	1.944754e+05	5.554287e+03	5.554287e+03
9.000000e+01	1.000000e+02	1.700905e+05	5.195352e+03	5.195352e+03
1.000000e+02	1.100000e+02	1.496865e+05	4.881252e+03	4.881252e+03
1.100000e+02	1.200000e+02	1.339301e+05	4.610496e+03	4.610496e+03
1.200000e+02	1.300000e+02	1.047532e+05	4.078281e+03	4.078281e+03
1.300000e+02	1.400000e+02	1.000747e+05	3.983912e+03	3.983912e+03
1.400000e+02	1.500000e+02	8.897294e+04	3.756440e+03	3.756440e+03
1.500000e+02	1.600000e+02	7.866413e+04	3.532124e+03	3.532124e+03
1.600000e+02	1.700000e+02	6.537989e+04	3.221259e+03	3.221259e+03
1.700000e+02	1.800000e+02	5.772932e+04	3.025839e+03	3.025839e+03
1.800000e+02	1.900000e+02	5.186542e+04	2.868167e+03	2.868167e+03
1.900000e+02	2.000000e+02	5.011666e+04	2.819283e+03	2.819283e+03
2.000000e+02	2.100000e+02	4.321942e+04	2.621499e+03	2.621499e+03
2.100000e+02	2.200000e+02	3.473275e+04	2.347022e+03	2.347022e+03
2.200000e+02	2.300000e+02	3.045063e+04	2.197585e+03	2.197585e+03
2.300000e+02	2.400000e+02	3.013344e+04	2.186109e+03	2.186109e+03
2.400000e+02	2.500000e+02	2.680196e+04	2.073782e+03	2.073782e+03
2.500000e+02	2.600000e+02	2.394815e+04	1.948873e+03	1.948873e+03
2.600000e+02	2.700000e+02	1.756127e+04	1.678351e+03	1.678351e+03
2.700000e+02	2.800000e+02	1.443233e+04	1.512919e+03	1.512919e+03
2.800000e+02	2.900000e+02	1.696988e+04	1.640540e+03	1.640540e+03
2.900000e+02	3.000000e+02	1.316355e+04	1.444888e+03	1.444888e+03
# END HISTOGRAM

