# BEGIN HISTO1D /res/baseline_noPU_oxford/histo_CF_res
Path=/res/baseline_noPU_oxford/histo_CF_res
Title=CF_res
# xlow	 xhigh	 val	 errminus	 errplus
0.000000e+00	1.000000e+00	3.446917e+08	2.791878e+05	2.791878e+05
1.000000e+00	2.000000e+00	3.446917e+08	2.791878e+05	2.791878e+05
2.000000e+00	3.000000e+00	2.685786e+07	6.256281e+04	6.256281e+04
3.000000e+00	4.000000e+00	1.825270e+07	4.582323e+04	4.582323e+04
4.000000e+00	5.000000e+00	1.825270e+07	4.582323e+04	4.582323e+04
5.000000e+00	6.000000e+00	4.190880e+06	2.184270e+04	2.184270e+04
6.000000e+00	7.000000e+00	4.731829e+03	3.174528e+02	3.174528e+02
# END HISTO1D

