# BEGIN HISTOGRAM /res/oxford_combined_rw2/SHERPA_QCD4j/histo_eta_smallR_boost_C1a
Path=/res/oxford_combined_rw2/SHERPA_QCD4j/histo_eta_smallR_boost_C1a
Title=eta_smallR_boost_C1a
# xlow	 xhigh	 val	 errminus	 errplus
-6.000000e+00	-5.600000e+00	0.000000e+00	0.000000e+00	0.000000e+00
-5.600000e+00	-5.200000e+00	0.000000e+00	0.000000e+00	0.000000e+00
-5.200000e+00	-4.800000e+00	0.000000e+00	0.000000e+00	0.000000e+00
-4.800000e+00	-4.400000e+00	0.000000e+00	0.000000e+00	0.000000e+00
-4.400000e+00	-4.000000e+00	0.000000e+00	0.000000e+00	0.000000e+00
-4.000000e+00	-3.600000e+00	0.000000e+00	0.000000e+00	0.000000e+00
-3.600000e+00	-3.200000e+00	0.000000e+00	0.000000e+00	0.000000e+00
-3.200000e+00	-2.800000e+00	0.000000e+00	0.000000e+00	0.000000e+00
-2.800000e+00	-2.400000e+00	2.161704e+08	1.034368e+06	1.034368e+06
-2.400000e+00	-2.000000e+00	1.009480e+09	2.179151e+06	2.179151e+06
-2.000000e+00	-1.600000e+00	1.199273e+09	2.325124e+06	2.325124e+06
-1.600000e+00	-1.200000e+00	1.354651e+09	2.411450e+06	2.411450e+06
-1.200000e+00	-8.000000e-01	1.474875e+09	2.480327e+06	2.480327e+06
-8.000000e-01	-4.000000e-01	1.557502e+09	2.540692e+06	2.540692e+06
-4.000000e-01	7.771561e-16	1.600506e+09	2.574395e+06	2.574395e+06
7.771561e-16	4.000000e-01	1.595476e+09	2.553366e+06	2.553366e+06
4.000000e-01	8.000000e-01	1.551863e+09	2.520791e+06	2.520791e+06
8.000000e-01	1.200000e+00	1.474378e+09	2.477460e+06	2.477460e+06
1.200000e+00	1.600000e+00	1.351168e+09	2.378392e+06	2.378392e+06
1.600000e+00	2.000000e+00	1.203354e+09	2.287667e+06	2.287667e+06
2.000000e+00	2.400000e+00	1.008581e+09	2.206015e+06	2.206015e+06
2.400000e+00	2.800000e+00	2.144926e+08	1.021483e+06	1.021483e+06
2.800000e+00	3.200000e+00	0.000000e+00	0.000000e+00	0.000000e+00
3.200000e+00	3.600000e+00	0.000000e+00	0.000000e+00	0.000000e+00
3.600000e+00	4.000000e+00	0.000000e+00	0.000000e+00	0.000000e+00
4.000000e+00	4.400000e+00	0.000000e+00	0.000000e+00	0.000000e+00
4.400000e+00	4.800000e+00	0.000000e+00	0.000000e+00	0.000000e+00
4.800000e+00	5.200000e+00	0.000000e+00	0.000000e+00	0.000000e+00
5.200000e+00	5.600000e+00	0.000000e+00	0.000000e+00	0.000000e+00
5.600000e+00	6.000000e+00	0.000000e+00	0.000000e+00	0.000000e+00
# END HISTOGRAM

