# BEGIN HISTOGRAM /res/oxford_combined_rw2/SHERPA_QCD4b/histo_D2_fj1_boost_C2
Path=/res/oxford_combined_rw2/SHERPA_QCD4b/histo_D2_fj1_boost_C2
Title=D2_fj1_boost_C2
# xlow	 xhigh	 val	 errminus	 errplus
0.000000e+00	1.666667e-02	4.441392e+01	2.532780e+01	2.532780e+01
1.666667e-02	3.333333e-02	2.942651e+01	2.067925e+01	2.067925e+01
3.333333e-02	5.000000e-02	4.459670e+01	2.532846e+01	2.532846e+01
5.000000e-02	6.666667e-02	3.701160e-01	2.585007e-01	2.585007e-01
6.666667e-02	8.333333e-02	5.904036e+01	2.924545e+01	2.924545e+01
8.333333e-02	1.000000e-01	1.535296e+01	1.462644e+01	1.462644e+01
1.000000e-01	1.166667e-01	4.404838e+01	2.532648e+01	2.532648e+01
1.166667e-01	1.333333e-01	3.125424e+01	2.075987e+01	2.075987e+01
1.333333e-01	1.500000e-01	4.441624e+01	2.532780e+01	2.532780e+01
1.500000e-01	1.666667e-01	4.425400e+01	2.532715e+01	2.532715e+01
1.666667e-01	1.833333e-01	4.405295e+01	2.532648e+01	2.532648e+01
1.833333e-01	2.000000e-01	7.384272e+01	3.269753e+01	3.269753e+01
2.000000e-01	2.166667e-01	1.462415e+01	1.462187e+01	1.462187e+01
2.166667e-01	2.333333e-01	4.423115e+01	2.532714e+01	2.532714e+01
2.333333e-01	2.500000e-01	3.015989e+01	2.068248e+01	2.068248e+01
2.500000e-01	2.666667e-01	2.943336e+01	2.067925e+01	2.067925e+01
2.666667e-01	2.833333e-01	2.997711e+01	2.068167e+01	2.068167e+01
2.833333e-01	3.000000e-01	5.885787e+01	2.924488e+01	2.924488e+01
3.000000e-01	3.166667e-01	2.997940e+01	2.068167e+01	2.068167e+01
3.166667e-01	3.333333e-01	6.106917e+01	2.930309e+01	2.930309e+01
3.333333e-01	3.500000e-01	2.012820e+00	1.836851e+00	1.836851e+00
3.500000e-01	3.666667e-01	4.386792e+01	2.532582e+01	2.532582e+01
3.666667e-01	3.833333e-01	2.195565e+00	1.845922e+00	1.845922e+00
3.833333e-01	4.000000e-01	1.850580e-01	1.827876e-01	1.827876e-01
4.000000e-01	4.166667e-01	1.498741e+01	1.462415e+01	1.462415e+01
4.166667e-01	4.333333e-01	3.125653e+01	2.075987e+01	2.075987e+01
4.333333e-01	4.500000e-01	4.441849e+01	2.532780e+01	2.532780e+01
4.500000e-01	4.666667e-01	1.663694e+01	1.473679e+01	1.473679e+01
4.666667e-01	4.833333e-01	4.569334e+01	2.539168e+01	2.539168e+01
4.833333e-01	5.000000e-01	0.000000e+00	0.000000e+00	0.000000e+00
5.000000e-01	5.166667e-01	3.034494e+01	2.068329e+01	2.068329e+01
5.166667e-01	5.333333e-01	5.506047e-01	3.165810e-01	3.165810e-01
5.333333e-01	5.500000e-01	1.501255e+01	1.462417e+01	1.462417e+01
5.500000e-01	5.666667e-01	4.460155e+01	2.532846e+01	2.532846e+01
5.666667e-01	5.833333e-01	1.499427e+01	1.462415e+01	1.462415e+01
5.833333e-01	6.000000e-01	4.624194e+01	2.539366e+01	2.539366e+01
6.000000e-01	6.166667e-01	4.423343e+01	2.532714e+01	2.532714e+01
6.166667e-01	6.333333e-01	2.979662e+01	2.068087e+01	2.068087e+01
6.333333e-01	6.500000e-01	2.979208e+01	2.068087e+01	2.068087e+01
6.500000e-01	6.666667e-01	1.517247e+01	1.462529e+01	1.462529e+01
6.666667e-01	6.833333e-01	3.034951e+01	2.068329e+01	2.068329e+01
6.833333e-01	7.000000e-01	3.018273e+01	2.068249e+01	2.068249e+01
7.000000e-01	7.166667e-01	4.459898e+01	2.532846e+01	2.532846e+01
7.166667e-01	7.333333e-01	3.678599e-01	2.584906e-01	2.584906e-01
7.333333e-01	7.500000e-01	7.348174e+01	3.269651e+01	3.269651e+01
7.500000e-01	7.666667e-01	5.531750e-01	3.165893e-01	3.165893e-01
7.666667e-01	7.833333e-01	4.569334e-03	3.231007e-03	3.231007e-03
7.833333e-01	8.000000e-01	3.162436e+01	2.076148e+01	2.076148e+01
8.000000e-01	8.166667e-01	2.588528e+00	1.864074e+00	1.864074e+00
8.166667e-01	8.333333e-01	7.368079e+01	3.269703e+01	3.269703e+01
8.333333e-01	8.500000e-01	1.480921e+01	1.462301e+01	1.462301e+01
8.500000e-01	8.666667e-01	1.499198e+01	1.462415e+01	1.462415e+01
8.666667e-01	8.833333e-01	2.979434e+01	2.068087e+01	2.068087e+01
8.833333e-01	9.000000e-01	3.034266e+01	2.068329e+01	2.068329e+01
9.000000e-01	9.166667e-01	4.423575e+01	2.532714e+01	2.532714e+01
9.166667e-01	9.333333e-01	4.423118e+01	2.532714e+01	2.532714e+01
9.333333e-01	9.500000e-01	1.517247e+01	1.462529e+01	1.462529e+01
9.500000e-01	9.666667e-01	1.517019e+01	1.462529e+01	1.462529e+01
9.666667e-01	9.833333e-01	2.378338e+00	1.854948e+00	1.854948e+00
9.833333e-01	1.000000e+00	2.943108e+01	2.067925e+01	2.067925e+01
# END HISTOGRAM

