# BEGIN HISTOGRAM /res/oxford_combined_rw2/SHERPA_QCD4b/histo_eta_smallR_inter_C1c
Path=/res/oxford_combined_rw2/SHERPA_QCD4b/histo_eta_smallR_inter_C1c
Title=eta_smallR_inter_C1c
# xlow	 xhigh	 val	 errminus	 errplus
-6.000000e+00	-5.600000e+00	0.000000e+00	0.000000e+00	0.000000e+00
-5.600000e+00	-5.200000e+00	0.000000e+00	0.000000e+00	0.000000e+00
-5.200000e+00	-4.800000e+00	0.000000e+00	0.000000e+00	0.000000e+00
-4.800000e+00	-4.400000e+00	0.000000e+00	0.000000e+00	0.000000e+00
-4.400000e+00	-4.000000e+00	0.000000e+00	0.000000e+00	0.000000e+00
-4.000000e+00	-3.600000e+00	0.000000e+00	0.000000e+00	0.000000e+00
-3.600000e+00	-3.200000e+00	0.000000e+00	0.000000e+00	0.000000e+00
-3.200000e+00	-2.800000e+00	0.000000e+00	0.000000e+00	0.000000e+00
-2.800000e+00	-2.400000e+00	1.494700e+03	4.718438e+01	4.718438e+01
-2.400000e+00	-2.000000e+00	8.179946e+03	1.103641e+02	1.103641e+02
-2.000000e+00	-1.600000e+00	1.116914e+04	1.289069e+02	1.289069e+02
-1.600000e+00	-1.200000e+00	1.426531e+04	1.456742e+02	1.456742e+02
-1.200000e+00	-8.000000e-01	1.687235e+04	1.584218e+02	1.584218e+02
-8.000000e-01	-4.000000e-01	1.857743e+04	1.662620e+02	1.662620e+02
-4.000000e-01	7.771561e-16	1.959036e+04	1.707328e+02	1.707328e+02
7.771561e-16	4.000000e-01	1.982487e+04	1.717239e+02	1.717239e+02
4.000000e-01	8.000000e-01	1.847367e+04	1.657649e+02	1.657649e+02
8.000000e-01	1.200000e+00	1.700949e+04	1.590654e+02	1.590654e+02
1.200000e+00	1.600000e+00	1.413565e+04	1.450498e+02	1.450498e+02
1.600000e+00	2.000000e+00	1.132243e+04	1.299849e+02	1.299849e+02
2.000000e+00	2.400000e+00	7.815340e+03	1.079644e+02	1.079644e+02
2.400000e+00	2.800000e+00	1.479976e+03	4.691840e+01	4.691840e+01
2.800000e+00	3.200000e+00	0.000000e+00	0.000000e+00	0.000000e+00
3.200000e+00	3.600000e+00	0.000000e+00	0.000000e+00	0.000000e+00
3.600000e+00	4.000000e+00	0.000000e+00	0.000000e+00	0.000000e+00
4.000000e+00	4.400000e+00	0.000000e+00	0.000000e+00	0.000000e+00
4.400000e+00	4.800000e+00	0.000000e+00	0.000000e+00	0.000000e+00
4.800000e+00	5.200000e+00	0.000000e+00	0.000000e+00	0.000000e+00
5.200000e+00	5.600000e+00	0.000000e+00	0.000000e+00	0.000000e+00
5.600000e+00	6.000000e+00	0.000000e+00	0.000000e+00	0.000000e+00
# END HISTOGRAM

