# BEGIN HISTOGRAM /res/oxford_combined_rw2/background/histo_dEta_HH_inter_C1d
Path=/res/oxford_combined_rw2/background/histo_dEta_HH_inter_C1d
Title=dEta_HH_inter_C1d
# xlow	 xhigh	 val	 errminus	 errplus
-2.500000e+00	-2.333333e+00	0.000000e+00	0.000000e+00	0.000000e+00
-2.333333e+00	-2.166667e+00	0.000000e+00	0.000000e+00	0.000000e+00
-2.166667e+00	-2.000000e+00	0.000000e+00	0.000000e+00	0.000000e+00
-2.000000e+00	-1.833333e+00	0.000000e+00	0.000000e+00	0.000000e+00
-1.833333e+00	-1.666667e+00	0.000000e+00	0.000000e+00	0.000000e+00
-1.666667e+00	-1.500000e+00	0.000000e+00	0.000000e+00	0.000000e+00
-1.500000e+00	-1.333333e+00	0.000000e+00	0.000000e+00	0.000000e+00
-1.333333e+00	-1.166667e+00	0.000000e+00	0.000000e+00	0.000000e+00
-1.166667e+00	-1.000000e+00	0.000000e+00	0.000000e+00	0.000000e+00
-1.000000e+00	-8.333333e-01	0.000000e+00	0.000000e+00	0.000000e+00
-8.333333e-01	-6.666667e-01	0.000000e+00	0.000000e+00	0.000000e+00
-6.666667e-01	-5.000000e-01	0.000000e+00	0.000000e+00	0.000000e+00
-5.000000e-01	-3.333333e-01	0.000000e+00	0.000000e+00	0.000000e+00
-3.333333e-01	-1.666667e-01	0.000000e+00	0.000000e+00	0.000000e+00
-1.666667e-01	-1.665335e-16	0.000000e+00	0.000000e+00	0.000000e+00
-1.665335e-16	1.666667e-01	2.141899e+07	4.375299e+05	4.375299e+05
1.666667e-01	3.333333e-01	2.229320e+07	4.474117e+05	4.474117e+05
3.333333e-01	5.000000e-01	2.299475e+07	4.549025e+05	4.549025e+05
5.000000e-01	6.666667e-01	2.233952e+07	4.486931e+05	4.486931e+05
6.666667e-01	8.333333e-01	2.324731e+07	4.605373e+05	4.605373e+05
8.333333e-01	1.000000e+00	2.155016e+07	4.489374e+05	4.489374e+05
1.000000e+00	1.166667e+00	2.107029e+07	4.347714e+05	4.347714e+05
1.166667e+00	1.333333e+00	2.093402e+07	4.393572e+05	4.393572e+05
1.333333e+00	1.500000e+00	2.058905e+07	4.376886e+05	4.376886e+05
1.500000e+00	1.666667e+00	1.877704e+07	4.101092e+05	4.101092e+05
1.666667e+00	1.833333e+00	1.795956e+07	4.054955e+05	4.054955e+05
1.833333e+00	2.000000e+00	1.662923e+07	3.933160e+05	3.933160e+05
2.000000e+00	2.166667e+00	1.543373e+07	3.732749e+05	3.732749e+05
2.166667e+00	2.333333e+00	1.327908e+07	3.524741e+05	3.524741e+05
2.333333e+00	2.500000e+00	1.266936e+07	3.385757e+05	3.385757e+05
# END HISTOGRAM

