# BEGIN HISTO2D /res/oxford_combined_rw2/histo_ptHptH_res_C1d
Path=/res/oxford_combined_rw2/histo_ptHptH_res_C1d
Title=ptHptH_res_C1d
# xlow	 xhigh	 ylow	 yhigh	 val	 errminus	 errplus
0.000000e+00	3.000000e+01	0.000000e+00	3.000000e+01	1.166778e+04	1.397185e+02	1.397185e+02
0.000000e+00	3.000000e+01	3.000000e+01	6.000000e+01	0.000000e+00	0.000000e+00	0.000000e+00
0.000000e+00	3.000000e+01	6.000000e+01	9.000000e+01	0.000000e+00	0.000000e+00	0.000000e+00
0.000000e+00	3.000000e+01	9.000000e+01	1.200000e+02	0.000000e+00	0.000000e+00	0.000000e+00
0.000000e+00	3.000000e+01	1.200000e+02	1.500000e+02	0.000000e+00	0.000000e+00	0.000000e+00
0.000000e+00	3.000000e+01	1.500000e+02	1.800000e+02	0.000000e+00	0.000000e+00	0.000000e+00
0.000000e+00	3.000000e+01	1.800000e+02	2.100000e+02	0.000000e+00	0.000000e+00	0.000000e+00
0.000000e+00	3.000000e+01	2.100000e+02	2.400000e+02	0.000000e+00	0.000000e+00	0.000000e+00
0.000000e+00	3.000000e+01	2.400000e+02	2.700000e+02	0.000000e+00	0.000000e+00	0.000000e+00
0.000000e+00	3.000000e+01	2.700000e+02	3.000000e+02	0.000000e+00	0.000000e+00	0.000000e+00
0.000000e+00	3.000000e+01	3.000000e+02	3.300000e+02	0.000000e+00	0.000000e+00	0.000000e+00
0.000000e+00	3.000000e+01	3.300000e+02	3.600000e+02	0.000000e+00	0.000000e+00	0.000000e+00
0.000000e+00	3.000000e+01	3.600000e+02	3.900000e+02	0.000000e+00	0.000000e+00	0.000000e+00
0.000000e+00	3.000000e+01	3.900000e+02	4.200000e+02	0.000000e+00	0.000000e+00	0.000000e+00
0.000000e+00	3.000000e+01	4.200000e+02	4.500000e+02	0.000000e+00	0.000000e+00	0.000000e+00
0.000000e+00	3.000000e+01	4.500000e+02	4.800000e+02	0.000000e+00	0.000000e+00	0.000000e+00
0.000000e+00	3.000000e+01	4.800000e+02	5.100000e+02	0.000000e+00	0.000000e+00	0.000000e+00
0.000000e+00	3.000000e+01	5.100000e+02	5.400000e+02	0.000000e+00	0.000000e+00	0.000000e+00
0.000000e+00	3.000000e+01	5.400000e+02	5.700000e+02	0.000000e+00	0.000000e+00	0.000000e+00
0.000000e+00	3.000000e+01	5.700000e+02	6.000000e+02	0.000000e+00	0.000000e+00	0.000000e+00
0.000000e+00	3.000000e+01	6.000000e+02	6.300000e+02	0.000000e+00	0.000000e+00	0.000000e+00
0.000000e+00	3.000000e+01	6.300000e+02	6.600000e+02	0.000000e+00	0.000000e+00	0.000000e+00
0.000000e+00	3.000000e+01	6.600000e+02	6.900000e+02	0.000000e+00	0.000000e+00	0.000000e+00
0.000000e+00	3.000000e+01	6.900000e+02	7.200000e+02	0.000000e+00	0.000000e+00	0.000000e+00
0.000000e+00	3.000000e+01	7.200000e+02	7.500000e+02	0.000000e+00	0.000000e+00	0.000000e+00
0.000000e+00	3.000000e+01	7.500000e+02	7.800000e+02	0.000000e+00	0.000000e+00	0.000000e+00
0.000000e+00	3.000000e+01	7.800000e+02	8.100000e+02	0.000000e+00	0.000000e+00	0.000000e+00
0.000000e+00	3.000000e+01	8.100000e+02	8.400000e+02	0.000000e+00	0.000000e+00	0.000000e+00
0.000000e+00	3.000000e+01	8.400000e+02	8.700000e+02	0.000000e+00	0.000000e+00	0.000000e+00
0.000000e+00	3.000000e+01	8.700000e+02	9.000000e+02	0.000000e+00	0.000000e+00	0.000000e+00
3.000000e+01	6.000000e+01	0.000000e+00	3.000000e+01	2.694264e+04	2.116011e+02	2.116011e+02
3.000000e+01	6.000000e+01	3.000000e+01	6.000000e+01	2.359906e+04	1.974699e+02	1.974699e+02
3.000000e+01	6.000000e+01	6.000000e+01	9.000000e+01	0.000000e+00	0.000000e+00	0.000000e+00
3.000000e+01	6.000000e+01	9.000000e+01	1.200000e+02	0.000000e+00	0.000000e+00	0.000000e+00
3.000000e+01	6.000000e+01	1.200000e+02	1.500000e+02	0.000000e+00	0.000000e+00	0.000000e+00
3.000000e+01	6.000000e+01	1.500000e+02	1.800000e+02	0.000000e+00	0.000000e+00	0.000000e+00
3.000000e+01	6.000000e+01	1.800000e+02	2.100000e+02	0.000000e+00	0.000000e+00	0.000000e+00
3.000000e+01	6.000000e+01	2.100000e+02	2.400000e+02	0.000000e+00	0.000000e+00	0.000000e+00
3.000000e+01	6.000000e+01	2.400000e+02	2.700000e+02	0.000000e+00	0.000000e+00	0.000000e+00
3.000000e+01	6.000000e+01	2.700000e+02	3.000000e+02	0.000000e+00	0.000000e+00	0.000000e+00
3.000000e+01	6.000000e+01	3.000000e+02	3.300000e+02	0.000000e+00	0.000000e+00	0.000000e+00
3.000000e+01	6.000000e+01	3.300000e+02	3.600000e+02	0.000000e+00	0.000000e+00	0.000000e+00
3.000000e+01	6.000000e+01	3.600000e+02	3.900000e+02	0.000000e+00	0.000000e+00	0.000000e+00
3.000000e+01	6.000000e+01	3.900000e+02	4.200000e+02	0.000000e+00	0.000000e+00	0.000000e+00
3.000000e+01	6.000000e+01	4.200000e+02	4.500000e+02	0.000000e+00	0.000000e+00	0.000000e+00
3.000000e+01	6.000000e+01	4.500000e+02	4.800000e+02	0.000000e+00	0.000000e+00	0.000000e+00
3.000000e+01	6.000000e+01	4.800000e+02	5.100000e+02	0.000000e+00	0.000000e+00	0.000000e+00
3.000000e+01	6.000000e+01	5.100000e+02	5.400000e+02	0.000000e+00	0.000000e+00	0.000000e+00
3.000000e+01	6.000000e+01	5.400000e+02	5.700000e+02	0.000000e+00	0.000000e+00	0.000000e+00
3.000000e+01	6.000000e+01	5.700000e+02	6.000000e+02	0.000000e+00	0.000000e+00	0.000000e+00
3.000000e+01	6.000000e+01	6.000000e+02	6.300000e+02	0.000000e+00	0.000000e+00	0.000000e+00
3.000000e+01	6.000000e+01	6.300000e+02	6.600000e+02	0.000000e+00	0.000000e+00	0.000000e+00
3.000000e+01	6.000000e+01	6.600000e+02	6.900000e+02	0.000000e+00	0.000000e+00	0.000000e+00
3.000000e+01	6.000000e+01	6.900000e+02	7.200000e+02	0.000000e+00	0.000000e+00	0.000000e+00
3.000000e+01	6.000000e+01	7.200000e+02	7.500000e+02	0.000000e+00	0.000000e+00	0.000000e+00
3.000000e+01	6.000000e+01	7.500000e+02	7.800000e+02	0.000000e+00	0.000000e+00	0.000000e+00
3.000000e+01	6.000000e+01	7.800000e+02	8.100000e+02	0.000000e+00	0.000000e+00	0.000000e+00
3.000000e+01	6.000000e+01	8.100000e+02	8.400000e+02	0.000000e+00	0.000000e+00	0.000000e+00
3.000000e+01	6.000000e+01	8.400000e+02	8.700000e+02	0.000000e+00	0.000000e+00	0.000000e+00
3.000000e+01	6.000000e+01	8.700000e+02	9.000000e+02	0.000000e+00	0.000000e+00	0.000000e+00
6.000000e+01	9.000000e+01	0.000000e+00	3.000000e+01	1.399374e+04	1.568174e+02	1.568174e+02
6.000000e+01	9.000000e+01	3.000000e+01	6.000000e+01	3.546630e+04	2.456074e+02	2.456074e+02
6.000000e+01	9.000000e+01	6.000000e+01	9.000000e+01	2.371399e+04	2.023960e+02	2.023960e+02
6.000000e+01	9.000000e+01	9.000000e+01	1.200000e+02	0.000000e+00	0.000000e+00	0.000000e+00
6.000000e+01	9.000000e+01	1.200000e+02	1.500000e+02	0.000000e+00	0.000000e+00	0.000000e+00
6.000000e+01	9.000000e+01	1.500000e+02	1.800000e+02	0.000000e+00	0.000000e+00	0.000000e+00
6.000000e+01	9.000000e+01	1.800000e+02	2.100000e+02	0.000000e+00	0.000000e+00	0.000000e+00
6.000000e+01	9.000000e+01	2.100000e+02	2.400000e+02	0.000000e+00	0.000000e+00	0.000000e+00
6.000000e+01	9.000000e+01	2.400000e+02	2.700000e+02	0.000000e+00	0.000000e+00	0.000000e+00
6.000000e+01	9.000000e+01	2.700000e+02	3.000000e+02	0.000000e+00	0.000000e+00	0.000000e+00
6.000000e+01	9.000000e+01	3.000000e+02	3.300000e+02	0.000000e+00	0.000000e+00	0.000000e+00
6.000000e+01	9.000000e+01	3.300000e+02	3.600000e+02	0.000000e+00	0.000000e+00	0.000000e+00
6.000000e+01	9.000000e+01	3.600000e+02	3.900000e+02	0.000000e+00	0.000000e+00	0.000000e+00
6.000000e+01	9.000000e+01	3.900000e+02	4.200000e+02	0.000000e+00	0.000000e+00	0.000000e+00
6.000000e+01	9.000000e+01	4.200000e+02	4.500000e+02	0.000000e+00	0.000000e+00	0.000000e+00
6.000000e+01	9.000000e+01	4.500000e+02	4.800000e+02	0.000000e+00	0.000000e+00	0.000000e+00
6.000000e+01	9.000000e+01	4.800000e+02	5.100000e+02	0.000000e+00	0.000000e+00	0.000000e+00
6.000000e+01	9.000000e+01	5.100000e+02	5.400000e+02	0.000000e+00	0.000000e+00	0.000000e+00
6.000000e+01	9.000000e+01	5.400000e+02	5.700000e+02	0.000000e+00	0.000000e+00	0.000000e+00
6.000000e+01	9.000000e+01	5.700000e+02	6.000000e+02	0.000000e+00	0.000000e+00	0.000000e+00
6.000000e+01	9.000000e+01	6.000000e+02	6.300000e+02	0.000000e+00	0.000000e+00	0.000000e+00
6.000000e+01	9.000000e+01	6.300000e+02	6.600000e+02	0.000000e+00	0.000000e+00	0.000000e+00
6.000000e+01	9.000000e+01	6.600000e+02	6.900000e+02	0.000000e+00	0.000000e+00	0.000000e+00
6.000000e+01	9.000000e+01	6.900000e+02	7.200000e+02	0.000000e+00	0.000000e+00	0.000000e+00
6.000000e+01	9.000000e+01	7.200000e+02	7.500000e+02	0.000000e+00	0.000000e+00	0.000000e+00
6.000000e+01	9.000000e+01	7.500000e+02	7.800000e+02	0.000000e+00	0.000000e+00	0.000000e+00
6.000000e+01	9.000000e+01	7.800000e+02	8.100000e+02	0.000000e+00	0.000000e+00	0.000000e+00
6.000000e+01	9.000000e+01	8.100000e+02	8.400000e+02	0.000000e+00	0.000000e+00	0.000000e+00
6.000000e+01	9.000000e+01	8.400000e+02	8.700000e+02	0.000000e+00	0.000000e+00	0.000000e+00
6.000000e+01	9.000000e+01	8.700000e+02	9.000000e+02	0.000000e+00	0.000000e+00	0.000000e+00
9.000000e+01	1.200000e+02	0.000000e+00	3.000000e+01	6.070967e+03	1.019805e+02	1.019805e+02
9.000000e+01	1.200000e+02	3.000000e+01	6.000000e+01	1.761424e+04	1.731437e+02	1.731437e+02
9.000000e+01	1.200000e+02	6.000000e+01	9.000000e+01	3.608141e+04	2.503467e+02	2.503467e+02
9.000000e+01	1.200000e+02	9.000000e+01	1.200000e+02	2.415072e+04	2.023263e+02	2.023263e+02
9.000000e+01	1.200000e+02	1.200000e+02	1.500000e+02	0.000000e+00	0.000000e+00	0.000000e+00
9.000000e+01	1.200000e+02	1.500000e+02	1.800000e+02	0.000000e+00	0.000000e+00	0.000000e+00
9.000000e+01	1.200000e+02	1.800000e+02	2.100000e+02	0.000000e+00	0.000000e+00	0.000000e+00
9.000000e+01	1.200000e+02	2.100000e+02	2.400000e+02	0.000000e+00	0.000000e+00	0.000000e+00
9.000000e+01	1.200000e+02	2.400000e+02	2.700000e+02	0.000000e+00	0.000000e+00	0.000000e+00
9.000000e+01	1.200000e+02	2.700000e+02	3.000000e+02	0.000000e+00	0.000000e+00	0.000000e+00
9.000000e+01	1.200000e+02	3.000000e+02	3.300000e+02	0.000000e+00	0.000000e+00	0.000000e+00
9.000000e+01	1.200000e+02	3.300000e+02	3.600000e+02	0.000000e+00	0.000000e+00	0.000000e+00
9.000000e+01	1.200000e+02	3.600000e+02	3.900000e+02	0.000000e+00	0.000000e+00	0.000000e+00
9.000000e+01	1.200000e+02	3.900000e+02	4.200000e+02	0.000000e+00	0.000000e+00	0.000000e+00
9.000000e+01	1.200000e+02	4.200000e+02	4.500000e+02	0.000000e+00	0.000000e+00	0.000000e+00
9.000000e+01	1.200000e+02	4.500000e+02	4.800000e+02	0.000000e+00	0.000000e+00	0.000000e+00
9.000000e+01	1.200000e+02	4.800000e+02	5.100000e+02	0.000000e+00	0.000000e+00	0.000000e+00
9.000000e+01	1.200000e+02	5.100000e+02	5.400000e+02	0.000000e+00	0.000000e+00	0.000000e+00
9.000000e+01	1.200000e+02	5.400000e+02	5.700000e+02	0.000000e+00	0.000000e+00	0.000000e+00
9.000000e+01	1.200000e+02	5.700000e+02	6.000000e+02	0.000000e+00	0.000000e+00	0.000000e+00
9.000000e+01	1.200000e+02	6.000000e+02	6.300000e+02	0.000000e+00	0.000000e+00	0.000000e+00
9.000000e+01	1.200000e+02	6.300000e+02	6.600000e+02	0.000000e+00	0.000000e+00	0.000000e+00
9.000000e+01	1.200000e+02	6.600000e+02	6.900000e+02	0.000000e+00	0.000000e+00	0.000000e+00
9.000000e+01	1.200000e+02	6.900000e+02	7.200000e+02	0.000000e+00	0.000000e+00	0.000000e+00
9.000000e+01	1.200000e+02	7.200000e+02	7.500000e+02	0.000000e+00	0.000000e+00	0.000000e+00
9.000000e+01	1.200000e+02	7.500000e+02	7.800000e+02	0.000000e+00	0.000000e+00	0.000000e+00
9.000000e+01	1.200000e+02	7.800000e+02	8.100000e+02	0.000000e+00	0.000000e+00	0.000000e+00
9.000000e+01	1.200000e+02	8.100000e+02	8.400000e+02	0.000000e+00	0.000000e+00	0.000000e+00
9.000000e+01	1.200000e+02	8.400000e+02	8.700000e+02	0.000000e+00	0.000000e+00	0.000000e+00
9.000000e+01	1.200000e+02	8.700000e+02	9.000000e+02	0.000000e+00	0.000000e+00	0.000000e+00
1.200000e+02	1.500000e+02	0.000000e+00	3.000000e+01	2.042083e+03	5.835739e+01	5.835739e+01
1.200000e+02	1.500000e+02	3.000000e+01	6.000000e+01	5.915443e+03	1.000887e+02	1.000887e+02
1.200000e+02	1.500000e+02	6.000000e+01	9.000000e+01	1.425806e+04	1.551694e+02	1.551694e+02
1.200000e+02	1.500000e+02	9.000000e+01	1.200000e+02	2.889420e+04	2.238212e+02	2.238212e+02
1.200000e+02	1.500000e+02	1.200000e+02	1.500000e+02	1.470324e+04	1.568937e+02	1.568937e+02
1.200000e+02	1.500000e+02	1.500000e+02	1.800000e+02	0.000000e+00	0.000000e+00	0.000000e+00
1.200000e+02	1.500000e+02	1.800000e+02	2.100000e+02	0.000000e+00	0.000000e+00	0.000000e+00
1.200000e+02	1.500000e+02	2.100000e+02	2.400000e+02	0.000000e+00	0.000000e+00	0.000000e+00
1.200000e+02	1.500000e+02	2.400000e+02	2.700000e+02	0.000000e+00	0.000000e+00	0.000000e+00
1.200000e+02	1.500000e+02	2.700000e+02	3.000000e+02	0.000000e+00	0.000000e+00	0.000000e+00
1.200000e+02	1.500000e+02	3.000000e+02	3.300000e+02	0.000000e+00	0.000000e+00	0.000000e+00
1.200000e+02	1.500000e+02	3.300000e+02	3.600000e+02	0.000000e+00	0.000000e+00	0.000000e+00
1.200000e+02	1.500000e+02	3.600000e+02	3.900000e+02	0.000000e+00	0.000000e+00	0.000000e+00
1.200000e+02	1.500000e+02	3.900000e+02	4.200000e+02	0.000000e+00	0.000000e+00	0.000000e+00
1.200000e+02	1.500000e+02	4.200000e+02	4.500000e+02	0.000000e+00	0.000000e+00	0.000000e+00
1.200000e+02	1.500000e+02	4.500000e+02	4.800000e+02	0.000000e+00	0.000000e+00	0.000000e+00
1.200000e+02	1.500000e+02	4.800000e+02	5.100000e+02	0.000000e+00	0.000000e+00	0.000000e+00
1.200000e+02	1.500000e+02	5.100000e+02	5.400000e+02	0.000000e+00	0.000000e+00	0.000000e+00
1.200000e+02	1.500000e+02	5.400000e+02	5.700000e+02	0.000000e+00	0.000000e+00	0.000000e+00
1.200000e+02	1.500000e+02	5.700000e+02	6.000000e+02	0.000000e+00	0.000000e+00	0.000000e+00
1.200000e+02	1.500000e+02	6.000000e+02	6.300000e+02	0.000000e+00	0.000000e+00	0.000000e+00
1.200000e+02	1.500000e+02	6.300000e+02	6.600000e+02	0.000000e+00	0.000000e+00	0.000000e+00
1.200000e+02	1.500000e+02	6.600000e+02	6.900000e+02	0.000000e+00	0.000000e+00	0.000000e+00
1.200000e+02	1.500000e+02	6.900000e+02	7.200000e+02	0.000000e+00	0.000000e+00	0.000000e+00
1.200000e+02	1.500000e+02	7.200000e+02	7.500000e+02	0.000000e+00	0.000000e+00	0.000000e+00
1.200000e+02	1.500000e+02	7.500000e+02	7.800000e+02	0.000000e+00	0.000000e+00	0.000000e+00
1.200000e+02	1.500000e+02	7.800000e+02	8.100000e+02	0.000000e+00	0.000000e+00	0.000000e+00
1.200000e+02	1.500000e+02	8.100000e+02	8.400000e+02	0.000000e+00	0.000000e+00	0.000000e+00
1.200000e+02	1.500000e+02	8.400000e+02	8.700000e+02	0.000000e+00	0.000000e+00	0.000000e+00
1.200000e+02	1.500000e+02	8.700000e+02	9.000000e+02	0.000000e+00	0.000000e+00	0.000000e+00
1.500000e+02	1.800000e+02	0.000000e+00	3.000000e+01	6.190366e+02	3.292884e+01	3.292884e+01
1.500000e+02	1.800000e+02	3.000000e+01	6.000000e+01	1.961591e+03	5.891425e+01	5.891425e+01
1.500000e+02	1.800000e+02	6.000000e+01	9.000000e+01	4.487856e+03	8.638654e+01	8.638654e+01
1.500000e+02	1.800000e+02	9.000000e+01	1.200000e+02	1.103336e+04	1.406006e+02	1.406006e+02
1.500000e+02	1.800000e+02	1.200000e+02	1.500000e+02	1.654524e+04	1.667041e+02	1.667041e+02
1.500000e+02	1.800000e+02	1.500000e+02	1.800000e+02	7.921787e+03	1.151527e+02	1.151527e+02
1.500000e+02	1.800000e+02	1.800000e+02	2.100000e+02	0.000000e+00	0.000000e+00	0.000000e+00
1.500000e+02	1.800000e+02	2.100000e+02	2.400000e+02	0.000000e+00	0.000000e+00	0.000000e+00
1.500000e+02	1.800000e+02	2.400000e+02	2.700000e+02	0.000000e+00	0.000000e+00	0.000000e+00
1.500000e+02	1.800000e+02	2.700000e+02	3.000000e+02	0.000000e+00	0.000000e+00	0.000000e+00
1.500000e+02	1.800000e+02	3.000000e+02	3.300000e+02	0.000000e+00	0.000000e+00	0.000000e+00
1.500000e+02	1.800000e+02	3.300000e+02	3.600000e+02	0.000000e+00	0.000000e+00	0.000000e+00
1.500000e+02	1.800000e+02	3.600000e+02	3.900000e+02	0.000000e+00	0.000000e+00	0.000000e+00
1.500000e+02	1.800000e+02	3.900000e+02	4.200000e+02	0.000000e+00	0.000000e+00	0.000000e+00
1.500000e+02	1.800000e+02	4.200000e+02	4.500000e+02	0.000000e+00	0.000000e+00	0.000000e+00
1.500000e+02	1.800000e+02	4.500000e+02	4.800000e+02	0.000000e+00	0.000000e+00	0.000000e+00
1.500000e+02	1.800000e+02	4.800000e+02	5.100000e+02	0.000000e+00	0.000000e+00	0.000000e+00
1.500000e+02	1.800000e+02	5.100000e+02	5.400000e+02	0.000000e+00	0.000000e+00	0.000000e+00
1.500000e+02	1.800000e+02	5.400000e+02	5.700000e+02	0.000000e+00	0.000000e+00	0.000000e+00
1.500000e+02	1.800000e+02	5.700000e+02	6.000000e+02	0.000000e+00	0.000000e+00	0.000000e+00
1.500000e+02	1.800000e+02	6.000000e+02	6.300000e+02	0.000000e+00	0.000000e+00	0.000000e+00
1.500000e+02	1.800000e+02	6.300000e+02	6.600000e+02	0.000000e+00	0.000000e+00	0.000000e+00
1.500000e+02	1.800000e+02	6.600000e+02	6.900000e+02	0.000000e+00	0.000000e+00	0.000000e+00
1.500000e+02	1.800000e+02	6.900000e+02	7.200000e+02	0.000000e+00	0.000000e+00	0.000000e+00
1.500000e+02	1.800000e+02	7.200000e+02	7.500000e+02	0.000000e+00	0.000000e+00	0.000000e+00
1.500000e+02	1.800000e+02	7.500000e+02	7.800000e+02	0.000000e+00	0.000000e+00	0.000000e+00
1.500000e+02	1.800000e+02	7.800000e+02	8.100000e+02	0.000000e+00	0.000000e+00	0.000000e+00
1.500000e+02	1.800000e+02	8.100000e+02	8.400000e+02	0.000000e+00	0.000000e+00	0.000000e+00
1.500000e+02	1.800000e+02	8.400000e+02	8.700000e+02	0.000000e+00	0.000000e+00	0.000000e+00
1.500000e+02	1.800000e+02	8.700000e+02	9.000000e+02	0.000000e+00	0.000000e+00	0.000000e+00
1.800000e+02	2.100000e+02	0.000000e+00	3.000000e+01	2.200966e+02	1.932147e+01	1.932147e+01
1.800000e+02	2.100000e+02	3.000000e+01	6.000000e+01	6.794967e+02	3.370735e+01	3.370735e+01
1.800000e+02	2.100000e+02	6.000000e+01	9.000000e+01	1.435251e+03	4.906853e+01	4.906853e+01
1.800000e+02	2.100000e+02	9.000000e+01	1.200000e+02	3.408731e+03	7.577074e+01	7.577074e+01
1.800000e+02	2.100000e+02	1.200000e+02	1.500000e+02	6.484180e+03	1.107015e+02	1.107015e+02
1.800000e+02	2.100000e+02	1.500000e+02	1.800000e+02	9.006971e+03	1.222016e+02	1.222016e+02
1.800000e+02	2.100000e+02	1.800000e+02	2.100000e+02	4.359303e+03	8.503396e+01	8.503396e+01
1.800000e+02	2.100000e+02	2.100000e+02	2.400000e+02	0.000000e+00	0.000000e+00	0.000000e+00
1.800000e+02	2.100000e+02	2.400000e+02	2.700000e+02	0.000000e+00	0.000000e+00	0.000000e+00
1.800000e+02	2.100000e+02	2.700000e+02	3.000000e+02	0.000000e+00	0.000000e+00	0.000000e+00
1.800000e+02	2.100000e+02	3.000000e+02	3.300000e+02	0.000000e+00	0.000000e+00	0.000000e+00
1.800000e+02	2.100000e+02	3.300000e+02	3.600000e+02	0.000000e+00	0.000000e+00	0.000000e+00
1.800000e+02	2.100000e+02	3.600000e+02	3.900000e+02	0.000000e+00	0.000000e+00	0.000000e+00
1.800000e+02	2.100000e+02	3.900000e+02	4.200000e+02	0.000000e+00	0.000000e+00	0.000000e+00
1.800000e+02	2.100000e+02	4.200000e+02	4.500000e+02	0.000000e+00	0.000000e+00	0.000000e+00
1.800000e+02	2.100000e+02	4.500000e+02	4.800000e+02	0.000000e+00	0.000000e+00	0.000000e+00
1.800000e+02	2.100000e+02	4.800000e+02	5.100000e+02	0.000000e+00	0.000000e+00	0.000000e+00
1.800000e+02	2.100000e+02	5.100000e+02	5.400000e+02	0.000000e+00	0.000000e+00	0.000000e+00
1.800000e+02	2.100000e+02	5.400000e+02	5.700000e+02	0.000000e+00	0.000000e+00	0.000000e+00
1.800000e+02	2.100000e+02	5.700000e+02	6.000000e+02	0.000000e+00	0.000000e+00	0.000000e+00
1.800000e+02	2.100000e+02	6.000000e+02	6.300000e+02	0.000000e+00	0.000000e+00	0.000000e+00
1.800000e+02	2.100000e+02	6.300000e+02	6.600000e+02	0.000000e+00	0.000000e+00	0.000000e+00
1.800000e+02	2.100000e+02	6.600000e+02	6.900000e+02	0.000000e+00	0.000000e+00	0.000000e+00
1.800000e+02	2.100000e+02	6.900000e+02	7.200000e+02	0.000000e+00	0.000000e+00	0.000000e+00
1.800000e+02	2.100000e+02	7.200000e+02	7.500000e+02	0.000000e+00	0.000000e+00	0.000000e+00
1.800000e+02	2.100000e+02	7.500000e+02	7.800000e+02	0.000000e+00	0.000000e+00	0.000000e+00
1.800000e+02	2.100000e+02	7.800000e+02	8.100000e+02	0.000000e+00	0.000000e+00	0.000000e+00
1.800000e+02	2.100000e+02	8.100000e+02	8.400000e+02	0.000000e+00	0.000000e+00	0.000000e+00
1.800000e+02	2.100000e+02	8.400000e+02	8.700000e+02	0.000000e+00	0.000000e+00	0.000000e+00
1.800000e+02	2.100000e+02	8.700000e+02	9.000000e+02	0.000000e+00	0.000000e+00	0.000000e+00
2.100000e+02	2.400000e+02	0.000000e+00	3.000000e+01	1.250329e+02	1.950896e+01	1.950896e+01
2.100000e+02	2.400000e+02	3.000000e+01	6.000000e+01	2.703441e+02	2.243429e+01	2.243429e+01
2.100000e+02	2.400000e+02	6.000000e+01	9.000000e+01	5.557688e+02	3.392733e+01	3.392733e+01
2.100000e+02	2.400000e+02	9.000000e+01	1.200000e+02	1.209311e+03	4.542286e+01	4.542286e+01
2.100000e+02	2.400000e+02	1.200000e+02	1.500000e+02	2.327174e+03	6.375853e+01	6.375853e+01
2.100000e+02	2.400000e+02	1.500000e+02	1.800000e+02	3.810132e+03	8.072830e+01	8.072830e+01
2.100000e+02	2.400000e+02	1.800000e+02	2.100000e+02	5.379439e+03	9.597678e+01	9.597678e+01
2.100000e+02	2.400000e+02	2.100000e+02	2.400000e+02	2.449619e+03	6.364815e+01	6.364815e+01
2.100000e+02	2.400000e+02	2.400000e+02	2.700000e+02	0.000000e+00	0.000000e+00	0.000000e+00
2.100000e+02	2.400000e+02	2.700000e+02	3.000000e+02	0.000000e+00	0.000000e+00	0.000000e+00
2.100000e+02	2.400000e+02	3.000000e+02	3.300000e+02	0.000000e+00	0.000000e+00	0.000000e+00
2.100000e+02	2.400000e+02	3.300000e+02	3.600000e+02	0.000000e+00	0.000000e+00	0.000000e+00
2.100000e+02	2.400000e+02	3.600000e+02	3.900000e+02	0.000000e+00	0.000000e+00	0.000000e+00
2.100000e+02	2.400000e+02	3.900000e+02	4.200000e+02	0.000000e+00	0.000000e+00	0.000000e+00
2.100000e+02	2.400000e+02	4.200000e+02	4.500000e+02	0.000000e+00	0.000000e+00	0.000000e+00
2.100000e+02	2.400000e+02	4.500000e+02	4.800000e+02	0.000000e+00	0.000000e+00	0.000000e+00
2.100000e+02	2.400000e+02	4.800000e+02	5.100000e+02	0.000000e+00	0.000000e+00	0.000000e+00
2.100000e+02	2.400000e+02	5.100000e+02	5.400000e+02	0.000000e+00	0.000000e+00	0.000000e+00
2.100000e+02	2.400000e+02	5.400000e+02	5.700000e+02	0.000000e+00	0.000000e+00	0.000000e+00
2.100000e+02	2.400000e+02	5.700000e+02	6.000000e+02	0.000000e+00	0.000000e+00	0.000000e+00
2.100000e+02	2.400000e+02	6.000000e+02	6.300000e+02	0.000000e+00	0.000000e+00	0.000000e+00
2.100000e+02	2.400000e+02	6.300000e+02	6.600000e+02	0.000000e+00	0.000000e+00	0.000000e+00
2.100000e+02	2.400000e+02	6.600000e+02	6.900000e+02	0.000000e+00	0.000000e+00	0.000000e+00
2.100000e+02	2.400000e+02	6.900000e+02	7.200000e+02	0.000000e+00	0.000000e+00	0.000000e+00
2.100000e+02	2.400000e+02	7.200000e+02	7.500000e+02	0.000000e+00	0.000000e+00	0.000000e+00
2.100000e+02	2.400000e+02	7.500000e+02	7.800000e+02	0.000000e+00	0.000000e+00	0.000000e+00
2.100000e+02	2.400000e+02	7.800000e+02	8.100000e+02	0.000000e+00	0.000000e+00	0.000000e+00
2.100000e+02	2.400000e+02	8.100000e+02	8.400000e+02	0.000000e+00	0.000000e+00	0.000000e+00
2.100000e+02	2.400000e+02	8.400000e+02	8.700000e+02	0.000000e+00	0.000000e+00	0.000000e+00
2.100000e+02	2.400000e+02	8.700000e+02	9.000000e+02	0.000000e+00	0.000000e+00	0.000000e+00
2.400000e+02	2.700000e+02	0.000000e+00	3.000000e+01	3.113064e+01	7.074705e+00	7.074705e+00
2.400000e+02	2.700000e+02	3.000000e+01	6.000000e+01	1.175418e+02	1.401596e+01	1.401596e+01
2.400000e+02	2.700000e+02	6.000000e+01	9.000000e+01	2.174653e+02	1.920897e+01	1.920897e+01
2.400000e+02	2.700000e+02	9.000000e+01	1.200000e+02	4.397221e+02	2.747966e+01	2.747966e+01
2.400000e+02	2.700000e+02	1.200000e+02	1.500000e+02	7.665149e+02	3.563706e+01	3.563706e+01
2.400000e+02	2.700000e+02	1.500000e+02	1.800000e+02	1.485378e+03	5.175301e+01	5.175301e+01
2.400000e+02	2.700000e+02	1.800000e+02	2.100000e+02	2.177442e+03	6.007141e+01	6.007141e+01
2.400000e+02	2.700000e+02	2.100000e+02	2.400000e+02	3.147328e+03	7.239089e+01	7.239089e+01
2.400000e+02	2.700000e+02	2.400000e+02	2.700000e+02	1.430689e+03	4.862213e+01	4.862213e+01
2.400000e+02	2.700000e+02	2.700000e+02	3.000000e+02	0.000000e+00	0.000000e+00	0.000000e+00
2.400000e+02	2.700000e+02	3.000000e+02	3.300000e+02	0.000000e+00	0.000000e+00	0.000000e+00
2.400000e+02	2.700000e+02	3.300000e+02	3.600000e+02	0.000000e+00	0.000000e+00	0.000000e+00
2.400000e+02	2.700000e+02	3.600000e+02	3.900000e+02	0.000000e+00	0.000000e+00	0.000000e+00
2.400000e+02	2.700000e+02	3.900000e+02	4.200000e+02	0.000000e+00	0.000000e+00	0.000000e+00
2.400000e+02	2.700000e+02	4.200000e+02	4.500000e+02	0.000000e+00	0.000000e+00	0.000000e+00
2.400000e+02	2.700000e+02	4.500000e+02	4.800000e+02	0.000000e+00	0.000000e+00	0.000000e+00
2.400000e+02	2.700000e+02	4.800000e+02	5.100000e+02	0.000000e+00	0.000000e+00	0.000000e+00
2.400000e+02	2.700000e+02	5.100000e+02	5.400000e+02	0.000000e+00	0.000000e+00	0.000000e+00
2.400000e+02	2.700000e+02	5.400000e+02	5.700000e+02	0.000000e+00	0.000000e+00	0.000000e+00
2.400000e+02	2.700000e+02	5.700000e+02	6.000000e+02	0.000000e+00	0.000000e+00	0.000000e+00
2.400000e+02	2.700000e+02	6.000000e+02	6.300000e+02	0.000000e+00	0.000000e+00	0.000000e+00
2.400000e+02	2.700000e+02	6.300000e+02	6.600000e+02	0.000000e+00	0.000000e+00	0.000000e+00
2.400000e+02	2.700000e+02	6.600000e+02	6.900000e+02	0.000000e+00	0.000000e+00	0.000000e+00
2.400000e+02	2.700000e+02	6.900000e+02	7.200000e+02	0.000000e+00	0.000000e+00	0.000000e+00
2.400000e+02	2.700000e+02	7.200000e+02	7.500000e+02	0.000000e+00	0.000000e+00	0.000000e+00
2.400000e+02	2.700000e+02	7.500000e+02	7.800000e+02	0.000000e+00	0.000000e+00	0.000000e+00
2.400000e+02	2.700000e+02	7.800000e+02	8.100000e+02	0.000000e+00	0.000000e+00	0.000000e+00
2.400000e+02	2.700000e+02	8.100000e+02	8.400000e+02	0.000000e+00	0.000000e+00	0.000000e+00
2.400000e+02	2.700000e+02	8.400000e+02	8.700000e+02	0.000000e+00	0.000000e+00	0.000000e+00
2.400000e+02	2.700000e+02	8.700000e+02	9.000000e+02	0.000000e+00	0.000000e+00	0.000000e+00
2.700000e+02	3.000000e+02	0.000000e+00	3.000000e+01	1.665113e+01	5.306062e+00	5.306062e+00
2.700000e+02	3.000000e+02	3.000000e+01	6.000000e+01	5.859599e+01	9.847356e+00	9.847356e+00
2.700000e+02	3.000000e+02	6.000000e+01	9.000000e+01	1.087840e+02	1.405718e+01	1.405718e+01
2.700000e+02	3.000000e+02	9.000000e+01	1.200000e+02	2.029343e+02	1.949212e+01	1.949212e+01
2.700000e+02	3.000000e+02	1.200000e+02	1.500000e+02	3.217376e+02	2.409180e+01	2.409180e+01
2.700000e+02	3.000000e+02	1.500000e+02	1.800000e+02	5.328314e+02	3.191336e+01	3.191336e+01
2.700000e+02	3.000000e+02	1.800000e+02	2.100000e+02	9.390928e+02	4.163070e+01	4.163070e+01
2.700000e+02	3.000000e+02	2.100000e+02	2.400000e+02	1.356869e+03	4.737691e+01	4.737691e+01
2.700000e+02	3.000000e+02	2.400000e+02	2.700000e+02	1.943776e+03	5.748707e+01	5.748707e+01
2.700000e+02	3.000000e+02	2.700000e+02	3.000000e+02	9.619247e+02	4.004809e+01	4.004809e+01
2.700000e+02	3.000000e+02	3.000000e+02	3.300000e+02	0.000000e+00	0.000000e+00	0.000000e+00
2.700000e+02	3.000000e+02	3.300000e+02	3.600000e+02	0.000000e+00	0.000000e+00	0.000000e+00
2.700000e+02	3.000000e+02	3.600000e+02	3.900000e+02	0.000000e+00	0.000000e+00	0.000000e+00
2.700000e+02	3.000000e+02	3.900000e+02	4.200000e+02	0.000000e+00	0.000000e+00	0.000000e+00
2.700000e+02	3.000000e+02	4.200000e+02	4.500000e+02	0.000000e+00	0.000000e+00	0.000000e+00
2.700000e+02	3.000000e+02	4.500000e+02	4.800000e+02	0.000000e+00	0.000000e+00	0.000000e+00
2.700000e+02	3.000000e+02	4.800000e+02	5.100000e+02	0.000000e+00	0.000000e+00	0.000000e+00
2.700000e+02	3.000000e+02	5.100000e+02	5.400000e+02	0.000000e+00	0.000000e+00	0.000000e+00
2.700000e+02	3.000000e+02	5.400000e+02	5.700000e+02	0.000000e+00	0.000000e+00	0.000000e+00
2.700000e+02	3.000000e+02	5.700000e+02	6.000000e+02	0.000000e+00	0.000000e+00	0.000000e+00
2.700000e+02	3.000000e+02	6.000000e+02	6.300000e+02	0.000000e+00	0.000000e+00	0.000000e+00
2.700000e+02	3.000000e+02	6.300000e+02	6.600000e+02	0.000000e+00	0.000000e+00	0.000000e+00
2.700000e+02	3.000000e+02	6.600000e+02	6.900000e+02	0.000000e+00	0.000000e+00	0.000000e+00
2.700000e+02	3.000000e+02	6.900000e+02	7.200000e+02	0.000000e+00	0.000000e+00	0.000000e+00
2.700000e+02	3.000000e+02	7.200000e+02	7.500000e+02	0.000000e+00	0.000000e+00	0.000000e+00
2.700000e+02	3.000000e+02	7.500000e+02	7.800000e+02	0.000000e+00	0.000000e+00	0.000000e+00
2.700000e+02	3.000000e+02	7.800000e+02	8.100000e+02	0.000000e+00	0.000000e+00	0.000000e+00
2.700000e+02	3.000000e+02	8.100000e+02	8.400000e+02	0.000000e+00	0.000000e+00	0.000000e+00
2.700000e+02	3.000000e+02	8.400000e+02	8.700000e+02	0.000000e+00	0.000000e+00	0.000000e+00
2.700000e+02	3.000000e+02	8.700000e+02	9.000000e+02	0.000000e+00	0.000000e+00	0.000000e+00
3.000000e+02	3.300000e+02	0.000000e+00	3.000000e+01	1.599221e+01	5.288075e+00	5.288075e+00
3.000000e+02	3.300000e+02	3.000000e+01	6.000000e+01	4.174226e+01	8.527803e+00	8.527803e+00
3.000000e+02	3.300000e+02	6.000000e+01	9.000000e+01	3.927204e+01	8.204634e+00	8.204634e+00
3.000000e+02	3.300000e+02	9.000000e+01	1.200000e+02	7.363079e+01	1.154096e+01	1.154096e+01
3.000000e+02	3.300000e+02	1.200000e+02	1.500000e+02	1.317809e+02	1.477915e+01	1.477915e+01
3.000000e+02	3.300000e+02	1.500000e+02	1.800000e+02	2.014760e+02	1.835105e+01	1.835105e+01
3.000000e+02	3.300000e+02	1.800000e+02	2.100000e+02	3.214548e+02	2.315555e+01	2.315555e+01
3.000000e+02	3.300000e+02	2.100000e+02	2.400000e+02	5.687410e+02	3.085322e+01	3.085322e+01
3.000000e+02	3.300000e+02	2.400000e+02	2.700000e+02	7.889803e+02	3.623745e+01	3.623745e+01
3.000000e+02	3.300000e+02	2.700000e+02	3.000000e+02	1.137446e+03	4.358504e+01	4.358504e+01
3.000000e+02	3.300000e+02	3.000000e+02	3.300000e+02	5.616198e+02	3.049465e+01	3.049465e+01
3.000000e+02	3.300000e+02	3.300000e+02	3.600000e+02	0.000000e+00	0.000000e+00	0.000000e+00
3.000000e+02	3.300000e+02	3.600000e+02	3.900000e+02	0.000000e+00	0.000000e+00	0.000000e+00
3.000000e+02	3.300000e+02	3.900000e+02	4.200000e+02	0.000000e+00	0.000000e+00	0.000000e+00
3.000000e+02	3.300000e+02	4.200000e+02	4.500000e+02	0.000000e+00	0.000000e+00	0.000000e+00
3.000000e+02	3.300000e+02	4.500000e+02	4.800000e+02	0.000000e+00	0.000000e+00	0.000000e+00
3.000000e+02	3.300000e+02	4.800000e+02	5.100000e+02	0.000000e+00	0.000000e+00	0.000000e+00
3.000000e+02	3.300000e+02	5.100000e+02	5.400000e+02	0.000000e+00	0.000000e+00	0.000000e+00
3.000000e+02	3.300000e+02	5.400000e+02	5.700000e+02	0.000000e+00	0.000000e+00	0.000000e+00
3.000000e+02	3.300000e+02	5.700000e+02	6.000000e+02	0.000000e+00	0.000000e+00	0.000000e+00
3.000000e+02	3.300000e+02	6.000000e+02	6.300000e+02	0.000000e+00	0.000000e+00	0.000000e+00
3.000000e+02	3.300000e+02	6.300000e+02	6.600000e+02	0.000000e+00	0.000000e+00	0.000000e+00
3.000000e+02	3.300000e+02	6.600000e+02	6.900000e+02	0.000000e+00	0.000000e+00	0.000000e+00
3.000000e+02	3.300000e+02	6.900000e+02	7.200000e+02	0.000000e+00	0.000000e+00	0.000000e+00
3.000000e+02	3.300000e+02	7.200000e+02	7.500000e+02	0.000000e+00	0.000000e+00	0.000000e+00
3.000000e+02	3.300000e+02	7.500000e+02	7.800000e+02	0.000000e+00	0.000000e+00	0.000000e+00
3.000000e+02	3.300000e+02	7.800000e+02	8.100000e+02	0.000000e+00	0.000000e+00	0.000000e+00
3.000000e+02	3.300000e+02	8.100000e+02	8.400000e+02	0.000000e+00	0.000000e+00	0.000000e+00
3.000000e+02	3.300000e+02	8.400000e+02	8.700000e+02	0.000000e+00	0.000000e+00	0.000000e+00
3.000000e+02	3.300000e+02	8.700000e+02	9.000000e+02	0.000000e+00	0.000000e+00	0.000000e+00
3.300000e+02	3.600000e+02	0.000000e+00	3.000000e+01	1.271844e+01	4.667438e+00	4.667438e+00
3.300000e+02	3.600000e+02	3.000000e+01	6.000000e+01	1.108575e+01	4.323840e+00	4.323840e+00
3.300000e+02	3.600000e+02	6.000000e+01	9.000000e+01	1.851999e+01	5.582530e+00	5.582530e+00
3.300000e+02	3.600000e+02	9.000000e+01	1.200000e+02	3.515017e+01	7.694677e+00	7.694677e+00
3.300000e+02	3.600000e+02	1.200000e+02	1.500000e+02	6.814018e+01	1.073606e+01	1.073606e+01
3.300000e+02	3.600000e+02	1.500000e+02	1.800000e+02	7.333662e+01	1.103090e+01	1.103090e+01
3.300000e+02	3.600000e+02	1.800000e+02	2.100000e+02	1.367144e+02	1.499364e+01	1.499364e+01
3.300000e+02	3.600000e+02	2.100000e+02	2.400000e+02	2.363034e+02	1.989811e+01	1.989811e+01
3.300000e+02	3.600000e+02	2.400000e+02	2.700000e+02	3.750841e+02	2.615735e+01	2.615735e+01
3.300000e+02	3.600000e+02	2.700000e+02	3.000000e+02	5.649128e+02	3.059579e+01	3.059579e+01
3.300000e+02	3.600000e+02	3.000000e+02	3.300000e+02	7.446170e+02	3.516108e+01	3.516108e+01
3.300000e+02	3.600000e+02	3.300000e+02	3.600000e+02	3.405918e+02	2.384298e+01	2.384298e+01
3.300000e+02	3.600000e+02	3.600000e+02	3.900000e+02	0.000000e+00	0.000000e+00	0.000000e+00
3.300000e+02	3.600000e+02	3.900000e+02	4.200000e+02	0.000000e+00	0.000000e+00	0.000000e+00
3.300000e+02	3.600000e+02	4.200000e+02	4.500000e+02	0.000000e+00	0.000000e+00	0.000000e+00
3.300000e+02	3.600000e+02	4.500000e+02	4.800000e+02	0.000000e+00	0.000000e+00	0.000000e+00
3.300000e+02	3.600000e+02	4.800000e+02	5.100000e+02	0.000000e+00	0.000000e+00	0.000000e+00
3.300000e+02	3.600000e+02	5.100000e+02	5.400000e+02	0.000000e+00	0.000000e+00	0.000000e+00
3.300000e+02	3.600000e+02	5.400000e+02	5.700000e+02	0.000000e+00	0.000000e+00	0.000000e+00
3.300000e+02	3.600000e+02	5.700000e+02	6.000000e+02	0.000000e+00	0.000000e+00	0.000000e+00
3.300000e+02	3.600000e+02	6.000000e+02	6.300000e+02	0.000000e+00	0.000000e+00	0.000000e+00
3.300000e+02	3.600000e+02	6.300000e+02	6.600000e+02	0.000000e+00	0.000000e+00	0.000000e+00
3.300000e+02	3.600000e+02	6.600000e+02	6.900000e+02	0.000000e+00	0.000000e+00	0.000000e+00
3.300000e+02	3.600000e+02	6.900000e+02	7.200000e+02	0.000000e+00	0.000000e+00	0.000000e+00
3.300000e+02	3.600000e+02	7.200000e+02	7.500000e+02	0.000000e+00	0.000000e+00	0.000000e+00
3.300000e+02	3.600000e+02	7.500000e+02	7.800000e+02	0.000000e+00	0.000000e+00	0.000000e+00
3.300000e+02	3.600000e+02	7.800000e+02	8.100000e+02	0.000000e+00	0.000000e+00	0.000000e+00
3.300000e+02	3.600000e+02	8.100000e+02	8.400000e+02	0.000000e+00	0.000000e+00	0.000000e+00
3.300000e+02	3.600000e+02	8.400000e+02	8.700000e+02	0.000000e+00	0.000000e+00	0.000000e+00
3.300000e+02	3.600000e+02	8.700000e+02	9.000000e+02	0.000000e+00	0.000000e+00	0.000000e+00
3.600000e+02	3.900000e+02	0.000000e+00	3.000000e+01	2.532370e-01	1.785131e-01	1.785131e-01
3.600000e+02	3.900000e+02	3.000000e+01	6.000000e+01	7.305270e+00	3.528897e+00	3.528897e+00
3.600000e+02	3.900000e+02	6.000000e+01	9.000000e+01	1.323982e+01	4.674714e+00	4.674714e+00
3.600000e+02	3.900000e+02	9.000000e+01	1.200000e+02	8.856962e+00	3.562420e+00	3.562420e+00
3.600000e+02	3.900000e+02	1.200000e+02	1.500000e+02	4.093050e+01	8.281770e+00	8.281770e+00
3.600000e+02	3.900000e+02	1.500000e+02	1.800000e+02	4.965688e+01	9.176486e+00	9.176486e+00
3.600000e+02	3.900000e+02	1.800000e+02	2.100000e+02	5.971338e+01	9.989205e+00	9.989205e+00
3.600000e+02	3.900000e+02	2.100000e+02	2.400000e+02	7.485829e+01	1.238855e+01	1.238855e+01
3.600000e+02	3.900000e+02	2.400000e+02	2.700000e+02	1.650459e+02	1.665510e+01	1.665510e+01
3.600000e+02	3.900000e+02	2.700000e+02	3.000000e+02	2.263683e+02	1.952701e+01	1.952701e+01
3.600000e+02	3.900000e+02	3.000000e+02	3.300000e+02	3.518492e+02	2.421462e+01	2.421462e+01
3.600000e+02	3.900000e+02	3.300000e+02	3.600000e+02	5.133111e+02	2.928014e+01	2.928014e+01
3.600000e+02	3.900000e+02	3.600000e+02	3.900000e+02	1.999876e+02	1.808832e+01	1.808832e+01
3.600000e+02	3.900000e+02	3.900000e+02	4.200000e+02	0.000000e+00	0.000000e+00	0.000000e+00
3.600000e+02	3.900000e+02	4.200000e+02	4.500000e+02	0.000000e+00	0.000000e+00	0.000000e+00
3.600000e+02	3.900000e+02	4.500000e+02	4.800000e+02	0.000000e+00	0.000000e+00	0.000000e+00
3.600000e+02	3.900000e+02	4.800000e+02	5.100000e+02	0.000000e+00	0.000000e+00	0.000000e+00
3.600000e+02	3.900000e+02	5.100000e+02	5.400000e+02	0.000000e+00	0.000000e+00	0.000000e+00
3.600000e+02	3.900000e+02	5.400000e+02	5.700000e+02	0.000000e+00	0.000000e+00	0.000000e+00
3.600000e+02	3.900000e+02	5.700000e+02	6.000000e+02	0.000000e+00	0.000000e+00	0.000000e+00
3.600000e+02	3.900000e+02	6.000000e+02	6.300000e+02	0.000000e+00	0.000000e+00	0.000000e+00
3.600000e+02	3.900000e+02	6.300000e+02	6.600000e+02	0.000000e+00	0.000000e+00	0.000000e+00
3.600000e+02	3.900000e+02	6.600000e+02	6.900000e+02	0.000000e+00	0.000000e+00	0.000000e+00
3.600000e+02	3.900000e+02	6.900000e+02	7.200000e+02	0.000000e+00	0.000000e+00	0.000000e+00
3.600000e+02	3.900000e+02	7.200000e+02	7.500000e+02	0.000000e+00	0.000000e+00	0.000000e+00
3.600000e+02	3.900000e+02	7.500000e+02	7.800000e+02	0.000000e+00	0.000000e+00	0.000000e+00
3.600000e+02	3.900000e+02	7.800000e+02	8.100000e+02	0.000000e+00	0.000000e+00	0.000000e+00
3.600000e+02	3.900000e+02	8.100000e+02	8.400000e+02	0.000000e+00	0.000000e+00	0.000000e+00
3.600000e+02	3.900000e+02	8.400000e+02	8.700000e+02	0.000000e+00	0.000000e+00	0.000000e+00
3.600000e+02	3.900000e+02	8.700000e+02	9.000000e+02	0.000000e+00	0.000000e+00	0.000000e+00
3.900000e+02	4.200000e+02	0.000000e+00	3.000000e+01	3.525299e+00	2.492112e+00	2.492112e+00
3.900000e+02	4.200000e+02	3.000000e+01	6.000000e+01	1.889068e+00	1.766704e+00	1.766704e+00
3.900000e+02	4.200000e+02	6.000000e+01	9.000000e+01	4.032294e+00	2.504867e+00	2.504867e+00
3.900000e+02	4.200000e+02	9.000000e+01	1.200000e+02	9.196311e+00	3.946436e+00	3.946436e+00
3.900000e+02	4.200000e+02	1.200000e+02	1.500000e+02	1.205790e+01	4.802632e+00	4.802632e+00
3.900000e+02	4.200000e+02	1.500000e+02	1.800000e+02	1.927539e+01	5.591086e+00	5.591086e+00
3.900000e+02	4.200000e+02	1.800000e+02	2.100000e+02	2.816119e+01	7.092349e+00	7.092349e+00
3.900000e+02	4.200000e+02	2.100000e+02	2.400000e+02	3.616400e+01	7.702955e+00	7.702955e+00
3.900000e+02	4.200000e+02	2.400000e+02	2.700000e+02	7.079428e+01	1.101645e+01	1.101645e+01
3.900000e+02	4.200000e+02	2.700000e+02	3.000000e+02	9.414449e+01	1.270456e+01	1.270456e+01
3.900000e+02	4.200000e+02	3.000000e+02	3.300000e+02	1.572711e+02	1.600715e+01	1.600715e+01
3.900000e+02	4.200000e+02	3.300000e+02	3.600000e+02	2.563409e+02	2.094849e+01	2.094849e+01
3.900000e+02	4.200000e+02	3.600000e+02	3.900000e+02	3.196522e+02	2.309300e+01	2.309300e+01
3.900000e+02	4.200000e+02	3.900000e+02	4.200000e+02	1.585334e+02	1.628024e+01	1.628024e+01
3.900000e+02	4.200000e+02	4.200000e+02	4.500000e+02	0.000000e+00	0.000000e+00	0.000000e+00
3.900000e+02	4.200000e+02	4.500000e+02	4.800000e+02	0.000000e+00	0.000000e+00	0.000000e+00
3.900000e+02	4.200000e+02	4.800000e+02	5.100000e+02	0.000000e+00	0.000000e+00	0.000000e+00
3.900000e+02	4.200000e+02	5.100000e+02	5.400000e+02	0.000000e+00	0.000000e+00	0.000000e+00
3.900000e+02	4.200000e+02	5.400000e+02	5.700000e+02	0.000000e+00	0.000000e+00	0.000000e+00
3.900000e+02	4.200000e+02	5.700000e+02	6.000000e+02	0.000000e+00	0.000000e+00	0.000000e+00
3.900000e+02	4.200000e+02	6.000000e+02	6.300000e+02	0.000000e+00	0.000000e+00	0.000000e+00
3.900000e+02	4.200000e+02	6.300000e+02	6.600000e+02	0.000000e+00	0.000000e+00	0.000000e+00
3.900000e+02	4.200000e+02	6.600000e+02	6.900000e+02	0.000000e+00	0.000000e+00	0.000000e+00
3.900000e+02	4.200000e+02	6.900000e+02	7.200000e+02	0.000000e+00	0.000000e+00	0.000000e+00
3.900000e+02	4.200000e+02	7.200000e+02	7.500000e+02	0.000000e+00	0.000000e+00	0.000000e+00
3.900000e+02	4.200000e+02	7.500000e+02	7.800000e+02	0.000000e+00	0.000000e+00	0.000000e+00
3.900000e+02	4.200000e+02	7.800000e+02	8.100000e+02	0.000000e+00	0.000000e+00	0.000000e+00
3.900000e+02	4.200000e+02	8.100000e+02	8.400000e+02	0.000000e+00	0.000000e+00	0.000000e+00
3.900000e+02	4.200000e+02	8.400000e+02	8.700000e+02	0.000000e+00	0.000000e+00	0.000000e+00
3.900000e+02	4.200000e+02	8.700000e+02	9.000000e+02	0.000000e+00	0.000000e+00	0.000000e+00
4.200000e+02	4.500000e+02	0.000000e+00	3.000000e+01	5.210796e-04	2.605399e-04	2.605399e-04
4.200000e+02	4.500000e+02	3.000000e+01	6.000000e+01	2.015296e+00	1.771208e+00	1.771208e+00
4.200000e+02	4.500000e+02	6.000000e+01	9.000000e+01	3.905808e+00	2.501684e+00	2.501684e+00
4.200000e+02	4.500000e+02	9.000000e+01	1.200000e+02	2.017650e+00	1.771208e+00	1.771208e+00
4.200000e+02	4.500000e+02	1.200000e+02	1.500000e+02	5.547693e+00	3.063196e+00	3.063196e+00
4.200000e+02	4.500000e+02	1.500000e+02	1.800000e+02	1.271922e+01	4.667438e+00	4.667438e+00
4.200000e+02	4.500000e+02	1.800000e+02	2.100000e+02	1.322743e+01	4.674260e+00	4.674260e+00
4.200000e+02	4.500000e+02	2.100000e+02	2.400000e+02	2.405746e+01	6.364940e+00	6.364940e+00
4.200000e+02	4.500000e+02	2.400000e+02	2.700000e+02	3.214510e+01	7.686257e+00	7.686257e+00
4.200000e+02	4.500000e+02	2.700000e+02	3.000000e+02	5.329023e+01	9.503941e+00	9.503941e+00
4.200000e+02	4.500000e+02	3.000000e+02	3.300000e+02	6.049624e+01	9.993990e+00	9.993990e+00
4.200000e+02	4.500000e+02	3.300000e+02	3.600000e+02	1.100023e+02	1.356327e+01	1.356327e+01
4.200000e+02	4.500000e+02	3.600000e+02	3.900000e+02	1.582500e+02	1.626613e+01	1.626613e+01
4.200000e+02	4.500000e+02	3.900000e+02	4.200000e+02	2.490486e+02	2.044071e+01	2.044071e+01
4.200000e+02	4.500000e+02	4.200000e+02	4.500000e+02	1.055741e+02	1.332817e+01	1.332817e+01
4.200000e+02	4.500000e+02	4.500000e+02	4.800000e+02	0.000000e+00	0.000000e+00	0.000000e+00
4.200000e+02	4.500000e+02	4.800000e+02	5.100000e+02	0.000000e+00	0.000000e+00	0.000000e+00
4.200000e+02	4.500000e+02	5.100000e+02	5.400000e+02	0.000000e+00	0.000000e+00	0.000000e+00
4.200000e+02	4.500000e+02	5.400000e+02	5.700000e+02	0.000000e+00	0.000000e+00	0.000000e+00
4.200000e+02	4.500000e+02	5.700000e+02	6.000000e+02	0.000000e+00	0.000000e+00	0.000000e+00
4.200000e+02	4.500000e+02	6.000000e+02	6.300000e+02	0.000000e+00	0.000000e+00	0.000000e+00
4.200000e+02	4.500000e+02	6.300000e+02	6.600000e+02	0.000000e+00	0.000000e+00	0.000000e+00
4.200000e+02	4.500000e+02	6.600000e+02	6.900000e+02	0.000000e+00	0.000000e+00	0.000000e+00
4.200000e+02	4.500000e+02	6.900000e+02	7.200000e+02	0.000000e+00	0.000000e+00	0.000000e+00
4.200000e+02	4.500000e+02	7.200000e+02	7.500000e+02	0.000000e+00	0.000000e+00	0.000000e+00
4.200000e+02	4.500000e+02	7.500000e+02	7.800000e+02	0.000000e+00	0.000000e+00	0.000000e+00
4.200000e+02	4.500000e+02	7.800000e+02	8.100000e+02	0.000000e+00	0.000000e+00	0.000000e+00
4.200000e+02	4.500000e+02	8.100000e+02	8.400000e+02	0.000000e+00	0.000000e+00	0.000000e+00
4.200000e+02	4.500000e+02	8.400000e+02	8.700000e+02	0.000000e+00	0.000000e+00	0.000000e+00
4.200000e+02	4.500000e+02	8.700000e+02	9.000000e+02	0.000000e+00	0.000000e+00	0.000000e+00
4.500000e+02	4.800000e+02	0.000000e+00	3.000000e+01	1.262277e-01	1.262277e-01	1.262277e-01
4.500000e+02	4.800000e+02	3.000000e+01	6.000000e+01	3.777093e+00	2.498497e+00	2.498497e+00
4.500000e+02	4.800000e+02	6.000000e+01	9.000000e+01	1.275401e-01	1.262297e-01	1.262297e-01
4.500000e+02	4.800000e+02	9.000000e+01	1.200000e+02	3.777877e+00	2.498497e+00	2.498497e+00
4.500000e+02	4.800000e+02	1.200000e+02	1.500000e+02	2.017139e+00	1.771208e+00	1.771208e+00
4.500000e+02	4.800000e+02	1.500000e+02	1.800000e+02	7.177198e+00	3.526639e+00	3.526639e+00
4.500000e+02	4.800000e+02	1.800000e+02	2.100000e+02	7.809127e+00	3.537916e+00	3.537916e+00
4.500000e+02	4.800000e+02	2.100000e+02	2.400000e+02	1.611908e+01	5.289581e+00	5.289581e+00
4.500000e+02	4.800000e+02	2.400000e+02	2.700000e+02	2.568959e+01	6.603168e+00	6.603168e+00
4.500000e+02	4.800000e+02	2.700000e+02	3.000000e+02	2.418484e+01	6.366191e+00	6.366191e+00
4.500000e+02	4.800000e+02	3.000000e+02	3.300000e+02	3.338507e+01	7.490176e+00	7.490176e+00
4.500000e+02	4.800000e+02	3.300000e+02	3.600000e+02	4.083076e+01	8.280808e+00	8.280808e+00
4.500000e+02	4.800000e+02	3.600000e+02	3.900000e+02	8.768251e+01	1.210599e+01	1.210599e+01
4.500000e+02	4.800000e+02	3.900000e+02	4.200000e+02	1.465614e+02	1.588682e+01	1.588682e+01
4.500000e+02	4.800000e+02	4.200000e+02	4.500000e+02	1.571970e+02	1.610449e+01	1.610449e+01
4.500000e+02	4.800000e+02	4.500000e+02	4.800000e+02	7.923608e+01	1.157405e+01	1.157405e+01
4.500000e+02	4.800000e+02	4.800000e+02	5.100000e+02	0.000000e+00	0.000000e+00	0.000000e+00
4.500000e+02	4.800000e+02	5.100000e+02	5.400000e+02	0.000000e+00	0.000000e+00	0.000000e+00
4.500000e+02	4.800000e+02	5.400000e+02	5.700000e+02	0.000000e+00	0.000000e+00	0.000000e+00
4.500000e+02	4.800000e+02	5.700000e+02	6.000000e+02	0.000000e+00	0.000000e+00	0.000000e+00
4.500000e+02	4.800000e+02	6.000000e+02	6.300000e+02	0.000000e+00	0.000000e+00	0.000000e+00
4.500000e+02	4.800000e+02	6.300000e+02	6.600000e+02	0.000000e+00	0.000000e+00	0.000000e+00
4.500000e+02	4.800000e+02	6.600000e+02	6.900000e+02	0.000000e+00	0.000000e+00	0.000000e+00
4.500000e+02	4.800000e+02	6.900000e+02	7.200000e+02	0.000000e+00	0.000000e+00	0.000000e+00
4.500000e+02	4.800000e+02	7.200000e+02	7.500000e+02	0.000000e+00	0.000000e+00	0.000000e+00
4.500000e+02	4.800000e+02	7.500000e+02	7.800000e+02	0.000000e+00	0.000000e+00	0.000000e+00
4.500000e+02	4.800000e+02	7.800000e+02	8.100000e+02	0.000000e+00	0.000000e+00	0.000000e+00
4.500000e+02	4.800000e+02	8.100000e+02	8.400000e+02	0.000000e+00	0.000000e+00	0.000000e+00
4.500000e+02	4.800000e+02	8.400000e+02	8.700000e+02	0.000000e+00	0.000000e+00	0.000000e+00
4.500000e+02	4.800000e+02	8.700000e+02	9.000000e+02	0.000000e+00	0.000000e+00	0.000000e+00
4.800000e+02	5.100000e+02	0.000000e+00	3.000000e+01	1.302699e-04	1.302699e-04	1.302699e-04
4.800000e+02	5.100000e+02	3.000000e+01	6.000000e+01	1.762449e+00	1.762189e+00	1.762189e+00
4.800000e+02	5.100000e+02	6.000000e+01	9.000000e+01	1.452416e-03	9.439301e-04	9.439301e-04
4.800000e+02	5.100000e+02	9.000000e+01	1.200000e+02	5.287088e+00	3.052201e+00	3.052201e+00
4.800000e+02	5.100000e+02	1.200000e+02	1.500000e+02	5.210796e-04	2.605399e-04	2.605399e-04
4.800000e+02	5.100000e+02	1.500000e+02	1.800000e+02	1.890120e+00	1.766704e+00	1.766704e+00
4.800000e+02	5.100000e+02	1.800000e+02	2.100000e+02	2.141523e+00	1.775700e+00	1.775700e+00
4.800000e+02	5.100000e+02	2.100000e+02	2.400000e+02	2.016468e+00	1.771208e+00	1.771208e+00
4.800000e+02	5.100000e+02	2.400000e+02	2.700000e+02	7.559698e+00	3.533410e+00	3.533410e+00
4.800000e+02	5.100000e+02	2.700000e+02	3.000000e+02	1.999393e+01	5.857632e+00	5.857632e+00
4.800000e+02	5.100000e+02	3.000000e+02	3.300000e+02	1.298016e+01	4.670850e+00	4.670850e+00
4.800000e+02	5.100000e+02	3.300000e+02	3.600000e+02	2.016486e+01	5.601051e+00	5.601051e+00
4.800000e+02	5.100000e+02	3.600000e+02	3.900000e+02	4.560359e+01	8.821791e+00	8.821791e+00
4.800000e+02	5.100000e+02	3.900000e+02	4.200000e+02	4.889539e+01	9.006692e+00	9.006692e+00
4.800000e+02	5.100000e+02	4.200000e+02	4.500000e+02	1.016912e+02	1.298361e+01	1.298361e+01
4.800000e+02	5.100000e+02	4.500000e+02	4.800000e+02	1.104859e+02	1.356562e+01	1.356562e+01
4.800000e+02	5.100000e+02	4.800000e+02	5.100000e+02	5.958738e+01	9.988408e+00	9.988408e+00
4.800000e+02	5.100000e+02	5.100000e+02	5.400000e+02	0.000000e+00	0.000000e+00	0.000000e+00
4.800000e+02	5.100000e+02	5.400000e+02	5.700000e+02	0.000000e+00	0.000000e+00	0.000000e+00
4.800000e+02	5.100000e+02	5.700000e+02	6.000000e+02	0.000000e+00	0.000000e+00	0.000000e+00
4.800000e+02	5.100000e+02	6.000000e+02	6.300000e+02	0.000000e+00	0.000000e+00	0.000000e+00
4.800000e+02	5.100000e+02	6.300000e+02	6.600000e+02	0.000000e+00	0.000000e+00	0.000000e+00
4.800000e+02	5.100000e+02	6.600000e+02	6.900000e+02	0.000000e+00	0.000000e+00	0.000000e+00
4.800000e+02	5.100000e+02	6.900000e+02	7.200000e+02	0.000000e+00	0.000000e+00	0.000000e+00
4.800000e+02	5.100000e+02	7.200000e+02	7.500000e+02	0.000000e+00	0.000000e+00	0.000000e+00
4.800000e+02	5.100000e+02	7.500000e+02	7.800000e+02	0.000000e+00	0.000000e+00	0.000000e+00
4.800000e+02	5.100000e+02	7.800000e+02	8.100000e+02	0.000000e+00	0.000000e+00	0.000000e+00
4.800000e+02	5.100000e+02	8.100000e+02	8.400000e+02	0.000000e+00	0.000000e+00	0.000000e+00
4.800000e+02	5.100000e+02	8.400000e+02	8.700000e+02	0.000000e+00	0.000000e+00	0.000000e+00
4.800000e+02	5.100000e+02	8.700000e+02	9.000000e+02	0.000000e+00	0.000000e+00	0.000000e+00
5.100000e+02	5.400000e+02	0.000000e+00	3.000000e+01	0.000000e+00	0.000000e+00	0.000000e+00
5.100000e+02	5.400000e+02	3.000000e+01	6.000000e+01	6.610726e-04	6.610725e-04	6.610725e-04
5.100000e+02	5.400000e+02	6.000000e+01	9.000000e+01	3.908098e-04	2.256341e-04	2.256341e-04
5.100000e+02	5.400000e+02	9.000000e+01	1.200000e+02	1.263579e-01	1.262277e-01	1.262277e-01
5.100000e+02	5.400000e+02	1.200000e+02	1.500000e+02	2.525856e-01	1.785129e-01	1.785129e-01
5.100000e+02	5.400000e+02	1.500000e+02	1.800000e+02	1.268790e-01	1.262280e-01	1.262280e-01
5.100000e+02	5.400000e+02	1.800000e+02	2.100000e+02	1.312422e-03	7.224045e-04	7.224045e-04
5.100000e+02	5.400000e+02	2.100000e+02	2.400000e+02	2.548196e-01	1.785157e-01	1.785157e-01
5.100000e+02	5.400000e+02	2.400000e+02	2.700000e+02	5.541367e+00	3.057417e+00	3.057417e+00
5.100000e+02	5.400000e+02	2.700000e+02	3.000000e+02	7.178501e+00	3.526639e+00	3.526639e+00
5.100000e+02	5.400000e+02	3.000000e+02	3.300000e+02	1.108457e+01	4.323840e+00	4.323840e+00
5.100000e+02	5.400000e+02	3.300000e+02	3.600000e+02	1.473674e+01	4.992210e+00	4.992210e+00
5.100000e+02	5.400000e+02	3.600000e+02	3.900000e+02	2.066140e+01	5.858136e+00	5.858136e+00
5.100000e+02	5.400000e+02	3.900000e+02	4.200000e+02	3.515277e+01	7.694677e+00	7.694677e+00
5.100000e+02	5.400000e+02	4.200000e+02	4.500000e+02	4.881126e+01	9.008522e+00	9.008522e+00
5.100000e+02	5.400000e+02	4.500000e+02	4.800000e+02	4.738158e+01	8.834424e+00	8.834424e+00
5.100000e+02	5.400000e+02	4.800000e+02	5.100000e+02	7.030397e+01	1.088192e+01	1.088192e+01
5.100000e+02	5.400000e+02	5.100000e+02	5.400000e+02	2.558823e+01	6.379942e+00	6.379942e+00
5.100000e+02	5.400000e+02	5.400000e+02	5.700000e+02	0.000000e+00	0.000000e+00	0.000000e+00
5.100000e+02	5.400000e+02	5.700000e+02	6.000000e+02	0.000000e+00	0.000000e+00	0.000000e+00
5.100000e+02	5.400000e+02	6.000000e+02	6.300000e+02	0.000000e+00	0.000000e+00	0.000000e+00
5.100000e+02	5.400000e+02	6.300000e+02	6.600000e+02	0.000000e+00	0.000000e+00	0.000000e+00
5.100000e+02	5.400000e+02	6.600000e+02	6.900000e+02	0.000000e+00	0.000000e+00	0.000000e+00
5.100000e+02	5.400000e+02	6.900000e+02	7.200000e+02	0.000000e+00	0.000000e+00	0.000000e+00
5.100000e+02	5.400000e+02	7.200000e+02	7.500000e+02	0.000000e+00	0.000000e+00	0.000000e+00
5.100000e+02	5.400000e+02	7.500000e+02	7.800000e+02	0.000000e+00	0.000000e+00	0.000000e+00
5.100000e+02	5.400000e+02	7.800000e+02	8.100000e+02	0.000000e+00	0.000000e+00	0.000000e+00
5.100000e+02	5.400000e+02	8.100000e+02	8.400000e+02	0.000000e+00	0.000000e+00	0.000000e+00
5.100000e+02	5.400000e+02	8.400000e+02	8.700000e+02	0.000000e+00	0.000000e+00	0.000000e+00
5.100000e+02	5.400000e+02	8.700000e+02	9.000000e+02	0.000000e+00	0.000000e+00	0.000000e+00
5.400000e+02	5.700000e+02	0.000000e+00	3.000000e+01	0.000000e+00	0.000000e+00	0.000000e+00
5.400000e+02	5.700000e+02	3.000000e+01	6.000000e+01	1.262277e-01	1.262277e-01	1.262277e-01
5.400000e+02	5.700000e+02	6.000000e+01	9.000000e+01	2.605398e-04	1.842295e-04	1.842295e-04
5.400000e+02	5.700000e+02	9.000000e+01	1.200000e+02	1.302699e-04	1.302699e-04	1.302699e-04
5.400000e+02	5.700000e+02	1.200000e+02	1.500000e+02	1.888547e+00	1.766704e+00	1.766704e+00
5.400000e+02	5.700000e+02	1.500000e+02	1.800000e+02	1.762189e+00	1.762189e+00	1.762189e+00
5.400000e+02	5.700000e+02	1.800000e+02	2.100000e+02	3.908097e-04	2.256342e-04	2.256342e-04
5.400000e+02	5.700000e+02	2.100000e+02	2.400000e+02	2.015957e+00	1.771208e+00	1.771208e+00
5.400000e+02	5.700000e+02	2.400000e+02	2.700000e+02	1.763892e+00	1.762189e+00	1.762189e+00
5.400000e+02	5.700000e+02	2.700000e+02	3.000000e+02	5.288651e+00	3.052201e+00	3.052201e+00
5.400000e+02	5.700000e+02	3.000000e+02	3.300000e+02	7.050850e+00	3.524379e+00	3.524379e+00
5.400000e+02	5.700000e+02	3.300000e+02	3.600000e+02	3.780090e+00	2.498497e+00	2.498497e+00
5.400000e+02	5.700000e+02	3.600000e+02	3.900000e+02	9.447032e+00	3.950471e+00	3.950471e+00
5.400000e+02	5.700000e+02	3.900000e+02	4.200000e+02	6.050967e+00	3.067822e+00	3.067822e+00
5.400000e+02	5.700000e+02	4.200000e+02	4.500000e+02	1.348730e+01	4.677668e+00	4.677668e+00
5.400000e+02	5.700000e+02	4.500000e+02	4.800000e+02	2.834767e+01	6.842417e+00	6.842417e+00
5.400000e+02	5.700000e+02	4.800000e+02	5.100000e+02	2.911468e+01	6.849399e+00	6.849399e+00
5.400000e+02	5.700000e+02	5.100000e+02	5.400000e+02	5.945503e+01	9.987610e+00	9.987610e+00
5.400000e+02	5.700000e+02	5.400000e+02	5.700000e+02	2.973643e+01	7.062307e+00	7.062307e+00
5.400000e+02	5.700000e+02	5.700000e+02	6.000000e+02	0.000000e+00	0.000000e+00	0.000000e+00
5.400000e+02	5.700000e+02	6.000000e+02	6.300000e+02	0.000000e+00	0.000000e+00	0.000000e+00
5.400000e+02	5.700000e+02	6.300000e+02	6.600000e+02	0.000000e+00	0.000000e+00	0.000000e+00
5.400000e+02	5.700000e+02	6.600000e+02	6.900000e+02	0.000000e+00	0.000000e+00	0.000000e+00
5.400000e+02	5.700000e+02	6.900000e+02	7.200000e+02	0.000000e+00	0.000000e+00	0.000000e+00
5.400000e+02	5.700000e+02	7.200000e+02	7.500000e+02	0.000000e+00	0.000000e+00	0.000000e+00
5.400000e+02	5.700000e+02	7.500000e+02	7.800000e+02	0.000000e+00	0.000000e+00	0.000000e+00
5.400000e+02	5.700000e+02	7.800000e+02	8.100000e+02	0.000000e+00	0.000000e+00	0.000000e+00
5.400000e+02	5.700000e+02	8.100000e+02	8.400000e+02	0.000000e+00	0.000000e+00	0.000000e+00
5.400000e+02	5.700000e+02	8.400000e+02	8.700000e+02	0.000000e+00	0.000000e+00	0.000000e+00
5.400000e+02	5.700000e+02	8.700000e+02	9.000000e+02	0.000000e+00	0.000000e+00	0.000000e+00
5.700000e+02	6.000000e+02	0.000000e+00	3.000000e+01	0.000000e+00	0.000000e+00	0.000000e+00
5.700000e+02	6.000000e+02	3.000000e+01	6.000000e+01	1.262277e-01	1.262277e-01	1.262277e-01
5.700000e+02	6.000000e+02	6.000000e+01	9.000000e+01	0.000000e+00	0.000000e+00	0.000000e+00
5.700000e+02	6.000000e+02	9.000000e+01	1.200000e+02	0.000000e+00	0.000000e+00	0.000000e+00
5.700000e+02	6.000000e+02	1.200000e+02	1.500000e+02	2.524553e-01	1.785129e-01	1.785129e-01
5.700000e+02	6.000000e+02	1.500000e+02	1.800000e+02	1.264882e-01	1.262278e-01	1.262278e-01
5.700000e+02	6.000000e+02	1.800000e+02	2.100000e+02	0.000000e+00	0.000000e+00	0.000000e+00
5.700000e+02	6.000000e+02	2.100000e+02	2.400000e+02	7.816193e-04	3.190949e-04	3.190949e-04
5.700000e+02	6.000000e+02	2.400000e+02	2.700000e+02	1.762449e+00	1.762189e+00	1.762189e+00
5.700000e+02	6.000000e+02	2.700000e+02	3.000000e+02	9.118893e-04	3.446619e-04	3.446619e-04
5.700000e+02	6.000000e+02	3.000000e+02	3.300000e+02	1.763361e+00	1.762189e+00	1.762189e+00
5.700000e+02	6.000000e+02	3.300000e+02	3.600000e+02	5.288921e+00	3.052201e+00	3.052201e+00
5.700000e+02	6.000000e+02	3.600000e+02	3.900000e+02	3.905016e+00	2.501684e+00	2.501684e+00
5.700000e+02	6.000000e+02	3.900000e+02	4.200000e+02	9.069431e+00	3.944416e+00	3.944416e+00
5.700000e+02	6.000000e+02	4.200000e+02	4.500000e+02	7.306823e+00	3.528897e+00	3.528897e+00
5.700000e+02	6.000000e+02	4.500000e+02	4.800000e+02	8.197740e+00	3.544666e+00	3.544666e+00
5.700000e+02	6.000000e+02	4.800000e+02	5.100000e+02	2.054063e+01	5.856776e+00	5.856776e+00
5.700000e+02	6.000000e+02	5.100000e+02	5.400000e+02	4.043300e+01	8.277921e+00	8.277921e+00
5.700000e+02	6.000000e+02	5.400000e+02	5.700000e+02	5.315318e+01	9.503103e+00	9.503103e+00
5.700000e+02	6.000000e+02	5.700000e+02	6.000000e+02	9.962646e+00	3.958530e+00	3.958530e+00
5.700000e+02	6.000000e+02	6.000000e+02	6.300000e+02	0.000000e+00	0.000000e+00	0.000000e+00
5.700000e+02	6.000000e+02	6.300000e+02	6.600000e+02	0.000000e+00	0.000000e+00	0.000000e+00
5.700000e+02	6.000000e+02	6.600000e+02	6.900000e+02	0.000000e+00	0.000000e+00	0.000000e+00
5.700000e+02	6.000000e+02	6.900000e+02	7.200000e+02	0.000000e+00	0.000000e+00	0.000000e+00
5.700000e+02	6.000000e+02	7.200000e+02	7.500000e+02	0.000000e+00	0.000000e+00	0.000000e+00
5.700000e+02	6.000000e+02	7.500000e+02	7.800000e+02	0.000000e+00	0.000000e+00	0.000000e+00
5.700000e+02	6.000000e+02	7.800000e+02	8.100000e+02	0.000000e+00	0.000000e+00	0.000000e+00
5.700000e+02	6.000000e+02	8.100000e+02	8.400000e+02	0.000000e+00	0.000000e+00	0.000000e+00
5.700000e+02	6.000000e+02	8.400000e+02	8.700000e+02	0.000000e+00	0.000000e+00	0.000000e+00
5.700000e+02	6.000000e+02	8.700000e+02	9.000000e+02	0.000000e+00	0.000000e+00	0.000000e+00
6.000000e+02	6.300000e+02	0.000000e+00	3.000000e+01	0.000000e+00	0.000000e+00	0.000000e+00
6.000000e+02	6.300000e+02	3.000000e+01	6.000000e+01	0.000000e+00	0.000000e+00	0.000000e+00
6.000000e+02	6.300000e+02	6.000000e+01	9.000000e+01	6.610726e-04	6.610725e-04	6.610725e-04
6.000000e+02	6.300000e+02	9.000000e+01	1.200000e+02	0.000000e+00	0.000000e+00	0.000000e+00
6.000000e+02	6.300000e+02	1.200000e+02	1.500000e+02	0.000000e+00	0.000000e+00	0.000000e+00
6.000000e+02	6.300000e+02	1.500000e+02	1.800000e+02	0.000000e+00	0.000000e+00	0.000000e+00
6.000000e+02	6.300000e+02	1.800000e+02	2.100000e+02	0.000000e+00	0.000000e+00	0.000000e+00
6.000000e+02	6.300000e+02	2.100000e+02	2.400000e+02	1.262277e-01	1.262277e-01	1.262277e-01
6.000000e+02	6.300000e+02	2.400000e+02	2.700000e+02	1.888808e+00	1.766704e+00	1.766704e+00
6.000000e+02	6.300000e+02	2.700000e+02	3.000000e+02	1.051882e-03	6.985182e-04	6.985182e-04
6.000000e+02	6.300000e+02	3.000000e+02	3.300000e+02	3.651127e+00	2.495307e+00	2.495307e+00
6.000000e+02	6.300000e+02	3.300000e+02	3.600000e+02	3.650866e+00	2.495307e+00	2.495307e+00
6.000000e+02	6.300000e+02	3.600000e+02	3.900000e+02	3.653891e+00	2.495307e+00	2.495307e+00
6.000000e+02	6.300000e+02	3.900000e+02	4.200000e+02	3.654282e+00	2.495307e+00	2.495307e+00
6.000000e+02	6.300000e+02	4.200000e+02	4.500000e+02	5.542279e+00	3.057417e+00	3.057417e+00
6.000000e+02	6.300000e+02	4.500000e+02	4.800000e+02	3.908141e+00	2.501684e+00	2.501684e+00
6.000000e+02	6.300000e+02	4.800000e+02	5.100000e+02	7.181508e+00	3.526639e+00	3.526639e+00
6.000000e+02	6.300000e+02	5.100000e+02	5.400000e+02	1.650429e+01	5.294098e+00	5.294098e+00
6.000000e+02	6.300000e+02	5.400000e+02	5.700000e+02	2.733290e+01	6.833096e+00	6.833096e+00
6.000000e+02	6.300000e+02	5.700000e+02	6.000000e+02	3.111707e+01	7.275554e+00	7.275554e+00
6.000000e+02	6.300000e+02	6.000000e+02	6.300000e+02	1.448583e+01	4.989018e+00	4.989018e+00
6.000000e+02	6.300000e+02	6.300000e+02	6.600000e+02	0.000000e+00	0.000000e+00	0.000000e+00
6.000000e+02	6.300000e+02	6.600000e+02	6.900000e+02	0.000000e+00	0.000000e+00	0.000000e+00
6.000000e+02	6.300000e+02	6.900000e+02	7.200000e+02	0.000000e+00	0.000000e+00	0.000000e+00
6.000000e+02	6.300000e+02	7.200000e+02	7.500000e+02	0.000000e+00	0.000000e+00	0.000000e+00
6.000000e+02	6.300000e+02	7.500000e+02	7.800000e+02	0.000000e+00	0.000000e+00	0.000000e+00
6.000000e+02	6.300000e+02	7.800000e+02	8.100000e+02	0.000000e+00	0.000000e+00	0.000000e+00
6.000000e+02	6.300000e+02	8.100000e+02	8.400000e+02	0.000000e+00	0.000000e+00	0.000000e+00
6.000000e+02	6.300000e+02	8.400000e+02	8.700000e+02	0.000000e+00	0.000000e+00	0.000000e+00
6.000000e+02	6.300000e+02	8.700000e+02	9.000000e+02	0.000000e+00	0.000000e+00	0.000000e+00
6.300000e+02	6.600000e+02	0.000000e+00	3.000000e+01	0.000000e+00	0.000000e+00	0.000000e+00
6.300000e+02	6.600000e+02	3.000000e+01	6.000000e+01	0.000000e+00	0.000000e+00	0.000000e+00
6.300000e+02	6.600000e+02	6.000000e+01	9.000000e+01	0.000000e+00	0.000000e+00	0.000000e+00
6.300000e+02	6.600000e+02	9.000000e+01	1.200000e+02	0.000000e+00	0.000000e+00	0.000000e+00
6.300000e+02	6.600000e+02	1.200000e+02	1.500000e+02	1.762319e+00	1.762189e+00	1.762189e+00
6.300000e+02	6.600000e+02	1.500000e+02	1.800000e+02	0.000000e+00	0.000000e+00	0.000000e+00
6.300000e+02	6.600000e+02	1.800000e+02	2.100000e+02	0.000000e+00	0.000000e+00	0.000000e+00
6.300000e+02	6.600000e+02	2.100000e+02	2.400000e+02	1.302699e-04	1.302699e-04	1.302699e-04
6.300000e+02	6.600000e+02	2.400000e+02	2.700000e+02	3.908098e-04	2.256341e-04	2.256341e-04
6.300000e+02	6.600000e+02	2.700000e+02	3.000000e+02	2.605398e-04	1.842295e-04	1.842295e-04
6.300000e+02	6.600000e+02	3.000000e+02	3.300000e+02	2.605398e-04	1.842295e-04	1.842295e-04
6.300000e+02	6.600000e+02	3.300000e+02	3.600000e+02	2.015036e+00	1.771208e+00	1.771208e+00
6.300000e+02	6.600000e+02	3.600000e+02	3.900000e+02	1.572962e-03	7.455258e-04	7.455258e-04
6.300000e+02	6.600000e+02	3.900000e+02	4.200000e+02	1.763631e+00	1.762189e+00	1.762189e+00
6.300000e+02	6.600000e+02	4.200000e+02	4.500000e+02	7.177338e+00	3.526639e+00	3.526639e+00
6.300000e+02	6.600000e+02	4.500000e+02	4.800000e+02	1.703232e-03	7.568217e-04	7.568217e-04
6.300000e+02	6.600000e+02	4.800000e+02	5.100000e+02	8.942412e+00	3.942397e+00	3.942397e+00
6.300000e+02	6.600000e+02	5.100000e+02	5.400000e+02	2.146102e+00	1.775701e+00	1.775701e+00
6.300000e+02	6.600000e+02	5.400000e+02	5.700000e+02	5.548030e+00	3.057418e+00	3.057418e+00
6.300000e+02	6.600000e+02	5.700000e+02	6.000000e+02	1.625446e+01	5.291087e+00	5.291087e+00
6.300000e+02	6.600000e+02	6.000000e+02	6.300000e+02	2.922501e+01	7.058753e+00	7.058753e+00
6.300000e+02	6.600000e+02	6.300000e+02	6.600000e+02	9.830324e+00	3.956517e+00	3.956517e+00
6.300000e+02	6.600000e+02	6.600000e+02	6.900000e+02	0.000000e+00	0.000000e+00	0.000000e+00
6.300000e+02	6.600000e+02	6.900000e+02	7.200000e+02	0.000000e+00	0.000000e+00	0.000000e+00
6.300000e+02	6.600000e+02	7.200000e+02	7.500000e+02	0.000000e+00	0.000000e+00	0.000000e+00
6.300000e+02	6.600000e+02	7.500000e+02	7.800000e+02	0.000000e+00	0.000000e+00	0.000000e+00
6.300000e+02	6.600000e+02	7.800000e+02	8.100000e+02	0.000000e+00	0.000000e+00	0.000000e+00
6.300000e+02	6.600000e+02	8.100000e+02	8.400000e+02	0.000000e+00	0.000000e+00	0.000000e+00
6.300000e+02	6.600000e+02	8.400000e+02	8.700000e+02	0.000000e+00	0.000000e+00	0.000000e+00
6.300000e+02	6.600000e+02	8.700000e+02	9.000000e+02	0.000000e+00	0.000000e+00	0.000000e+00
6.600000e+02	6.900000e+02	0.000000e+00	3.000000e+01	0.000000e+00	0.000000e+00	0.000000e+00
6.600000e+02	6.900000e+02	3.000000e+01	6.000000e+01	0.000000e+00	0.000000e+00	0.000000e+00
6.600000e+02	6.900000e+02	6.000000e+01	9.000000e+01	0.000000e+00	0.000000e+00	0.000000e+00
6.600000e+02	6.900000e+02	9.000000e+01	1.200000e+02	0.000000e+00	0.000000e+00	0.000000e+00
6.600000e+02	6.900000e+02	1.200000e+02	1.500000e+02	1.302699e-04	1.302699e-04	1.302699e-04
6.600000e+02	6.900000e+02	1.500000e+02	1.800000e+02	0.000000e+00	0.000000e+00	0.000000e+00
6.600000e+02	6.900000e+02	1.800000e+02	2.100000e+02	0.000000e+00	0.000000e+00	0.000000e+00
6.600000e+02	6.900000e+02	2.100000e+02	2.400000e+02	0.000000e+00	0.000000e+00	0.000000e+00
6.600000e+02	6.900000e+02	2.400000e+02	2.700000e+02	0.000000e+00	0.000000e+00	0.000000e+00
6.600000e+02	6.900000e+02	2.700000e+02	3.000000e+02	5.210796e-04	2.605399e-04	2.605399e-04
6.600000e+02	6.900000e+02	3.000000e+02	3.300000e+02	5.210796e-04	2.605399e-04	2.605399e-04
6.600000e+02	6.900000e+02	3.300000e+02	3.600000e+02	2.605398e-04	1.842295e-04	1.842295e-04
6.600000e+02	6.900000e+02	3.600000e+02	3.900000e+02	1.572962e-03	7.455258e-04	7.455258e-04
6.600000e+02	6.900000e+02	3.900000e+02	4.200000e+02	3.526481e+00	2.492112e+00	2.492112e+00
6.600000e+02	6.900000e+02	4.200000e+02	4.500000e+02	1.268790e-01	1.262280e-01	1.262280e-01
6.600000e+02	6.900000e+02	4.500000e+02	4.800000e+02	1.833501e-03	7.679513e-04	7.679513e-04
6.600000e+02	6.900000e+02	4.800000e+02	5.100000e+02	3.652960e+00	2.495307e+00	2.495307e+00
6.600000e+02	6.900000e+02	5.100000e+02	5.400000e+02	5.541628e+00	3.057417e+00	3.057417e+00
6.600000e+02	6.900000e+02	5.400000e+02	5.700000e+02	5.669549e+00	3.060022e+00	3.060022e+00
6.600000e+02	6.900000e+02	5.700000e+02	6.000000e+02	1.624532e+01	5.291087e+00	5.291087e+00
6.600000e+02	6.900000e+02	6.000000e+02	6.300000e+02	1.133911e+01	4.327525e+00	4.327525e+00
6.600000e+02	6.900000e+02	6.300000e+02	6.600000e+02	1.146954e+01	4.329364e+00	4.329364e+00
6.600000e+02	6.900000e+02	6.600000e+02	6.900000e+02	7.687478e+00	3.535663e+00	3.535663e+00
6.600000e+02	6.900000e+02	6.900000e+02	7.200000e+02	0.000000e+00	0.000000e+00	0.000000e+00
6.600000e+02	6.900000e+02	7.200000e+02	7.500000e+02	0.000000e+00	0.000000e+00	0.000000e+00
6.600000e+02	6.900000e+02	7.500000e+02	7.800000e+02	0.000000e+00	0.000000e+00	0.000000e+00
6.600000e+02	6.900000e+02	7.800000e+02	8.100000e+02	0.000000e+00	0.000000e+00	0.000000e+00
6.600000e+02	6.900000e+02	8.100000e+02	8.400000e+02	0.000000e+00	0.000000e+00	0.000000e+00
6.600000e+02	6.900000e+02	8.400000e+02	8.700000e+02	0.000000e+00	0.000000e+00	0.000000e+00
6.600000e+02	6.900000e+02	8.700000e+02	9.000000e+02	0.000000e+00	0.000000e+00	0.000000e+00
6.900000e+02	7.200000e+02	0.000000e+00	3.000000e+01	0.000000e+00	0.000000e+00	0.000000e+00
6.900000e+02	7.200000e+02	3.000000e+01	6.000000e+01	0.000000e+00	0.000000e+00	0.000000e+00
6.900000e+02	7.200000e+02	6.000000e+01	9.000000e+01	0.000000e+00	0.000000e+00	0.000000e+00
6.900000e+02	7.200000e+02	9.000000e+01	1.200000e+02	0.000000e+00	0.000000e+00	0.000000e+00
6.900000e+02	7.200000e+02	1.200000e+02	1.500000e+02	0.000000e+00	0.000000e+00	0.000000e+00
6.900000e+02	7.200000e+02	1.500000e+02	1.800000e+02	0.000000e+00	0.000000e+00	0.000000e+00
6.900000e+02	7.200000e+02	1.800000e+02	2.100000e+02	0.000000e+00	0.000000e+00	0.000000e+00
6.900000e+02	7.200000e+02	2.100000e+02	2.400000e+02	1.302699e-04	1.302699e-04	1.302699e-04
6.900000e+02	7.200000e+02	2.400000e+02	2.700000e+02	0.000000e+00	0.000000e+00	0.000000e+00
6.900000e+02	7.200000e+02	2.700000e+02	3.000000e+02	0.000000e+00	0.000000e+00	0.000000e+00
6.900000e+02	7.200000e+02	3.000000e+02	3.300000e+02	1.302699e-04	1.302699e-04	1.302699e-04
6.900000e+02	7.200000e+02	3.300000e+02	3.600000e+02	0.000000e+00	0.000000e+00	0.000000e+00
6.900000e+02	7.200000e+02	3.600000e+02	3.900000e+02	9.216123e-04	6.862634e-04	6.862634e-04
6.900000e+02	7.200000e+02	3.900000e+02	4.200000e+02	2.605398e-04	1.842295e-04	1.842295e-04
6.900000e+02	7.200000e+02	4.200000e+02	4.500000e+02	1.888677e+00	1.766704e+00	1.766704e+00
6.900000e+02	7.200000e+02	4.500000e+02	4.800000e+02	1.263579e-01	1.262277e-01	1.262277e-01
6.900000e+02	7.200000e+02	4.800000e+02	5.100000e+02	1.762970e+00	1.762189e+00	1.762189e+00
6.900000e+02	7.200000e+02	5.100000e+02	5.400000e+02	1.281914e-01	1.262300e-01	1.262300e-01
6.900000e+02	7.200000e+02	5.400000e+02	5.700000e+02	5.288131e+00	3.052201e+00	3.052201e+00
6.900000e+02	7.200000e+02	5.700000e+02	6.000000e+02	1.892464e+00	1.766704e+00	1.766704e+00
6.900000e+02	7.200000e+02	6.000000e+02	6.300000e+02	7.937960e+00	3.540166e+00	3.540166e+00
6.900000e+02	7.200000e+02	6.300000e+02	6.600000e+02	5.671001e+00	3.060022e+00	3.060022e+00
6.900000e+02	7.200000e+02	6.600000e+02	6.900000e+02	1.839218e+01	5.581103e+00	5.581103e+00
6.900000e+02	7.200000e+02	6.900000e+02	7.200000e+02	1.083094e+01	4.320154e+00	4.320154e+00
6.900000e+02	7.200000e+02	7.200000e+02	7.500000e+02	0.000000e+00	0.000000e+00	0.000000e+00
6.900000e+02	7.200000e+02	7.500000e+02	7.800000e+02	0.000000e+00	0.000000e+00	0.000000e+00
6.900000e+02	7.200000e+02	7.800000e+02	8.100000e+02	0.000000e+00	0.000000e+00	0.000000e+00
6.900000e+02	7.200000e+02	8.100000e+02	8.400000e+02	0.000000e+00	0.000000e+00	0.000000e+00
6.900000e+02	7.200000e+02	8.400000e+02	8.700000e+02	0.000000e+00	0.000000e+00	0.000000e+00
6.900000e+02	7.200000e+02	8.700000e+02	9.000000e+02	0.000000e+00	0.000000e+00	0.000000e+00
7.200000e+02	7.500000e+02	0.000000e+00	3.000000e+01	0.000000e+00	0.000000e+00	0.000000e+00
7.200000e+02	7.500000e+02	3.000000e+01	6.000000e+01	0.000000e+00	0.000000e+00	0.000000e+00
7.200000e+02	7.500000e+02	6.000000e+01	9.000000e+01	0.000000e+00	0.000000e+00	0.000000e+00
7.200000e+02	7.500000e+02	9.000000e+01	1.200000e+02	0.000000e+00	0.000000e+00	0.000000e+00
7.200000e+02	7.500000e+02	1.200000e+02	1.500000e+02	0.000000e+00	0.000000e+00	0.000000e+00
7.200000e+02	7.500000e+02	1.500000e+02	1.800000e+02	0.000000e+00	0.000000e+00	0.000000e+00
7.200000e+02	7.500000e+02	1.800000e+02	2.100000e+02	0.000000e+00	0.000000e+00	0.000000e+00
7.200000e+02	7.500000e+02	2.100000e+02	2.400000e+02	1.302699e-04	1.302699e-04	1.302699e-04
7.200000e+02	7.500000e+02	2.400000e+02	2.700000e+02	1.302699e-04	1.302699e-04	1.302699e-04
7.200000e+02	7.500000e+02	2.700000e+02	3.000000e+02	1.302699e-04	1.302699e-04	1.302699e-04
7.200000e+02	7.500000e+02	3.000000e+02	3.300000e+02	0.000000e+00	0.000000e+00	0.000000e+00
7.200000e+02	7.500000e+02	3.300000e+02	3.600000e+02	0.000000e+00	0.000000e+00	0.000000e+00
7.200000e+02	7.500000e+02	3.600000e+02	3.900000e+02	1.262277e-01	1.262277e-01	1.262277e-01
7.200000e+02	7.500000e+02	3.900000e+02	4.200000e+02	2.605398e-04	1.842295e-04	1.842295e-04
7.200000e+02	7.500000e+02	4.200000e+02	4.500000e+02	2.605398e-04	1.842295e-04	1.842295e-04
7.200000e+02	7.500000e+02	4.500000e+02	4.800000e+02	1.266184e-01	1.262278e-01	1.262278e-01
7.200000e+02	7.500000e+02	4.800000e+02	5.100000e+02	1.762449e+00	1.762189e+00	1.762189e+00
7.200000e+02	7.500000e+02	5.100000e+02	5.400000e+02	3.651387e+00	2.495307e+00	2.495307e+00
7.200000e+02	7.500000e+02	5.400000e+02	5.700000e+02	2.529764e-01	1.785130e-01	1.785130e-01
7.200000e+02	7.500000e+02	5.700000e+02	6.000000e+02	1.302699e-03	4.119497e-04	4.119497e-04
7.200000e+02	7.500000e+02	6.000000e+02	6.300000e+02	8.939778e+00	3.942397e+00	3.942397e+00
7.200000e+02	7.500000e+02	6.300000e+02	6.600000e+02	5.795004e+00	3.062624e+00	3.062624e+00
7.200000e+02	7.500000e+02	6.600000e+02	6.900000e+02	5.544763e+00	3.057417e+00	3.057417e+00
7.200000e+02	7.500000e+02	6.900000e+02	7.200000e+02	1.234396e+01	4.662314e+00	4.662314e+00
7.200000e+02	7.500000e+02	7.200000e+02	7.500000e+02	5.670340e+00	3.060022e+00	3.060022e+00
7.200000e+02	7.500000e+02	7.500000e+02	7.800000e+02	0.000000e+00	0.000000e+00	0.000000e+00
7.200000e+02	7.500000e+02	7.800000e+02	8.100000e+02	0.000000e+00	0.000000e+00	0.000000e+00
7.200000e+02	7.500000e+02	8.100000e+02	8.400000e+02	0.000000e+00	0.000000e+00	0.000000e+00
7.200000e+02	7.500000e+02	8.400000e+02	8.700000e+02	0.000000e+00	0.000000e+00	0.000000e+00
7.200000e+02	7.500000e+02	8.700000e+02	9.000000e+02	0.000000e+00	0.000000e+00	0.000000e+00
7.500000e+02	7.800000e+02	0.000000e+00	3.000000e+01	0.000000e+00	0.000000e+00	0.000000e+00
7.500000e+02	7.800000e+02	3.000000e+01	6.000000e+01	0.000000e+00	0.000000e+00	0.000000e+00
7.500000e+02	7.800000e+02	6.000000e+01	9.000000e+01	0.000000e+00	0.000000e+00	0.000000e+00
7.500000e+02	7.800000e+02	9.000000e+01	1.200000e+02	0.000000e+00	0.000000e+00	0.000000e+00
7.500000e+02	7.800000e+02	1.200000e+02	1.500000e+02	0.000000e+00	0.000000e+00	0.000000e+00
7.500000e+02	7.800000e+02	1.500000e+02	1.800000e+02	0.000000e+00	0.000000e+00	0.000000e+00
7.500000e+02	7.800000e+02	1.800000e+02	2.100000e+02	1.302699e-04	1.302699e-04	1.302699e-04
7.500000e+02	7.800000e+02	2.100000e+02	2.400000e+02	1.302699e-04	1.302699e-04	1.302699e-04
7.500000e+02	7.800000e+02	2.400000e+02	2.700000e+02	1.262277e-01	1.262277e-01	1.262277e-01
7.500000e+02	7.800000e+02	2.700000e+02	3.000000e+02	0.000000e+00	0.000000e+00	0.000000e+00
7.500000e+02	7.800000e+02	3.000000e+02	3.300000e+02	0.000000e+00	0.000000e+00	0.000000e+00
7.500000e+02	7.800000e+02	3.300000e+02	3.600000e+02	1.302699e-04	1.302699e-04	1.302699e-04
7.500000e+02	7.800000e+02	3.600000e+02	3.900000e+02	5.210796e-04	2.605399e-04	2.605399e-04
7.500000e+02	7.800000e+02	3.900000e+02	4.200000e+02	1.302699e-04	1.302699e-04	1.302699e-04
7.500000e+02	7.800000e+02	4.200000e+02	4.500000e+02	1.302699e-04	1.302699e-04	1.302699e-04
7.500000e+02	7.800000e+02	4.500000e+02	4.800000e+02	0.000000e+00	0.000000e+00	0.000000e+00
7.500000e+02	7.800000e+02	4.800000e+02	5.100000e+02	1.270190e-01	1.262294e-01	1.262294e-01
7.500000e+02	7.800000e+02	5.100000e+02	5.400000e+02	2.605398e-04	1.842295e-04	1.842295e-04
7.500000e+02	7.800000e+02	5.400000e+02	5.700000e+02	1.763101e+00	1.762189e+00	1.762189e+00
7.500000e+02	7.800000e+02	5.700000e+02	6.000000e+02	3.524638e+00	2.492112e+00	2.492112e+00
7.500000e+02	7.800000e+02	6.000000e+02	6.300000e+02	5.288651e+00	3.052201e+00	3.052201e+00
7.500000e+02	7.800000e+02	6.300000e+02	6.600000e+02	1.764423e+00	1.762190e+00	1.762190e+00
7.500000e+02	7.800000e+02	6.600000e+02	6.900000e+02	2.018171e+00	1.771208e+00	1.771208e+00
7.500000e+02	7.800000e+02	6.900000e+02	7.200000e+02	4.160086e+00	2.508045e+00	2.508045e+00
7.500000e+02	7.800000e+02	7.200000e+02	7.500000e+02	1.461000e+01	4.990615e+00	4.990615e+00
7.500000e+02	7.800000e+02	7.500000e+02	7.800000e+02	1.891543e+00	1.766704e+00	1.766704e+00
7.500000e+02	7.800000e+02	7.800000e+02	8.100000e+02	0.000000e+00	0.000000e+00	0.000000e+00
7.500000e+02	7.800000e+02	8.100000e+02	8.400000e+02	0.000000e+00	0.000000e+00	0.000000e+00
7.500000e+02	7.800000e+02	8.400000e+02	8.700000e+02	0.000000e+00	0.000000e+00	0.000000e+00
7.500000e+02	7.800000e+02	8.700000e+02	9.000000e+02	0.000000e+00	0.000000e+00	0.000000e+00
7.800000e+02	8.100000e+02	0.000000e+00	3.000000e+01	0.000000e+00	0.000000e+00	0.000000e+00
7.800000e+02	8.100000e+02	3.000000e+01	6.000000e+01	0.000000e+00	0.000000e+00	0.000000e+00
7.800000e+02	8.100000e+02	6.000000e+01	9.000000e+01	0.000000e+00	0.000000e+00	0.000000e+00
7.800000e+02	8.100000e+02	9.000000e+01	1.200000e+02	0.000000e+00	0.000000e+00	0.000000e+00
7.800000e+02	8.100000e+02	1.200000e+02	1.500000e+02	0.000000e+00	0.000000e+00	0.000000e+00
7.800000e+02	8.100000e+02	1.500000e+02	1.800000e+02	0.000000e+00	0.000000e+00	0.000000e+00
7.800000e+02	8.100000e+02	1.800000e+02	2.100000e+02	0.000000e+00	0.000000e+00	0.000000e+00
7.800000e+02	8.100000e+02	2.100000e+02	2.400000e+02	1.302699e-04	1.302699e-04	1.302699e-04
7.800000e+02	8.100000e+02	2.400000e+02	2.700000e+02	0.000000e+00	0.000000e+00	0.000000e+00
7.800000e+02	8.100000e+02	2.700000e+02	3.000000e+02	1.302699e-04	1.302699e-04	1.302699e-04
7.800000e+02	8.100000e+02	3.000000e+02	3.300000e+02	0.000000e+00	0.000000e+00	0.000000e+00
7.800000e+02	8.100000e+02	3.300000e+02	3.600000e+02	0.000000e+00	0.000000e+00	0.000000e+00
7.800000e+02	8.100000e+02	3.600000e+02	3.900000e+02	0.000000e+00	0.000000e+00	0.000000e+00
7.800000e+02	8.100000e+02	3.900000e+02	4.200000e+02	1.302699e-04	1.302699e-04	1.302699e-04
7.800000e+02	8.100000e+02	4.200000e+02	4.500000e+02	0.000000e+00	0.000000e+00	0.000000e+00
7.800000e+02	8.100000e+02	4.500000e+02	4.800000e+02	0.000000e+00	0.000000e+00	0.000000e+00
7.800000e+02	8.100000e+02	4.800000e+02	5.100000e+02	0.000000e+00	0.000000e+00	0.000000e+00
7.800000e+02	8.100000e+02	5.100000e+02	5.400000e+02	2.605398e-04	1.842295e-04	1.842295e-04
7.800000e+02	8.100000e+02	5.400000e+02	5.700000e+02	2.605398e-04	1.842295e-04	1.842295e-04
7.800000e+02	8.100000e+02	5.700000e+02	6.000000e+02	1.763241e+00	1.762189e+00	1.762189e+00
7.800000e+02	8.100000e+02	6.000000e+02	6.300000e+02	1.889459e+00	1.766704e+00	1.766704e+00
7.800000e+02	8.100000e+02	6.300000e+02	6.600000e+02	3.777224e+00	2.498497e+00	2.498497e+00
7.800000e+02	8.100000e+02	6.600000e+02	6.900000e+02	1.432969e-03	4.320565e-04	4.320565e-04
7.800000e+02	8.100000e+02	6.900000e+02	7.200000e+02	1.891282e+00	1.766704e+00	1.766704e+00
7.800000e+02	8.100000e+02	7.200000e+02	7.500000e+02	9.446140e+00	3.950471e+00	3.950471e+00
7.800000e+02	8.100000e+02	7.500000e+02	7.800000e+02	1.107282e+01	4.333970e+00	4.333970e+00
7.800000e+02	8.100000e+02	7.800000e+02	8.100000e+02	1.563239e-03	4.512683e-04	4.512683e-04
7.800000e+02	8.100000e+02	8.100000e+02	8.400000e+02	0.000000e+00	0.000000e+00	0.000000e+00
7.800000e+02	8.100000e+02	8.400000e+02	8.700000e+02	0.000000e+00	0.000000e+00	0.000000e+00
7.800000e+02	8.100000e+02	8.700000e+02	9.000000e+02	0.000000e+00	0.000000e+00	0.000000e+00
8.100000e+02	8.400000e+02	0.000000e+00	3.000000e+01	0.000000e+00	0.000000e+00	0.000000e+00
8.100000e+02	8.400000e+02	3.000000e+01	6.000000e+01	0.000000e+00	0.000000e+00	0.000000e+00
8.100000e+02	8.400000e+02	6.000000e+01	9.000000e+01	0.000000e+00	0.000000e+00	0.000000e+00
8.100000e+02	8.400000e+02	9.000000e+01	1.200000e+02	0.000000e+00	0.000000e+00	0.000000e+00
8.100000e+02	8.400000e+02	1.200000e+02	1.500000e+02	0.000000e+00	0.000000e+00	0.000000e+00
8.100000e+02	8.400000e+02	1.500000e+02	1.800000e+02	0.000000e+00	0.000000e+00	0.000000e+00
8.100000e+02	8.400000e+02	1.800000e+02	2.100000e+02	0.000000e+00	0.000000e+00	0.000000e+00
8.100000e+02	8.400000e+02	2.100000e+02	2.400000e+02	1.302699e-04	1.302699e-04	1.302699e-04
8.100000e+02	8.400000e+02	2.400000e+02	2.700000e+02	0.000000e+00	0.000000e+00	0.000000e+00
8.100000e+02	8.400000e+02	2.700000e+02	3.000000e+02	0.000000e+00	0.000000e+00	0.000000e+00
8.100000e+02	8.400000e+02	3.000000e+02	3.300000e+02	0.000000e+00	0.000000e+00	0.000000e+00
8.100000e+02	8.400000e+02	3.300000e+02	3.600000e+02	0.000000e+00	0.000000e+00	0.000000e+00
8.100000e+02	8.400000e+02	3.600000e+02	3.900000e+02	0.000000e+00	0.000000e+00	0.000000e+00
8.100000e+02	8.400000e+02	3.900000e+02	4.200000e+02	3.524378e+00	2.492112e+00	2.492112e+00
8.100000e+02	8.400000e+02	4.200000e+02	4.500000e+02	0.000000e+00	0.000000e+00	0.000000e+00
8.100000e+02	8.400000e+02	4.500000e+02	4.800000e+02	1.302699e-04	1.302699e-04	1.302699e-04
8.100000e+02	8.400000e+02	4.800000e+02	5.100000e+02	1.302699e-04	1.302699e-04	1.302699e-04
8.100000e+02	8.400000e+02	5.100000e+02	5.400000e+02	0.000000e+00	0.000000e+00	0.000000e+00
8.100000e+02	8.400000e+02	5.400000e+02	5.700000e+02	0.000000e+00	0.000000e+00	0.000000e+00
8.100000e+02	8.400000e+02	5.700000e+02	6.000000e+02	1.302699e-04	1.302699e-04	1.302699e-04
8.100000e+02	8.400000e+02	6.000000e+02	6.300000e+02	2.605398e-04	1.842295e-04	1.842295e-04
8.100000e+02	8.400000e+02	6.300000e+02	6.600000e+02	3.650997e+00	2.495307e+00	2.495307e+00
8.100000e+02	8.400000e+02	6.600000e+02	6.900000e+02	3.651127e+00	2.495307e+00	2.495307e+00
8.100000e+02	8.400000e+02	6.900000e+02	7.200000e+02	1.278007e-01	1.262299e-01	1.262299e-01
8.100000e+02	8.400000e+02	7.200000e+02	7.500000e+02	1.763101e+00	1.762189e+00	1.762189e+00
8.100000e+02	8.400000e+02	7.500000e+02	7.800000e+02	2.573142e-01	1.785186e-01	1.785186e-01
8.100000e+02	8.400000e+02	7.800000e+02	8.100000e+02	2.145051e+00	1.775701e+00	1.775701e+00
8.100000e+02	8.400000e+02	8.100000e+02	8.400000e+02	1.764152e+00	1.762189e+00	1.762189e+00
8.100000e+02	8.400000e+02	8.400000e+02	8.700000e+02	0.000000e+00	0.000000e+00	0.000000e+00
8.100000e+02	8.400000e+02	8.700000e+02	9.000000e+02	0.000000e+00	0.000000e+00	0.000000e+00
8.400000e+02	8.700000e+02	0.000000e+00	3.000000e+01	0.000000e+00	0.000000e+00	0.000000e+00
8.400000e+02	8.700000e+02	3.000000e+01	6.000000e+01	0.000000e+00	0.000000e+00	0.000000e+00
8.400000e+02	8.700000e+02	6.000000e+01	9.000000e+01	0.000000e+00	0.000000e+00	0.000000e+00
8.400000e+02	8.700000e+02	9.000000e+01	1.200000e+02	0.000000e+00	0.000000e+00	0.000000e+00
8.400000e+02	8.700000e+02	1.200000e+02	1.500000e+02	0.000000e+00	0.000000e+00	0.000000e+00
8.400000e+02	8.700000e+02	1.500000e+02	1.800000e+02	0.000000e+00	0.000000e+00	0.000000e+00
8.400000e+02	8.700000e+02	1.800000e+02	2.100000e+02	0.000000e+00	0.000000e+00	0.000000e+00
8.400000e+02	8.700000e+02	2.100000e+02	2.400000e+02	0.000000e+00	0.000000e+00	0.000000e+00
8.400000e+02	8.700000e+02	2.400000e+02	2.700000e+02	0.000000e+00	0.000000e+00	0.000000e+00
8.400000e+02	8.700000e+02	2.700000e+02	3.000000e+02	0.000000e+00	0.000000e+00	0.000000e+00
8.400000e+02	8.700000e+02	3.000000e+02	3.300000e+02	0.000000e+00	0.000000e+00	0.000000e+00
8.400000e+02	8.700000e+02	3.300000e+02	3.600000e+02	0.000000e+00	0.000000e+00	0.000000e+00
8.400000e+02	8.700000e+02	3.600000e+02	3.900000e+02	0.000000e+00	0.000000e+00	0.000000e+00
8.400000e+02	8.700000e+02	3.900000e+02	4.200000e+02	0.000000e+00	0.000000e+00	0.000000e+00
8.400000e+02	8.700000e+02	4.200000e+02	4.500000e+02	0.000000e+00	0.000000e+00	0.000000e+00
8.400000e+02	8.700000e+02	4.500000e+02	4.800000e+02	0.000000e+00	0.000000e+00	0.000000e+00
8.400000e+02	8.700000e+02	4.800000e+02	5.100000e+02	0.000000e+00	0.000000e+00	0.000000e+00
8.400000e+02	8.700000e+02	5.100000e+02	5.400000e+02	0.000000e+00	0.000000e+00	0.000000e+00
8.400000e+02	8.700000e+02	5.400000e+02	5.700000e+02	0.000000e+00	0.000000e+00	0.000000e+00
8.400000e+02	8.700000e+02	5.700000e+02	6.000000e+02	1.762319e+00	1.762189e+00	1.762189e+00
8.400000e+02	8.700000e+02	6.000000e+02	6.300000e+02	0.000000e+00	0.000000e+00	0.000000e+00
8.400000e+02	8.700000e+02	6.300000e+02	6.600000e+02	3.524638e+00	2.492112e+00	2.492112e+00
8.400000e+02	8.700000e+02	6.600000e+02	6.900000e+02	1.762319e+00	1.762189e+00	1.762189e+00
8.400000e+02	8.700000e+02	6.900000e+02	7.200000e+02	1.270093e-01	1.262280e-01	1.262280e-01
8.400000e+02	8.700000e+02	7.200000e+02	7.500000e+02	7.816193e-04	3.190949e-04	3.190949e-04
8.400000e+02	8.700000e+02	7.500000e+02	7.800000e+02	1.889329e+00	1.766704e+00	1.766704e+00
8.400000e+02	8.700000e+02	7.800000e+02	8.100000e+02	3.652960e+00	2.495307e+00	2.495307e+00
8.400000e+02	8.700000e+02	8.100000e+02	8.400000e+02	1.766508e+00	1.762190e+00	1.762190e+00
8.400000e+02	8.700000e+02	8.400000e+02	8.700000e+02	1.763622e+00	1.762189e+00	1.762189e+00
8.400000e+02	8.700000e+02	8.700000e+02	9.000000e+02	0.000000e+00	0.000000e+00	0.000000e+00
8.700000e+02	9.000000e+02	0.000000e+00	3.000000e+01	0.000000e+00	0.000000e+00	0.000000e+00
8.700000e+02	9.000000e+02	3.000000e+01	6.000000e+01	0.000000e+00	0.000000e+00	0.000000e+00
8.700000e+02	9.000000e+02	6.000000e+01	9.000000e+01	0.000000e+00	0.000000e+00	0.000000e+00
8.700000e+02	9.000000e+02	9.000000e+01	1.200000e+02	0.000000e+00	0.000000e+00	0.000000e+00
8.700000e+02	9.000000e+02	1.200000e+02	1.500000e+02	0.000000e+00	0.000000e+00	0.000000e+00
8.700000e+02	9.000000e+02	1.500000e+02	1.800000e+02	0.000000e+00	0.000000e+00	0.000000e+00
8.700000e+02	9.000000e+02	1.800000e+02	2.100000e+02	0.000000e+00	0.000000e+00	0.000000e+00
8.700000e+02	9.000000e+02	2.100000e+02	2.400000e+02	0.000000e+00	0.000000e+00	0.000000e+00
8.700000e+02	9.000000e+02	2.400000e+02	2.700000e+02	0.000000e+00	0.000000e+00	0.000000e+00
8.700000e+02	9.000000e+02	2.700000e+02	3.000000e+02	0.000000e+00	0.000000e+00	0.000000e+00
8.700000e+02	9.000000e+02	3.000000e+02	3.300000e+02	0.000000e+00	0.000000e+00	0.000000e+00
8.700000e+02	9.000000e+02	3.300000e+02	3.600000e+02	1.302699e-04	1.302699e-04	1.302699e-04
8.700000e+02	9.000000e+02	3.600000e+02	3.900000e+02	0.000000e+00	0.000000e+00	0.000000e+00
8.700000e+02	9.000000e+02	3.900000e+02	4.200000e+02	0.000000e+00	0.000000e+00	0.000000e+00
8.700000e+02	9.000000e+02	4.200000e+02	4.500000e+02	0.000000e+00	0.000000e+00	0.000000e+00
8.700000e+02	9.000000e+02	4.500000e+02	4.800000e+02	0.000000e+00	0.000000e+00	0.000000e+00
8.700000e+02	9.000000e+02	4.800000e+02	5.100000e+02	0.000000e+00	0.000000e+00	0.000000e+00
8.700000e+02	9.000000e+02	5.100000e+02	5.400000e+02	0.000000e+00	0.000000e+00	0.000000e+00
8.700000e+02	9.000000e+02	5.400000e+02	5.700000e+02	1.302699e-04	1.302699e-04	1.302699e-04
8.700000e+02	9.000000e+02	5.700000e+02	6.000000e+02	1.302699e-04	1.302699e-04	1.302699e-04
8.700000e+02	9.000000e+02	6.000000e+02	6.300000e+02	1.302699e-04	1.302699e-04	1.302699e-04
8.700000e+02	9.000000e+02	6.300000e+02	6.600000e+02	0.000000e+00	0.000000e+00	0.000000e+00
8.700000e+02	9.000000e+02	6.600000e+02	6.900000e+02	3.650736e+00	2.495307e+00	2.495307e+00
8.700000e+02	9.000000e+02	6.900000e+02	7.200000e+02	1.262277e-01	1.262277e-01	1.262277e-01
8.700000e+02	9.000000e+02	7.200000e+02	7.500000e+02	1.762319e+00	1.762189e+00	1.762189e+00
8.700000e+02	9.000000e+02	7.500000e+02	7.800000e+02	1.762449e+00	1.762189e+00	1.762189e+00
8.700000e+02	9.000000e+02	7.800000e+02	8.100000e+02	2.544191e-01	1.785145e-01	1.785145e-01
8.700000e+02	9.000000e+02	8.100000e+02	8.400000e+02	9.118892e-04	3.446619e-04	3.446619e-04
8.700000e+02	9.000000e+02	8.400000e+02	8.700000e+02	1.763882e+00	1.762189e+00	1.762189e+00
8.700000e+02	9.000000e+02	8.700000e+02	9.000000e+02	1.888808e+00	1.766704e+00	1.766704e+00
# END HISTO2D

