# BEGIN HISTO2D /res/baseline_noPU_sideband/histo_mHmH_inter_SIG
Path=/res/baseline_noPU_sideband/histo_mHmH_inter_SIG
ScaledBy=1
Title=mHmH_inter_SIG
# xlow	 xhigh	 ylow	 yhigh	 val	 errminus	 errplus
0.000000e+00	6.000000e+00	0.000000e+00	6.000000e+00	0.000000e+00	0.000000e+00	0.000000e+00
0.000000e+00	6.000000e+00	6.000000e+00	1.200000e+01	0.000000e+00	0.000000e+00	0.000000e+00
0.000000e+00	6.000000e+00	1.200000e+01	1.800000e+01	0.000000e+00	0.000000e+00	0.000000e+00
0.000000e+00	6.000000e+00	1.800000e+01	2.400000e+01	0.000000e+00	0.000000e+00	0.000000e+00
0.000000e+00	6.000000e+00	2.400000e+01	3.000000e+01	0.000000e+00	0.000000e+00	0.000000e+00
0.000000e+00	6.000000e+00	3.000000e+01	3.600000e+01	0.000000e+00	0.000000e+00	0.000000e+00
0.000000e+00	6.000000e+00	3.600000e+01	4.200000e+01	0.000000e+00	0.000000e+00	0.000000e+00
0.000000e+00	6.000000e+00	4.200000e+01	4.800000e+01	0.000000e+00	0.000000e+00	0.000000e+00
0.000000e+00	6.000000e+00	4.800000e+01	5.400000e+01	0.000000e+00	0.000000e+00	0.000000e+00
0.000000e+00	6.000000e+00	5.400000e+01	6.000000e+01	0.000000e+00	0.000000e+00	0.000000e+00
0.000000e+00	6.000000e+00	6.000000e+01	6.600000e+01	0.000000e+00	0.000000e+00	0.000000e+00
0.000000e+00	6.000000e+00	6.600000e+01	7.200000e+01	0.000000e+00	0.000000e+00	0.000000e+00
0.000000e+00	6.000000e+00	7.200000e+01	7.800000e+01	0.000000e+00	0.000000e+00	0.000000e+00
0.000000e+00	6.000000e+00	7.800000e+01	8.400000e+01	0.000000e+00	0.000000e+00	0.000000e+00
0.000000e+00	6.000000e+00	8.400000e+01	9.000000e+01	0.000000e+00	0.000000e+00	0.000000e+00
0.000000e+00	6.000000e+00	9.000000e+01	9.600000e+01	0.000000e+00	0.000000e+00	0.000000e+00
0.000000e+00	6.000000e+00	9.600000e+01	1.020000e+02	0.000000e+00	0.000000e+00	0.000000e+00
0.000000e+00	6.000000e+00	1.020000e+02	1.080000e+02	0.000000e+00	0.000000e+00	0.000000e+00
0.000000e+00	6.000000e+00	1.080000e+02	1.140000e+02	0.000000e+00	0.000000e+00	0.000000e+00
0.000000e+00	6.000000e+00	1.140000e+02	1.200000e+02	0.000000e+00	0.000000e+00	0.000000e+00
0.000000e+00	6.000000e+00	1.200000e+02	1.260000e+02	0.000000e+00	0.000000e+00	0.000000e+00
0.000000e+00	6.000000e+00	1.260000e+02	1.320000e+02	0.000000e+00	0.000000e+00	0.000000e+00
0.000000e+00	6.000000e+00	1.320000e+02	1.380000e+02	0.000000e+00	0.000000e+00	0.000000e+00
0.000000e+00	6.000000e+00	1.380000e+02	1.440000e+02	0.000000e+00	0.000000e+00	0.000000e+00
0.000000e+00	6.000000e+00	1.440000e+02	1.500000e+02	0.000000e+00	0.000000e+00	0.000000e+00
0.000000e+00	6.000000e+00	1.500000e+02	1.560000e+02	0.000000e+00	0.000000e+00	0.000000e+00
0.000000e+00	6.000000e+00	1.560000e+02	1.620000e+02	0.000000e+00	0.000000e+00	0.000000e+00
0.000000e+00	6.000000e+00	1.620000e+02	1.680000e+02	0.000000e+00	0.000000e+00	0.000000e+00
0.000000e+00	6.000000e+00	1.680000e+02	1.740000e+02	0.000000e+00	0.000000e+00	0.000000e+00
0.000000e+00	6.000000e+00	1.740000e+02	1.800000e+02	0.000000e+00	0.000000e+00	0.000000e+00
6.000000e+00	1.200000e+01	0.000000e+00	6.000000e+00	0.000000e+00	0.000000e+00	0.000000e+00
6.000000e+00	1.200000e+01	6.000000e+00	1.200000e+01	0.000000e+00	0.000000e+00	0.000000e+00
6.000000e+00	1.200000e+01	1.200000e+01	1.800000e+01	0.000000e+00	0.000000e+00	0.000000e+00
6.000000e+00	1.200000e+01	1.800000e+01	2.400000e+01	0.000000e+00	0.000000e+00	0.000000e+00
6.000000e+00	1.200000e+01	2.400000e+01	3.000000e+01	0.000000e+00	0.000000e+00	0.000000e+00
6.000000e+00	1.200000e+01	3.000000e+01	3.600000e+01	0.000000e+00	0.000000e+00	0.000000e+00
6.000000e+00	1.200000e+01	3.600000e+01	4.200000e+01	0.000000e+00	0.000000e+00	0.000000e+00
6.000000e+00	1.200000e+01	4.200000e+01	4.800000e+01	0.000000e+00	0.000000e+00	0.000000e+00
6.000000e+00	1.200000e+01	4.800000e+01	5.400000e+01	0.000000e+00	0.000000e+00	0.000000e+00
6.000000e+00	1.200000e+01	5.400000e+01	6.000000e+01	0.000000e+00	0.000000e+00	0.000000e+00
6.000000e+00	1.200000e+01	6.000000e+01	6.600000e+01	0.000000e+00	0.000000e+00	0.000000e+00
6.000000e+00	1.200000e+01	6.600000e+01	7.200000e+01	0.000000e+00	0.000000e+00	0.000000e+00
6.000000e+00	1.200000e+01	7.200000e+01	7.800000e+01	0.000000e+00	0.000000e+00	0.000000e+00
6.000000e+00	1.200000e+01	7.800000e+01	8.400000e+01	0.000000e+00	0.000000e+00	0.000000e+00
6.000000e+00	1.200000e+01	8.400000e+01	9.000000e+01	0.000000e+00	0.000000e+00	0.000000e+00
6.000000e+00	1.200000e+01	9.000000e+01	9.600000e+01	0.000000e+00	0.000000e+00	0.000000e+00
6.000000e+00	1.200000e+01	9.600000e+01	1.020000e+02	0.000000e+00	0.000000e+00	0.000000e+00
6.000000e+00	1.200000e+01	1.020000e+02	1.080000e+02	0.000000e+00	0.000000e+00	0.000000e+00
6.000000e+00	1.200000e+01	1.080000e+02	1.140000e+02	0.000000e+00	0.000000e+00	0.000000e+00
6.000000e+00	1.200000e+01	1.140000e+02	1.200000e+02	0.000000e+00	0.000000e+00	0.000000e+00
6.000000e+00	1.200000e+01	1.200000e+02	1.260000e+02	0.000000e+00	0.000000e+00	0.000000e+00
6.000000e+00	1.200000e+01	1.260000e+02	1.320000e+02	0.000000e+00	0.000000e+00	0.000000e+00
6.000000e+00	1.200000e+01	1.320000e+02	1.380000e+02	0.000000e+00	0.000000e+00	0.000000e+00
6.000000e+00	1.200000e+01	1.380000e+02	1.440000e+02	0.000000e+00	0.000000e+00	0.000000e+00
6.000000e+00	1.200000e+01	1.440000e+02	1.500000e+02	0.000000e+00	0.000000e+00	0.000000e+00
6.000000e+00	1.200000e+01	1.500000e+02	1.560000e+02	0.000000e+00	0.000000e+00	0.000000e+00
6.000000e+00	1.200000e+01	1.560000e+02	1.620000e+02	0.000000e+00	0.000000e+00	0.000000e+00
6.000000e+00	1.200000e+01	1.620000e+02	1.680000e+02	0.000000e+00	0.000000e+00	0.000000e+00
6.000000e+00	1.200000e+01	1.680000e+02	1.740000e+02	0.000000e+00	0.000000e+00	0.000000e+00
6.000000e+00	1.200000e+01	1.740000e+02	1.800000e+02	0.000000e+00	0.000000e+00	0.000000e+00
1.200000e+01	1.800000e+01	0.000000e+00	6.000000e+00	0.000000e+00	0.000000e+00	0.000000e+00
1.200000e+01	1.800000e+01	6.000000e+00	1.200000e+01	0.000000e+00	0.000000e+00	0.000000e+00
1.200000e+01	1.800000e+01	1.200000e+01	1.800000e+01	0.000000e+00	0.000000e+00	0.000000e+00
1.200000e+01	1.800000e+01	1.800000e+01	2.400000e+01	0.000000e+00	0.000000e+00	0.000000e+00
1.200000e+01	1.800000e+01	2.400000e+01	3.000000e+01	0.000000e+00	0.000000e+00	0.000000e+00
1.200000e+01	1.800000e+01	3.000000e+01	3.600000e+01	0.000000e+00	0.000000e+00	0.000000e+00
1.200000e+01	1.800000e+01	3.600000e+01	4.200000e+01	0.000000e+00	0.000000e+00	0.000000e+00
1.200000e+01	1.800000e+01	4.200000e+01	4.800000e+01	0.000000e+00	0.000000e+00	0.000000e+00
1.200000e+01	1.800000e+01	4.800000e+01	5.400000e+01	0.000000e+00	0.000000e+00	0.000000e+00
1.200000e+01	1.800000e+01	5.400000e+01	6.000000e+01	0.000000e+00	0.000000e+00	0.000000e+00
1.200000e+01	1.800000e+01	6.000000e+01	6.600000e+01	0.000000e+00	0.000000e+00	0.000000e+00
1.200000e+01	1.800000e+01	6.600000e+01	7.200000e+01	0.000000e+00	0.000000e+00	0.000000e+00
1.200000e+01	1.800000e+01	7.200000e+01	7.800000e+01	0.000000e+00	0.000000e+00	0.000000e+00
1.200000e+01	1.800000e+01	7.800000e+01	8.400000e+01	0.000000e+00	0.000000e+00	0.000000e+00
1.200000e+01	1.800000e+01	8.400000e+01	9.000000e+01	0.000000e+00	0.000000e+00	0.000000e+00
1.200000e+01	1.800000e+01	9.000000e+01	9.600000e+01	0.000000e+00	0.000000e+00	0.000000e+00
1.200000e+01	1.800000e+01	9.600000e+01	1.020000e+02	0.000000e+00	0.000000e+00	0.000000e+00
1.200000e+01	1.800000e+01	1.020000e+02	1.080000e+02	0.000000e+00	0.000000e+00	0.000000e+00
1.200000e+01	1.800000e+01	1.080000e+02	1.140000e+02	0.000000e+00	0.000000e+00	0.000000e+00
1.200000e+01	1.800000e+01	1.140000e+02	1.200000e+02	0.000000e+00	0.000000e+00	0.000000e+00
1.200000e+01	1.800000e+01	1.200000e+02	1.260000e+02	0.000000e+00	0.000000e+00	0.000000e+00
1.200000e+01	1.800000e+01	1.260000e+02	1.320000e+02	0.000000e+00	0.000000e+00	0.000000e+00
1.200000e+01	1.800000e+01	1.320000e+02	1.380000e+02	0.000000e+00	0.000000e+00	0.000000e+00
1.200000e+01	1.800000e+01	1.380000e+02	1.440000e+02	0.000000e+00	0.000000e+00	0.000000e+00
1.200000e+01	1.800000e+01	1.440000e+02	1.500000e+02	0.000000e+00	0.000000e+00	0.000000e+00
1.200000e+01	1.800000e+01	1.500000e+02	1.560000e+02	0.000000e+00	0.000000e+00	0.000000e+00
1.200000e+01	1.800000e+01	1.560000e+02	1.620000e+02	0.000000e+00	0.000000e+00	0.000000e+00
1.200000e+01	1.800000e+01	1.620000e+02	1.680000e+02	0.000000e+00	0.000000e+00	0.000000e+00
1.200000e+01	1.800000e+01	1.680000e+02	1.740000e+02	0.000000e+00	0.000000e+00	0.000000e+00
1.200000e+01	1.800000e+01	1.740000e+02	1.800000e+02	0.000000e+00	0.000000e+00	0.000000e+00
1.800000e+01	2.400000e+01	0.000000e+00	6.000000e+00	0.000000e+00	0.000000e+00	0.000000e+00
1.800000e+01	2.400000e+01	6.000000e+00	1.200000e+01	0.000000e+00	0.000000e+00	0.000000e+00
1.800000e+01	2.400000e+01	1.200000e+01	1.800000e+01	0.000000e+00	0.000000e+00	0.000000e+00
1.800000e+01	2.400000e+01	1.800000e+01	2.400000e+01	0.000000e+00	0.000000e+00	0.000000e+00
1.800000e+01	2.400000e+01	2.400000e+01	3.000000e+01	0.000000e+00	0.000000e+00	0.000000e+00
1.800000e+01	2.400000e+01	3.000000e+01	3.600000e+01	0.000000e+00	0.000000e+00	0.000000e+00
1.800000e+01	2.400000e+01	3.600000e+01	4.200000e+01	0.000000e+00	0.000000e+00	0.000000e+00
1.800000e+01	2.400000e+01	4.200000e+01	4.800000e+01	0.000000e+00	0.000000e+00	0.000000e+00
1.800000e+01	2.400000e+01	4.800000e+01	5.400000e+01	0.000000e+00	0.000000e+00	0.000000e+00
1.800000e+01	2.400000e+01	5.400000e+01	6.000000e+01	0.000000e+00	0.000000e+00	0.000000e+00
1.800000e+01	2.400000e+01	6.000000e+01	6.600000e+01	0.000000e+00	0.000000e+00	0.000000e+00
1.800000e+01	2.400000e+01	6.600000e+01	7.200000e+01	0.000000e+00	0.000000e+00	0.000000e+00
1.800000e+01	2.400000e+01	7.200000e+01	7.800000e+01	0.000000e+00	0.000000e+00	0.000000e+00
1.800000e+01	2.400000e+01	7.800000e+01	8.400000e+01	0.000000e+00	0.000000e+00	0.000000e+00
1.800000e+01	2.400000e+01	8.400000e+01	9.000000e+01	0.000000e+00	0.000000e+00	0.000000e+00
1.800000e+01	2.400000e+01	9.000000e+01	9.600000e+01	0.000000e+00	0.000000e+00	0.000000e+00
1.800000e+01	2.400000e+01	9.600000e+01	1.020000e+02	0.000000e+00	0.000000e+00	0.000000e+00
1.800000e+01	2.400000e+01	1.020000e+02	1.080000e+02	0.000000e+00	0.000000e+00	0.000000e+00
1.800000e+01	2.400000e+01	1.080000e+02	1.140000e+02	0.000000e+00	0.000000e+00	0.000000e+00
1.800000e+01	2.400000e+01	1.140000e+02	1.200000e+02	0.000000e+00	0.000000e+00	0.000000e+00
1.800000e+01	2.400000e+01	1.200000e+02	1.260000e+02	0.000000e+00	0.000000e+00	0.000000e+00
1.800000e+01	2.400000e+01	1.260000e+02	1.320000e+02	0.000000e+00	0.000000e+00	0.000000e+00
1.800000e+01	2.400000e+01	1.320000e+02	1.380000e+02	0.000000e+00	0.000000e+00	0.000000e+00
1.800000e+01	2.400000e+01	1.380000e+02	1.440000e+02	0.000000e+00	0.000000e+00	0.000000e+00
1.800000e+01	2.400000e+01	1.440000e+02	1.500000e+02	0.000000e+00	0.000000e+00	0.000000e+00
1.800000e+01	2.400000e+01	1.500000e+02	1.560000e+02	0.000000e+00	0.000000e+00	0.000000e+00
1.800000e+01	2.400000e+01	1.560000e+02	1.620000e+02	0.000000e+00	0.000000e+00	0.000000e+00
1.800000e+01	2.400000e+01	1.620000e+02	1.680000e+02	0.000000e+00	0.000000e+00	0.000000e+00
1.800000e+01	2.400000e+01	1.680000e+02	1.740000e+02	0.000000e+00	0.000000e+00	0.000000e+00
1.800000e+01	2.400000e+01	1.740000e+02	1.800000e+02	0.000000e+00	0.000000e+00	0.000000e+00
2.400000e+01	3.000000e+01	0.000000e+00	6.000000e+00	0.000000e+00	0.000000e+00	0.000000e+00
2.400000e+01	3.000000e+01	6.000000e+00	1.200000e+01	0.000000e+00	0.000000e+00	0.000000e+00
2.400000e+01	3.000000e+01	1.200000e+01	1.800000e+01	0.000000e+00	0.000000e+00	0.000000e+00
2.400000e+01	3.000000e+01	1.800000e+01	2.400000e+01	0.000000e+00	0.000000e+00	0.000000e+00
2.400000e+01	3.000000e+01	2.400000e+01	3.000000e+01	0.000000e+00	0.000000e+00	0.000000e+00
2.400000e+01	3.000000e+01	3.000000e+01	3.600000e+01	0.000000e+00	0.000000e+00	0.000000e+00
2.400000e+01	3.000000e+01	3.600000e+01	4.200000e+01	0.000000e+00	0.000000e+00	0.000000e+00
2.400000e+01	3.000000e+01	4.200000e+01	4.800000e+01	0.000000e+00	0.000000e+00	0.000000e+00
2.400000e+01	3.000000e+01	4.800000e+01	5.400000e+01	0.000000e+00	0.000000e+00	0.000000e+00
2.400000e+01	3.000000e+01	5.400000e+01	6.000000e+01	0.000000e+00	0.000000e+00	0.000000e+00
2.400000e+01	3.000000e+01	6.000000e+01	6.600000e+01	0.000000e+00	0.000000e+00	0.000000e+00
2.400000e+01	3.000000e+01	6.600000e+01	7.200000e+01	0.000000e+00	0.000000e+00	0.000000e+00
2.400000e+01	3.000000e+01	7.200000e+01	7.800000e+01	0.000000e+00	0.000000e+00	0.000000e+00
2.400000e+01	3.000000e+01	7.800000e+01	8.400000e+01	0.000000e+00	0.000000e+00	0.000000e+00
2.400000e+01	3.000000e+01	8.400000e+01	9.000000e+01	0.000000e+00	0.000000e+00	0.000000e+00
2.400000e+01	3.000000e+01	9.000000e+01	9.600000e+01	0.000000e+00	0.000000e+00	0.000000e+00
2.400000e+01	3.000000e+01	9.600000e+01	1.020000e+02	0.000000e+00	0.000000e+00	0.000000e+00
2.400000e+01	3.000000e+01	1.020000e+02	1.080000e+02	0.000000e+00	0.000000e+00	0.000000e+00
2.400000e+01	3.000000e+01	1.080000e+02	1.140000e+02	0.000000e+00	0.000000e+00	0.000000e+00
2.400000e+01	3.000000e+01	1.140000e+02	1.200000e+02	0.000000e+00	0.000000e+00	0.000000e+00
2.400000e+01	3.000000e+01	1.200000e+02	1.260000e+02	0.000000e+00	0.000000e+00	0.000000e+00
2.400000e+01	3.000000e+01	1.260000e+02	1.320000e+02	0.000000e+00	0.000000e+00	0.000000e+00
2.400000e+01	3.000000e+01	1.320000e+02	1.380000e+02	0.000000e+00	0.000000e+00	0.000000e+00
2.400000e+01	3.000000e+01	1.380000e+02	1.440000e+02	0.000000e+00	0.000000e+00	0.000000e+00
2.400000e+01	3.000000e+01	1.440000e+02	1.500000e+02	0.000000e+00	0.000000e+00	0.000000e+00
2.400000e+01	3.000000e+01	1.500000e+02	1.560000e+02	0.000000e+00	0.000000e+00	0.000000e+00
2.400000e+01	3.000000e+01	1.560000e+02	1.620000e+02	0.000000e+00	0.000000e+00	0.000000e+00
2.400000e+01	3.000000e+01	1.620000e+02	1.680000e+02	0.000000e+00	0.000000e+00	0.000000e+00
2.400000e+01	3.000000e+01	1.680000e+02	1.740000e+02	0.000000e+00	0.000000e+00	0.000000e+00
2.400000e+01	3.000000e+01	1.740000e+02	1.800000e+02	0.000000e+00	0.000000e+00	0.000000e+00
3.000000e+01	3.600000e+01	0.000000e+00	6.000000e+00	0.000000e+00	0.000000e+00	0.000000e+00
3.000000e+01	3.600000e+01	6.000000e+00	1.200000e+01	0.000000e+00	0.000000e+00	0.000000e+00
3.000000e+01	3.600000e+01	1.200000e+01	1.800000e+01	0.000000e+00	0.000000e+00	0.000000e+00
3.000000e+01	3.600000e+01	1.800000e+01	2.400000e+01	0.000000e+00	0.000000e+00	0.000000e+00
3.000000e+01	3.600000e+01	2.400000e+01	3.000000e+01	0.000000e+00	0.000000e+00	0.000000e+00
3.000000e+01	3.600000e+01	3.000000e+01	3.600000e+01	0.000000e+00	0.000000e+00	0.000000e+00
3.000000e+01	3.600000e+01	3.600000e+01	4.200000e+01	0.000000e+00	0.000000e+00	0.000000e+00
3.000000e+01	3.600000e+01	4.200000e+01	4.800000e+01	0.000000e+00	0.000000e+00	0.000000e+00
3.000000e+01	3.600000e+01	4.800000e+01	5.400000e+01	0.000000e+00	0.000000e+00	0.000000e+00
3.000000e+01	3.600000e+01	5.400000e+01	6.000000e+01	0.000000e+00	0.000000e+00	0.000000e+00
3.000000e+01	3.600000e+01	6.000000e+01	6.600000e+01	0.000000e+00	0.000000e+00	0.000000e+00
3.000000e+01	3.600000e+01	6.600000e+01	7.200000e+01	0.000000e+00	0.000000e+00	0.000000e+00
3.000000e+01	3.600000e+01	7.200000e+01	7.800000e+01	0.000000e+00	0.000000e+00	0.000000e+00
3.000000e+01	3.600000e+01	7.800000e+01	8.400000e+01	0.000000e+00	0.000000e+00	0.000000e+00
3.000000e+01	3.600000e+01	8.400000e+01	9.000000e+01	0.000000e+00	0.000000e+00	0.000000e+00
3.000000e+01	3.600000e+01	9.000000e+01	9.600000e+01	0.000000e+00	0.000000e+00	0.000000e+00
3.000000e+01	3.600000e+01	9.600000e+01	1.020000e+02	0.000000e+00	0.000000e+00	0.000000e+00
3.000000e+01	3.600000e+01	1.020000e+02	1.080000e+02	0.000000e+00	0.000000e+00	0.000000e+00
3.000000e+01	3.600000e+01	1.080000e+02	1.140000e+02	0.000000e+00	0.000000e+00	0.000000e+00
3.000000e+01	3.600000e+01	1.140000e+02	1.200000e+02	0.000000e+00	0.000000e+00	0.000000e+00
3.000000e+01	3.600000e+01	1.200000e+02	1.260000e+02	0.000000e+00	0.000000e+00	0.000000e+00
3.000000e+01	3.600000e+01	1.260000e+02	1.320000e+02	0.000000e+00	0.000000e+00	0.000000e+00
3.000000e+01	3.600000e+01	1.320000e+02	1.380000e+02	0.000000e+00	0.000000e+00	0.000000e+00
3.000000e+01	3.600000e+01	1.380000e+02	1.440000e+02	0.000000e+00	0.000000e+00	0.000000e+00
3.000000e+01	3.600000e+01	1.440000e+02	1.500000e+02	0.000000e+00	0.000000e+00	0.000000e+00
3.000000e+01	3.600000e+01	1.500000e+02	1.560000e+02	0.000000e+00	0.000000e+00	0.000000e+00
3.000000e+01	3.600000e+01	1.560000e+02	1.620000e+02	0.000000e+00	0.000000e+00	0.000000e+00
3.000000e+01	3.600000e+01	1.620000e+02	1.680000e+02	0.000000e+00	0.000000e+00	0.000000e+00
3.000000e+01	3.600000e+01	1.680000e+02	1.740000e+02	0.000000e+00	0.000000e+00	0.000000e+00
3.000000e+01	3.600000e+01	1.740000e+02	1.800000e+02	0.000000e+00	0.000000e+00	0.000000e+00
3.600000e+01	4.200000e+01	0.000000e+00	6.000000e+00	0.000000e+00	0.000000e+00	0.000000e+00
3.600000e+01	4.200000e+01	6.000000e+00	1.200000e+01	0.000000e+00	0.000000e+00	0.000000e+00
3.600000e+01	4.200000e+01	1.200000e+01	1.800000e+01	0.000000e+00	0.000000e+00	0.000000e+00
3.600000e+01	4.200000e+01	1.800000e+01	2.400000e+01	0.000000e+00	0.000000e+00	0.000000e+00
3.600000e+01	4.200000e+01	2.400000e+01	3.000000e+01	0.000000e+00	0.000000e+00	0.000000e+00
3.600000e+01	4.200000e+01	3.000000e+01	3.600000e+01	0.000000e+00	0.000000e+00	0.000000e+00
3.600000e+01	4.200000e+01	3.600000e+01	4.200000e+01	0.000000e+00	0.000000e+00	0.000000e+00
3.600000e+01	4.200000e+01	4.200000e+01	4.800000e+01	0.000000e+00	0.000000e+00	0.000000e+00
3.600000e+01	4.200000e+01	4.800000e+01	5.400000e+01	0.000000e+00	0.000000e+00	0.000000e+00
3.600000e+01	4.200000e+01	5.400000e+01	6.000000e+01	0.000000e+00	0.000000e+00	0.000000e+00
3.600000e+01	4.200000e+01	6.000000e+01	6.600000e+01	0.000000e+00	0.000000e+00	0.000000e+00
3.600000e+01	4.200000e+01	6.600000e+01	7.200000e+01	0.000000e+00	0.000000e+00	0.000000e+00
3.600000e+01	4.200000e+01	7.200000e+01	7.800000e+01	0.000000e+00	0.000000e+00	0.000000e+00
3.600000e+01	4.200000e+01	7.800000e+01	8.400000e+01	0.000000e+00	0.000000e+00	0.000000e+00
3.600000e+01	4.200000e+01	8.400000e+01	9.000000e+01	0.000000e+00	0.000000e+00	0.000000e+00
3.600000e+01	4.200000e+01	9.000000e+01	9.600000e+01	0.000000e+00	0.000000e+00	0.000000e+00
3.600000e+01	4.200000e+01	9.600000e+01	1.020000e+02	0.000000e+00	0.000000e+00	0.000000e+00
3.600000e+01	4.200000e+01	1.020000e+02	1.080000e+02	0.000000e+00	0.000000e+00	0.000000e+00
3.600000e+01	4.200000e+01	1.080000e+02	1.140000e+02	0.000000e+00	0.000000e+00	0.000000e+00
3.600000e+01	4.200000e+01	1.140000e+02	1.200000e+02	0.000000e+00	0.000000e+00	0.000000e+00
3.600000e+01	4.200000e+01	1.200000e+02	1.260000e+02	0.000000e+00	0.000000e+00	0.000000e+00
3.600000e+01	4.200000e+01	1.260000e+02	1.320000e+02	0.000000e+00	0.000000e+00	0.000000e+00
3.600000e+01	4.200000e+01	1.320000e+02	1.380000e+02	0.000000e+00	0.000000e+00	0.000000e+00
3.600000e+01	4.200000e+01	1.380000e+02	1.440000e+02	0.000000e+00	0.000000e+00	0.000000e+00
3.600000e+01	4.200000e+01	1.440000e+02	1.500000e+02	0.000000e+00	0.000000e+00	0.000000e+00
3.600000e+01	4.200000e+01	1.500000e+02	1.560000e+02	0.000000e+00	0.000000e+00	0.000000e+00
3.600000e+01	4.200000e+01	1.560000e+02	1.620000e+02	0.000000e+00	0.000000e+00	0.000000e+00
3.600000e+01	4.200000e+01	1.620000e+02	1.680000e+02	0.000000e+00	0.000000e+00	0.000000e+00
3.600000e+01	4.200000e+01	1.680000e+02	1.740000e+02	0.000000e+00	0.000000e+00	0.000000e+00
3.600000e+01	4.200000e+01	1.740000e+02	1.800000e+02	0.000000e+00	0.000000e+00	0.000000e+00
4.200000e+01	4.800000e+01	0.000000e+00	6.000000e+00	0.000000e+00	0.000000e+00	0.000000e+00
4.200000e+01	4.800000e+01	6.000000e+00	1.200000e+01	0.000000e+00	0.000000e+00	0.000000e+00
4.200000e+01	4.800000e+01	1.200000e+01	1.800000e+01	0.000000e+00	0.000000e+00	0.000000e+00
4.200000e+01	4.800000e+01	1.800000e+01	2.400000e+01	0.000000e+00	0.000000e+00	0.000000e+00
4.200000e+01	4.800000e+01	2.400000e+01	3.000000e+01	0.000000e+00	0.000000e+00	0.000000e+00
4.200000e+01	4.800000e+01	3.000000e+01	3.600000e+01	0.000000e+00	0.000000e+00	0.000000e+00
4.200000e+01	4.800000e+01	3.600000e+01	4.200000e+01	0.000000e+00	0.000000e+00	0.000000e+00
4.200000e+01	4.800000e+01	4.200000e+01	4.800000e+01	0.000000e+00	0.000000e+00	0.000000e+00
4.200000e+01	4.800000e+01	4.800000e+01	5.400000e+01	0.000000e+00	0.000000e+00	0.000000e+00
4.200000e+01	4.800000e+01	5.400000e+01	6.000000e+01	0.000000e+00	0.000000e+00	0.000000e+00
4.200000e+01	4.800000e+01	6.000000e+01	6.600000e+01	0.000000e+00	0.000000e+00	0.000000e+00
4.200000e+01	4.800000e+01	6.600000e+01	7.200000e+01	0.000000e+00	0.000000e+00	0.000000e+00
4.200000e+01	4.800000e+01	7.200000e+01	7.800000e+01	0.000000e+00	0.000000e+00	0.000000e+00
4.200000e+01	4.800000e+01	7.800000e+01	8.400000e+01	0.000000e+00	0.000000e+00	0.000000e+00
4.200000e+01	4.800000e+01	8.400000e+01	9.000000e+01	0.000000e+00	0.000000e+00	0.000000e+00
4.200000e+01	4.800000e+01	9.000000e+01	9.600000e+01	0.000000e+00	0.000000e+00	0.000000e+00
4.200000e+01	4.800000e+01	9.600000e+01	1.020000e+02	0.000000e+00	0.000000e+00	0.000000e+00
4.200000e+01	4.800000e+01	1.020000e+02	1.080000e+02	0.000000e+00	0.000000e+00	0.000000e+00
4.200000e+01	4.800000e+01	1.080000e+02	1.140000e+02	0.000000e+00	0.000000e+00	0.000000e+00
4.200000e+01	4.800000e+01	1.140000e+02	1.200000e+02	0.000000e+00	0.000000e+00	0.000000e+00
4.200000e+01	4.800000e+01	1.200000e+02	1.260000e+02	0.000000e+00	0.000000e+00	0.000000e+00
4.200000e+01	4.800000e+01	1.260000e+02	1.320000e+02	0.000000e+00	0.000000e+00	0.000000e+00
4.200000e+01	4.800000e+01	1.320000e+02	1.380000e+02	0.000000e+00	0.000000e+00	0.000000e+00
4.200000e+01	4.800000e+01	1.380000e+02	1.440000e+02	0.000000e+00	0.000000e+00	0.000000e+00
4.200000e+01	4.800000e+01	1.440000e+02	1.500000e+02	0.000000e+00	0.000000e+00	0.000000e+00
4.200000e+01	4.800000e+01	1.500000e+02	1.560000e+02	0.000000e+00	0.000000e+00	0.000000e+00
4.200000e+01	4.800000e+01	1.560000e+02	1.620000e+02	0.000000e+00	0.000000e+00	0.000000e+00
4.200000e+01	4.800000e+01	1.620000e+02	1.680000e+02	0.000000e+00	0.000000e+00	0.000000e+00
4.200000e+01	4.800000e+01	1.680000e+02	1.740000e+02	0.000000e+00	0.000000e+00	0.000000e+00
4.200000e+01	4.800000e+01	1.740000e+02	1.800000e+02	0.000000e+00	0.000000e+00	0.000000e+00
4.800000e+01	5.400000e+01	0.000000e+00	6.000000e+00	0.000000e+00	0.000000e+00	0.000000e+00
4.800000e+01	5.400000e+01	6.000000e+00	1.200000e+01	0.000000e+00	0.000000e+00	0.000000e+00
4.800000e+01	5.400000e+01	1.200000e+01	1.800000e+01	0.000000e+00	0.000000e+00	0.000000e+00
4.800000e+01	5.400000e+01	1.800000e+01	2.400000e+01	0.000000e+00	0.000000e+00	0.000000e+00
4.800000e+01	5.400000e+01	2.400000e+01	3.000000e+01	0.000000e+00	0.000000e+00	0.000000e+00
4.800000e+01	5.400000e+01	3.000000e+01	3.600000e+01	0.000000e+00	0.000000e+00	0.000000e+00
4.800000e+01	5.400000e+01	3.600000e+01	4.200000e+01	0.000000e+00	0.000000e+00	0.000000e+00
4.800000e+01	5.400000e+01	4.200000e+01	4.800000e+01	0.000000e+00	0.000000e+00	0.000000e+00
4.800000e+01	5.400000e+01	4.800000e+01	5.400000e+01	0.000000e+00	0.000000e+00	0.000000e+00
4.800000e+01	5.400000e+01	5.400000e+01	6.000000e+01	0.000000e+00	0.000000e+00	0.000000e+00
4.800000e+01	5.400000e+01	6.000000e+01	6.600000e+01	0.000000e+00	0.000000e+00	0.000000e+00
4.800000e+01	5.400000e+01	6.600000e+01	7.200000e+01	0.000000e+00	0.000000e+00	0.000000e+00
4.800000e+01	5.400000e+01	7.200000e+01	7.800000e+01	0.000000e+00	0.000000e+00	0.000000e+00
4.800000e+01	5.400000e+01	7.800000e+01	8.400000e+01	0.000000e+00	0.000000e+00	0.000000e+00
4.800000e+01	5.400000e+01	8.400000e+01	9.000000e+01	0.000000e+00	0.000000e+00	0.000000e+00
4.800000e+01	5.400000e+01	9.000000e+01	9.600000e+01	0.000000e+00	0.000000e+00	0.000000e+00
4.800000e+01	5.400000e+01	9.600000e+01	1.020000e+02	0.000000e+00	0.000000e+00	0.000000e+00
4.800000e+01	5.400000e+01	1.020000e+02	1.080000e+02	0.000000e+00	0.000000e+00	0.000000e+00
4.800000e+01	5.400000e+01	1.080000e+02	1.140000e+02	0.000000e+00	0.000000e+00	0.000000e+00
4.800000e+01	5.400000e+01	1.140000e+02	1.200000e+02	0.000000e+00	0.000000e+00	0.000000e+00
4.800000e+01	5.400000e+01	1.200000e+02	1.260000e+02	0.000000e+00	0.000000e+00	0.000000e+00
4.800000e+01	5.400000e+01	1.260000e+02	1.320000e+02	0.000000e+00	0.000000e+00	0.000000e+00
4.800000e+01	5.400000e+01	1.320000e+02	1.380000e+02	0.000000e+00	0.000000e+00	0.000000e+00
4.800000e+01	5.400000e+01	1.380000e+02	1.440000e+02	0.000000e+00	0.000000e+00	0.000000e+00
4.800000e+01	5.400000e+01	1.440000e+02	1.500000e+02	0.000000e+00	0.000000e+00	0.000000e+00
4.800000e+01	5.400000e+01	1.500000e+02	1.560000e+02	0.000000e+00	0.000000e+00	0.000000e+00
4.800000e+01	5.400000e+01	1.560000e+02	1.620000e+02	0.000000e+00	0.000000e+00	0.000000e+00
4.800000e+01	5.400000e+01	1.620000e+02	1.680000e+02	0.000000e+00	0.000000e+00	0.000000e+00
4.800000e+01	5.400000e+01	1.680000e+02	1.740000e+02	0.000000e+00	0.000000e+00	0.000000e+00
4.800000e+01	5.400000e+01	1.740000e+02	1.800000e+02	0.000000e+00	0.000000e+00	0.000000e+00
5.400000e+01	6.000000e+01	0.000000e+00	6.000000e+00	0.000000e+00	0.000000e+00	0.000000e+00
5.400000e+01	6.000000e+01	6.000000e+00	1.200000e+01	0.000000e+00	0.000000e+00	0.000000e+00
5.400000e+01	6.000000e+01	1.200000e+01	1.800000e+01	0.000000e+00	0.000000e+00	0.000000e+00
5.400000e+01	6.000000e+01	1.800000e+01	2.400000e+01	0.000000e+00	0.000000e+00	0.000000e+00
5.400000e+01	6.000000e+01	2.400000e+01	3.000000e+01	0.000000e+00	0.000000e+00	0.000000e+00
5.400000e+01	6.000000e+01	3.000000e+01	3.600000e+01	0.000000e+00	0.000000e+00	0.000000e+00
5.400000e+01	6.000000e+01	3.600000e+01	4.200000e+01	0.000000e+00	0.000000e+00	0.000000e+00
5.400000e+01	6.000000e+01	4.200000e+01	4.800000e+01	0.000000e+00	0.000000e+00	0.000000e+00
5.400000e+01	6.000000e+01	4.800000e+01	5.400000e+01	0.000000e+00	0.000000e+00	0.000000e+00
5.400000e+01	6.000000e+01	5.400000e+01	6.000000e+01	0.000000e+00	0.000000e+00	0.000000e+00
5.400000e+01	6.000000e+01	6.000000e+01	6.600000e+01	0.000000e+00	0.000000e+00	0.000000e+00
5.400000e+01	6.000000e+01	6.600000e+01	7.200000e+01	0.000000e+00	0.000000e+00	0.000000e+00
5.400000e+01	6.000000e+01	7.200000e+01	7.800000e+01	0.000000e+00	0.000000e+00	0.000000e+00
5.400000e+01	6.000000e+01	7.800000e+01	8.400000e+01	0.000000e+00	0.000000e+00	0.000000e+00
5.400000e+01	6.000000e+01	8.400000e+01	9.000000e+01	0.000000e+00	0.000000e+00	0.000000e+00
5.400000e+01	6.000000e+01	9.000000e+01	9.600000e+01	0.000000e+00	0.000000e+00	0.000000e+00
5.400000e+01	6.000000e+01	9.600000e+01	1.020000e+02	0.000000e+00	0.000000e+00	0.000000e+00
5.400000e+01	6.000000e+01	1.020000e+02	1.080000e+02	0.000000e+00	0.000000e+00	0.000000e+00
5.400000e+01	6.000000e+01	1.080000e+02	1.140000e+02	0.000000e+00	0.000000e+00	0.000000e+00
5.400000e+01	6.000000e+01	1.140000e+02	1.200000e+02	0.000000e+00	0.000000e+00	0.000000e+00
5.400000e+01	6.000000e+01	1.200000e+02	1.260000e+02	0.000000e+00	0.000000e+00	0.000000e+00
5.400000e+01	6.000000e+01	1.260000e+02	1.320000e+02	0.000000e+00	0.000000e+00	0.000000e+00
5.400000e+01	6.000000e+01	1.320000e+02	1.380000e+02	0.000000e+00	0.000000e+00	0.000000e+00
5.400000e+01	6.000000e+01	1.380000e+02	1.440000e+02	0.000000e+00	0.000000e+00	0.000000e+00
5.400000e+01	6.000000e+01	1.440000e+02	1.500000e+02	0.000000e+00	0.000000e+00	0.000000e+00
5.400000e+01	6.000000e+01	1.500000e+02	1.560000e+02	0.000000e+00	0.000000e+00	0.000000e+00
5.400000e+01	6.000000e+01	1.560000e+02	1.620000e+02	0.000000e+00	0.000000e+00	0.000000e+00
5.400000e+01	6.000000e+01	1.620000e+02	1.680000e+02	0.000000e+00	0.000000e+00	0.000000e+00
5.400000e+01	6.000000e+01	1.680000e+02	1.740000e+02	0.000000e+00	0.000000e+00	0.000000e+00
5.400000e+01	6.000000e+01	1.740000e+02	1.800000e+02	0.000000e+00	0.000000e+00	0.000000e+00
6.000000e+01	6.600000e+01	0.000000e+00	6.000000e+00	0.000000e+00	0.000000e+00	0.000000e+00
6.000000e+01	6.600000e+01	6.000000e+00	1.200000e+01	0.000000e+00	0.000000e+00	0.000000e+00
6.000000e+01	6.600000e+01	1.200000e+01	1.800000e+01	0.000000e+00	0.000000e+00	0.000000e+00
6.000000e+01	6.600000e+01	1.800000e+01	2.400000e+01	0.000000e+00	0.000000e+00	0.000000e+00
6.000000e+01	6.600000e+01	2.400000e+01	3.000000e+01	0.000000e+00	0.000000e+00	0.000000e+00
6.000000e+01	6.600000e+01	3.000000e+01	3.600000e+01	0.000000e+00	0.000000e+00	0.000000e+00
6.000000e+01	6.600000e+01	3.600000e+01	4.200000e+01	0.000000e+00	0.000000e+00	0.000000e+00
6.000000e+01	6.600000e+01	4.200000e+01	4.800000e+01	0.000000e+00	0.000000e+00	0.000000e+00
6.000000e+01	6.600000e+01	4.800000e+01	5.400000e+01	0.000000e+00	0.000000e+00	0.000000e+00
6.000000e+01	6.600000e+01	5.400000e+01	6.000000e+01	0.000000e+00	0.000000e+00	0.000000e+00
6.000000e+01	6.600000e+01	6.000000e+01	6.600000e+01	0.000000e+00	0.000000e+00	0.000000e+00
6.000000e+01	6.600000e+01	6.600000e+01	7.200000e+01	0.000000e+00	0.000000e+00	0.000000e+00
6.000000e+01	6.600000e+01	7.200000e+01	7.800000e+01	0.000000e+00	0.000000e+00	0.000000e+00
6.000000e+01	6.600000e+01	7.800000e+01	8.400000e+01	0.000000e+00	0.000000e+00	0.000000e+00
6.000000e+01	6.600000e+01	8.400000e+01	9.000000e+01	0.000000e+00	0.000000e+00	0.000000e+00
6.000000e+01	6.600000e+01	9.000000e+01	9.600000e+01	0.000000e+00	0.000000e+00	0.000000e+00
6.000000e+01	6.600000e+01	9.600000e+01	1.020000e+02	0.000000e+00	0.000000e+00	0.000000e+00
6.000000e+01	6.600000e+01	1.020000e+02	1.080000e+02	0.000000e+00	0.000000e+00	0.000000e+00
6.000000e+01	6.600000e+01	1.080000e+02	1.140000e+02	0.000000e+00	0.000000e+00	0.000000e+00
6.000000e+01	6.600000e+01	1.140000e+02	1.200000e+02	0.000000e+00	0.000000e+00	0.000000e+00
6.000000e+01	6.600000e+01	1.200000e+02	1.260000e+02	0.000000e+00	0.000000e+00	0.000000e+00
6.000000e+01	6.600000e+01	1.260000e+02	1.320000e+02	0.000000e+00	0.000000e+00	0.000000e+00
6.000000e+01	6.600000e+01	1.320000e+02	1.380000e+02	0.000000e+00	0.000000e+00	0.000000e+00
6.000000e+01	6.600000e+01	1.380000e+02	1.440000e+02	0.000000e+00	0.000000e+00	0.000000e+00
6.000000e+01	6.600000e+01	1.440000e+02	1.500000e+02	0.000000e+00	0.000000e+00	0.000000e+00
6.000000e+01	6.600000e+01	1.500000e+02	1.560000e+02	0.000000e+00	0.000000e+00	0.000000e+00
6.000000e+01	6.600000e+01	1.560000e+02	1.620000e+02	0.000000e+00	0.000000e+00	0.000000e+00
6.000000e+01	6.600000e+01	1.620000e+02	1.680000e+02	0.000000e+00	0.000000e+00	0.000000e+00
6.000000e+01	6.600000e+01	1.680000e+02	1.740000e+02	0.000000e+00	0.000000e+00	0.000000e+00
6.000000e+01	6.600000e+01	1.740000e+02	1.800000e+02	0.000000e+00	0.000000e+00	0.000000e+00
6.600000e+01	7.200000e+01	0.000000e+00	6.000000e+00	0.000000e+00	0.000000e+00	0.000000e+00
6.600000e+01	7.200000e+01	6.000000e+00	1.200000e+01	0.000000e+00	0.000000e+00	0.000000e+00
6.600000e+01	7.200000e+01	1.200000e+01	1.800000e+01	0.000000e+00	0.000000e+00	0.000000e+00
6.600000e+01	7.200000e+01	1.800000e+01	2.400000e+01	0.000000e+00	0.000000e+00	0.000000e+00
6.600000e+01	7.200000e+01	2.400000e+01	3.000000e+01	0.000000e+00	0.000000e+00	0.000000e+00
6.600000e+01	7.200000e+01	3.000000e+01	3.600000e+01	0.000000e+00	0.000000e+00	0.000000e+00
6.600000e+01	7.200000e+01	3.600000e+01	4.200000e+01	0.000000e+00	0.000000e+00	0.000000e+00
6.600000e+01	7.200000e+01	4.200000e+01	4.800000e+01	0.000000e+00	0.000000e+00	0.000000e+00
6.600000e+01	7.200000e+01	4.800000e+01	5.400000e+01	0.000000e+00	0.000000e+00	0.000000e+00
6.600000e+01	7.200000e+01	5.400000e+01	6.000000e+01	0.000000e+00	0.000000e+00	0.000000e+00
6.600000e+01	7.200000e+01	6.000000e+01	6.600000e+01	0.000000e+00	0.000000e+00	0.000000e+00
6.600000e+01	7.200000e+01	6.600000e+01	7.200000e+01	0.000000e+00	0.000000e+00	0.000000e+00
6.600000e+01	7.200000e+01	7.200000e+01	7.800000e+01	0.000000e+00	0.000000e+00	0.000000e+00
6.600000e+01	7.200000e+01	7.800000e+01	8.400000e+01	0.000000e+00	0.000000e+00	0.000000e+00
6.600000e+01	7.200000e+01	8.400000e+01	9.000000e+01	0.000000e+00	0.000000e+00	0.000000e+00
6.600000e+01	7.200000e+01	9.000000e+01	9.600000e+01	0.000000e+00	0.000000e+00	0.000000e+00
6.600000e+01	7.200000e+01	9.600000e+01	1.020000e+02	0.000000e+00	0.000000e+00	0.000000e+00
6.600000e+01	7.200000e+01	1.020000e+02	1.080000e+02	0.000000e+00	0.000000e+00	0.000000e+00
6.600000e+01	7.200000e+01	1.080000e+02	1.140000e+02	0.000000e+00	0.000000e+00	0.000000e+00
6.600000e+01	7.200000e+01	1.140000e+02	1.200000e+02	0.000000e+00	0.000000e+00	0.000000e+00
6.600000e+01	7.200000e+01	1.200000e+02	1.260000e+02	0.000000e+00	0.000000e+00	0.000000e+00
6.600000e+01	7.200000e+01	1.260000e+02	1.320000e+02	0.000000e+00	0.000000e+00	0.000000e+00
6.600000e+01	7.200000e+01	1.320000e+02	1.380000e+02	0.000000e+00	0.000000e+00	0.000000e+00
6.600000e+01	7.200000e+01	1.380000e+02	1.440000e+02	0.000000e+00	0.000000e+00	0.000000e+00
6.600000e+01	7.200000e+01	1.440000e+02	1.500000e+02	0.000000e+00	0.000000e+00	0.000000e+00
6.600000e+01	7.200000e+01	1.500000e+02	1.560000e+02	0.000000e+00	0.000000e+00	0.000000e+00
6.600000e+01	7.200000e+01	1.560000e+02	1.620000e+02	0.000000e+00	0.000000e+00	0.000000e+00
6.600000e+01	7.200000e+01	1.620000e+02	1.680000e+02	0.000000e+00	0.000000e+00	0.000000e+00
6.600000e+01	7.200000e+01	1.680000e+02	1.740000e+02	0.000000e+00	0.000000e+00	0.000000e+00
6.600000e+01	7.200000e+01	1.740000e+02	1.800000e+02	0.000000e+00	0.000000e+00	0.000000e+00
7.200000e+01	7.800000e+01	0.000000e+00	6.000000e+00	0.000000e+00	0.000000e+00	0.000000e+00
7.200000e+01	7.800000e+01	6.000000e+00	1.200000e+01	0.000000e+00	0.000000e+00	0.000000e+00
7.200000e+01	7.800000e+01	1.200000e+01	1.800000e+01	0.000000e+00	0.000000e+00	0.000000e+00
7.200000e+01	7.800000e+01	1.800000e+01	2.400000e+01	0.000000e+00	0.000000e+00	0.000000e+00
7.200000e+01	7.800000e+01	2.400000e+01	3.000000e+01	0.000000e+00	0.000000e+00	0.000000e+00
7.200000e+01	7.800000e+01	3.000000e+01	3.600000e+01	0.000000e+00	0.000000e+00	0.000000e+00
7.200000e+01	7.800000e+01	3.600000e+01	4.200000e+01	0.000000e+00	0.000000e+00	0.000000e+00
7.200000e+01	7.800000e+01	4.200000e+01	4.800000e+01	0.000000e+00	0.000000e+00	0.000000e+00
7.200000e+01	7.800000e+01	4.800000e+01	5.400000e+01	0.000000e+00	0.000000e+00	0.000000e+00
7.200000e+01	7.800000e+01	5.400000e+01	6.000000e+01	0.000000e+00	0.000000e+00	0.000000e+00
7.200000e+01	7.800000e+01	6.000000e+01	6.600000e+01	0.000000e+00	0.000000e+00	0.000000e+00
7.200000e+01	7.800000e+01	6.600000e+01	7.200000e+01	0.000000e+00	0.000000e+00	0.000000e+00
7.200000e+01	7.800000e+01	7.200000e+01	7.800000e+01	0.000000e+00	0.000000e+00	0.000000e+00
7.200000e+01	7.800000e+01	7.800000e+01	8.400000e+01	0.000000e+00	0.000000e+00	0.000000e+00
7.200000e+01	7.800000e+01	8.400000e+01	9.000000e+01	0.000000e+00	0.000000e+00	0.000000e+00
7.200000e+01	7.800000e+01	9.000000e+01	9.600000e+01	0.000000e+00	0.000000e+00	0.000000e+00
7.200000e+01	7.800000e+01	9.600000e+01	1.020000e+02	0.000000e+00	0.000000e+00	0.000000e+00
7.200000e+01	7.800000e+01	1.020000e+02	1.080000e+02	0.000000e+00	0.000000e+00	0.000000e+00
7.200000e+01	7.800000e+01	1.080000e+02	1.140000e+02	0.000000e+00	0.000000e+00	0.000000e+00
7.200000e+01	7.800000e+01	1.140000e+02	1.200000e+02	0.000000e+00	0.000000e+00	0.000000e+00
7.200000e+01	7.800000e+01	1.200000e+02	1.260000e+02	0.000000e+00	0.000000e+00	0.000000e+00
7.200000e+01	7.800000e+01	1.260000e+02	1.320000e+02	0.000000e+00	0.000000e+00	0.000000e+00
7.200000e+01	7.800000e+01	1.320000e+02	1.380000e+02	0.000000e+00	0.000000e+00	0.000000e+00
7.200000e+01	7.800000e+01	1.380000e+02	1.440000e+02	0.000000e+00	0.000000e+00	0.000000e+00
7.200000e+01	7.800000e+01	1.440000e+02	1.500000e+02	0.000000e+00	0.000000e+00	0.000000e+00
7.200000e+01	7.800000e+01	1.500000e+02	1.560000e+02	0.000000e+00	0.000000e+00	0.000000e+00
7.200000e+01	7.800000e+01	1.560000e+02	1.620000e+02	0.000000e+00	0.000000e+00	0.000000e+00
7.200000e+01	7.800000e+01	1.620000e+02	1.680000e+02	0.000000e+00	0.000000e+00	0.000000e+00
7.200000e+01	7.800000e+01	1.680000e+02	1.740000e+02	0.000000e+00	0.000000e+00	0.000000e+00
7.200000e+01	7.800000e+01	1.740000e+02	1.800000e+02	0.000000e+00	0.000000e+00	0.000000e+00
7.800000e+01	8.400000e+01	0.000000e+00	6.000000e+00	0.000000e+00	0.000000e+00	0.000000e+00
7.800000e+01	8.400000e+01	6.000000e+00	1.200000e+01	0.000000e+00	0.000000e+00	0.000000e+00
7.800000e+01	8.400000e+01	1.200000e+01	1.800000e+01	0.000000e+00	0.000000e+00	0.000000e+00
7.800000e+01	8.400000e+01	1.800000e+01	2.400000e+01	0.000000e+00	0.000000e+00	0.000000e+00
7.800000e+01	8.400000e+01	2.400000e+01	3.000000e+01	0.000000e+00	0.000000e+00	0.000000e+00
7.800000e+01	8.400000e+01	3.000000e+01	3.600000e+01	0.000000e+00	0.000000e+00	0.000000e+00
7.800000e+01	8.400000e+01	3.600000e+01	4.200000e+01	0.000000e+00	0.000000e+00	0.000000e+00
7.800000e+01	8.400000e+01	4.200000e+01	4.800000e+01	0.000000e+00	0.000000e+00	0.000000e+00
7.800000e+01	8.400000e+01	4.800000e+01	5.400000e+01	0.000000e+00	0.000000e+00	0.000000e+00
7.800000e+01	8.400000e+01	5.400000e+01	6.000000e+01	0.000000e+00	0.000000e+00	0.000000e+00
7.800000e+01	8.400000e+01	6.000000e+01	6.600000e+01	0.000000e+00	0.000000e+00	0.000000e+00
7.800000e+01	8.400000e+01	6.600000e+01	7.200000e+01	0.000000e+00	0.000000e+00	0.000000e+00
7.800000e+01	8.400000e+01	7.200000e+01	7.800000e+01	0.000000e+00	0.000000e+00	0.000000e+00
7.800000e+01	8.400000e+01	7.800000e+01	8.400000e+01	0.000000e+00	0.000000e+00	0.000000e+00
7.800000e+01	8.400000e+01	8.400000e+01	9.000000e+01	0.000000e+00	0.000000e+00	0.000000e+00
7.800000e+01	8.400000e+01	9.000000e+01	9.600000e+01	0.000000e+00	0.000000e+00	0.000000e+00
7.800000e+01	8.400000e+01	9.600000e+01	1.020000e+02	0.000000e+00	0.000000e+00	0.000000e+00
7.800000e+01	8.400000e+01	1.020000e+02	1.080000e+02	0.000000e+00	0.000000e+00	0.000000e+00
7.800000e+01	8.400000e+01	1.080000e+02	1.140000e+02	0.000000e+00	0.000000e+00	0.000000e+00
7.800000e+01	8.400000e+01	1.140000e+02	1.200000e+02	0.000000e+00	0.000000e+00	0.000000e+00
7.800000e+01	8.400000e+01	1.200000e+02	1.260000e+02	0.000000e+00	0.000000e+00	0.000000e+00
7.800000e+01	8.400000e+01	1.260000e+02	1.320000e+02	0.000000e+00	0.000000e+00	0.000000e+00
7.800000e+01	8.400000e+01	1.320000e+02	1.380000e+02	0.000000e+00	0.000000e+00	0.000000e+00
7.800000e+01	8.400000e+01	1.380000e+02	1.440000e+02	0.000000e+00	0.000000e+00	0.000000e+00
7.800000e+01	8.400000e+01	1.440000e+02	1.500000e+02	0.000000e+00	0.000000e+00	0.000000e+00
7.800000e+01	8.400000e+01	1.500000e+02	1.560000e+02	0.000000e+00	0.000000e+00	0.000000e+00
7.800000e+01	8.400000e+01	1.560000e+02	1.620000e+02	0.000000e+00	0.000000e+00	0.000000e+00
7.800000e+01	8.400000e+01	1.620000e+02	1.680000e+02	0.000000e+00	0.000000e+00	0.000000e+00
7.800000e+01	8.400000e+01	1.680000e+02	1.740000e+02	0.000000e+00	0.000000e+00	0.000000e+00
7.800000e+01	8.400000e+01	1.740000e+02	1.800000e+02	0.000000e+00	0.000000e+00	0.000000e+00
8.400000e+01	9.000000e+01	0.000000e+00	6.000000e+00	0.000000e+00	0.000000e+00	0.000000e+00
8.400000e+01	9.000000e+01	6.000000e+00	1.200000e+01	0.000000e+00	0.000000e+00	0.000000e+00
8.400000e+01	9.000000e+01	1.200000e+01	1.800000e+01	0.000000e+00	0.000000e+00	0.000000e+00
8.400000e+01	9.000000e+01	1.800000e+01	2.400000e+01	0.000000e+00	0.000000e+00	0.000000e+00
8.400000e+01	9.000000e+01	2.400000e+01	3.000000e+01	0.000000e+00	0.000000e+00	0.000000e+00
8.400000e+01	9.000000e+01	3.000000e+01	3.600000e+01	0.000000e+00	0.000000e+00	0.000000e+00
8.400000e+01	9.000000e+01	3.600000e+01	4.200000e+01	0.000000e+00	0.000000e+00	0.000000e+00
8.400000e+01	9.000000e+01	4.200000e+01	4.800000e+01	0.000000e+00	0.000000e+00	0.000000e+00
8.400000e+01	9.000000e+01	4.800000e+01	5.400000e+01	0.000000e+00	0.000000e+00	0.000000e+00
8.400000e+01	9.000000e+01	5.400000e+01	6.000000e+01	0.000000e+00	0.000000e+00	0.000000e+00
8.400000e+01	9.000000e+01	6.000000e+01	6.600000e+01	0.000000e+00	0.000000e+00	0.000000e+00
8.400000e+01	9.000000e+01	6.600000e+01	7.200000e+01	0.000000e+00	0.000000e+00	0.000000e+00
8.400000e+01	9.000000e+01	7.200000e+01	7.800000e+01	0.000000e+00	0.000000e+00	0.000000e+00
8.400000e+01	9.000000e+01	7.800000e+01	8.400000e+01	0.000000e+00	0.000000e+00	0.000000e+00
8.400000e+01	9.000000e+01	8.400000e+01	9.000000e+01	5.533567e-06	3.568261e-06	3.568261e-06
8.400000e+01	9.000000e+01	9.000000e+01	9.600000e+01	2.770324e-06	2.514330e-06	2.514330e-06
8.400000e+01	9.000000e+01	9.600000e+01	1.020000e+02	2.676881e-06	2.513741e-06	2.513741e-06
8.400000e+01	9.000000e+01	1.020000e+02	1.080000e+02	1.590341e-05	6.164264e-06	6.164264e-06
8.400000e+01	9.000000e+01	1.080000e+02	1.140000e+02	2.009971e-05	6.687311e-06	6.687311e-06
8.400000e+01	9.000000e+01	1.140000e+02	1.200000e+02	2.743812e-05	7.961727e-06	7.961727e-06
8.400000e+01	9.000000e+01	1.200000e+02	1.260000e+02	3.611028e-05	9.090258e-06	9.090258e-06
8.400000e+01	9.000000e+01	1.260000e+02	1.320000e+02	9.228206e-06	4.368469e-06	4.368469e-06
8.400000e+01	9.000000e+01	1.320000e+02	1.380000e+02	8.457786e-06	4.365690e-06	4.365690e-06
8.400000e+01	9.000000e+01	1.380000e+02	1.440000e+02	7.711072e-07	3.362137e-07	3.362137e-07
8.400000e+01	9.000000e+01	1.440000e+02	1.500000e+02	7.770861e-06	4.353019e-06	4.353019e-06
8.400000e+01	9.000000e+01	1.500000e+02	1.560000e+02	3.329550e-07	1.022377e-07	1.022377e-07
8.400000e+01	9.000000e+01	1.560000e+02	1.620000e+02	2.930517e-06	2.515311e-06	2.515311e-06
8.400000e+01	9.000000e+01	1.620000e+02	1.680000e+02	2.854333e-07	9.423408e-08	9.423408e-08
8.400000e+01	9.000000e+01	1.680000e+02	1.740000e+02	0.000000e+00	0.000000e+00	0.000000e+00
8.400000e+01	9.000000e+01	1.740000e+02	1.800000e+02	0.000000e+00	0.000000e+00	0.000000e+00
9.000000e+01	9.600000e+01	0.000000e+00	6.000000e+00	0.000000e+00	0.000000e+00	0.000000e+00
9.000000e+01	9.600000e+01	6.000000e+00	1.200000e+01	0.000000e+00	0.000000e+00	0.000000e+00
9.000000e+01	9.600000e+01	1.200000e+01	1.800000e+01	0.000000e+00	0.000000e+00	0.000000e+00
9.000000e+01	9.600000e+01	1.800000e+01	2.400000e+01	0.000000e+00	0.000000e+00	0.000000e+00
9.000000e+01	9.600000e+01	2.400000e+01	3.000000e+01	0.000000e+00	0.000000e+00	0.000000e+00
9.000000e+01	9.600000e+01	3.000000e+01	3.600000e+01	0.000000e+00	0.000000e+00	0.000000e+00
9.000000e+01	9.600000e+01	3.600000e+01	4.200000e+01	0.000000e+00	0.000000e+00	0.000000e+00
9.000000e+01	9.600000e+01	4.200000e+01	4.800000e+01	0.000000e+00	0.000000e+00	0.000000e+00
9.000000e+01	9.600000e+01	4.800000e+01	5.400000e+01	0.000000e+00	0.000000e+00	0.000000e+00
9.000000e+01	9.600000e+01	5.400000e+01	6.000000e+01	0.000000e+00	0.000000e+00	0.000000e+00
9.000000e+01	9.600000e+01	6.000000e+01	6.600000e+01	0.000000e+00	0.000000e+00	0.000000e+00
9.000000e+01	9.600000e+01	6.600000e+01	7.200000e+01	0.000000e+00	0.000000e+00	0.000000e+00
9.000000e+01	9.600000e+01	7.200000e+01	7.800000e+01	0.000000e+00	0.000000e+00	0.000000e+00
9.000000e+01	9.600000e+01	7.800000e+01	8.400000e+01	0.000000e+00	0.000000e+00	0.000000e+00
9.000000e+01	9.600000e+01	8.400000e+01	9.000000e+01	1.319394e-05	5.628343e-06	5.628343e-06
9.000000e+01	9.600000e+01	9.000000e+01	9.600000e+01	2.265505e-07	8.320079e-08	8.320079e-08
9.000000e+01	9.600000e+01	9.600000e+01	1.020000e+02	5.440119e-06	3.555379e-06	3.555379e-06
9.000000e+01	9.600000e+01	1.020000e+02	1.080000e+02	1.864236e-05	6.657253e-06	6.657253e-06
9.000000e+01	9.600000e+01	1.080000e+02	1.140000e+02	2.923789e-05	8.347477e-06	8.347477e-06
9.000000e+01	9.600000e+01	1.140000e+02	1.200000e+02	5.826103e-05	1.180110e-05	1.180110e-05
9.000000e+01	9.600000e+01	1.200000e+02	1.260000e+02	4.380289e-05	1.007427e-05	1.007427e-05
9.000000e+01	9.600000e+01	1.260000e+02	1.320000e+02	3.217625e-05	8.718262e-06	8.718262e-06
9.000000e+01	9.600000e+01	1.320000e+02	1.380000e+02	1.627717e-05	6.165221e-06	6.165221e-06
9.000000e+01	9.600000e+01	1.380000e+02	1.440000e+02	8.706325e-06	4.366592e-06	4.366592e-06
9.000000e+01	9.600000e+01	1.440000e+02	1.500000e+02	8.229769e-07	3.382939e-07	3.382939e-07
9.000000e+01	9.600000e+01	1.500000e+02	1.560000e+02	5.670208e-06	3.568815e-06	3.568815e-06
9.000000e+01	9.600000e+01	1.560000e+02	1.620000e+02	2.839828e-06	2.514723e-06	2.514723e-06
9.000000e+01	9.600000e+01	1.620000e+02	1.680000e+02	5.190031e-06	3.554271e-06	3.554271e-06
9.000000e+01	9.600000e+01	1.680000e+02	1.740000e+02	0.000000e+00	0.000000e+00	0.000000e+00
9.000000e+01	9.600000e+01	1.740000e+02	1.800000e+02	0.000000e+00	0.000000e+00	0.000000e+00
9.600000e+01	1.020000e+02	0.000000e+00	6.000000e+00	0.000000e+00	0.000000e+00	0.000000e+00
9.600000e+01	1.020000e+02	6.000000e+00	1.200000e+01	0.000000e+00	0.000000e+00	0.000000e+00
9.600000e+01	1.020000e+02	1.200000e+01	1.800000e+01	0.000000e+00	0.000000e+00	0.000000e+00
9.600000e+01	1.020000e+02	1.800000e+01	2.400000e+01	0.000000e+00	0.000000e+00	0.000000e+00
9.600000e+01	1.020000e+02	2.400000e+01	3.000000e+01	0.000000e+00	0.000000e+00	0.000000e+00
9.600000e+01	1.020000e+02	3.000000e+01	3.600000e+01	0.000000e+00	0.000000e+00	0.000000e+00
9.600000e+01	1.020000e+02	3.600000e+01	4.200000e+01	0.000000e+00	0.000000e+00	0.000000e+00
9.600000e+01	1.020000e+02	4.200000e+01	4.800000e+01	0.000000e+00	0.000000e+00	0.000000e+00
9.600000e+01	1.020000e+02	4.800000e+01	5.400000e+01	0.000000e+00	0.000000e+00	0.000000e+00
9.600000e+01	1.020000e+02	5.400000e+01	6.000000e+01	0.000000e+00	0.000000e+00	0.000000e+00
9.600000e+01	1.020000e+02	6.000000e+01	6.600000e+01	0.000000e+00	0.000000e+00	0.000000e+00
9.600000e+01	1.020000e+02	6.600000e+01	7.200000e+01	0.000000e+00	0.000000e+00	0.000000e+00
9.600000e+01	1.020000e+02	7.200000e+01	7.800000e+01	0.000000e+00	0.000000e+00	0.000000e+00
9.600000e+01	1.020000e+02	7.800000e+01	8.400000e+01	0.000000e+00	0.000000e+00	0.000000e+00
9.600000e+01	1.020000e+02	8.400000e+01	9.000000e+01	5.280322e-06	3.554685e-06	3.554685e-06
9.600000e+01	1.020000e+02	9.000000e+01	9.600000e+01	8.219522e-06	4.364852e-06	4.364852e-06
9.600000e+01	1.020000e+02	9.600000e+01	1.020000e+02	1.860265e-05	6.657176e-06	6.657176e-06
9.600000e+01	1.020000e+02	1.020000e+02	1.080000e+02	1.851078e-05	6.656954e-06	6.656954e-06
9.600000e+01	1.020000e+02	1.080000e+02	1.140000e+02	4.144564e-05	1.005294e-05	1.005294e-05
9.600000e+01	1.020000e+02	1.140000e+02	1.200000e+02	8.878792e-05	1.467047e-05	1.467047e-05
9.600000e+01	1.020000e+02	1.200000e+02	1.260000e+02	7.590019e-05	1.354167e-05	1.354167e-05
9.600000e+01	1.020000e+02	1.260000e+02	1.320000e+02	2.712168e-05	7.961118e-06	7.961118e-06
9.600000e+01	1.020000e+02	1.320000e+02	1.380000e+02	2.653276e-05	7.959931e-06	7.959931e-06
9.600000e+01	1.020000e+02	1.380000e+02	1.440000e+02	5.539117e-06	3.555798e-06	3.555798e-06
9.600000e+01	1.020000e+02	1.440000e+02	1.500000e+02	3.464869e-06	2.536208e-06	2.536208e-06
9.600000e+01	1.020000e+02	1.500000e+02	1.560000e+02	5.757750e-06	3.569228e-06	3.569228e-06
9.600000e+01	1.020000e+02	1.560000e+02	1.620000e+02	4.880392e-07	1.218465e-07	1.218465e-07
9.600000e+01	1.020000e+02	1.620000e+02	1.680000e+02	5.720447e-07	3.264420e-07	3.264420e-07
9.600000e+01	1.020000e+02	1.680000e+02	1.740000e+02	0.000000e+00	0.000000e+00	0.000000e+00
9.600000e+01	1.020000e+02	1.740000e+02	1.800000e+02	0.000000e+00	0.000000e+00	0.000000e+00
1.020000e+02	1.080000e+02	0.000000e+00	6.000000e+00	0.000000e+00	0.000000e+00	0.000000e+00
1.020000e+02	1.080000e+02	6.000000e+00	1.200000e+01	0.000000e+00	0.000000e+00	0.000000e+00
1.020000e+02	1.080000e+02	1.200000e+01	1.800000e+01	0.000000e+00	0.000000e+00	0.000000e+00
1.020000e+02	1.080000e+02	1.800000e+01	2.400000e+01	0.000000e+00	0.000000e+00	0.000000e+00
1.020000e+02	1.080000e+02	2.400000e+01	3.000000e+01	0.000000e+00	0.000000e+00	0.000000e+00
1.020000e+02	1.080000e+02	3.000000e+01	3.600000e+01	0.000000e+00	0.000000e+00	0.000000e+00
1.020000e+02	1.080000e+02	3.600000e+01	4.200000e+01	0.000000e+00	0.000000e+00	0.000000e+00
1.020000e+02	1.080000e+02	4.200000e+01	4.800000e+01	0.000000e+00	0.000000e+00	0.000000e+00
1.020000e+02	1.080000e+02	4.800000e+01	5.400000e+01	0.000000e+00	0.000000e+00	0.000000e+00
1.020000e+02	1.080000e+02	5.400000e+01	6.000000e+01	0.000000e+00	0.000000e+00	0.000000e+00
1.020000e+02	1.080000e+02	6.000000e+01	6.600000e+01	0.000000e+00	0.000000e+00	0.000000e+00
1.020000e+02	1.080000e+02	6.600000e+01	7.200000e+01	0.000000e+00	0.000000e+00	0.000000e+00
1.020000e+02	1.080000e+02	7.200000e+01	7.800000e+01	0.000000e+00	0.000000e+00	0.000000e+00
1.020000e+02	1.080000e+02	7.800000e+01	8.400000e+01	0.000000e+00	0.000000e+00	0.000000e+00
1.020000e+02	1.080000e+02	8.400000e+01	9.000000e+01	1.935755e-07	7.704026e-08	7.704026e-08
1.020000e+02	1.080000e+02	9.000000e+01	9.600000e+01	5.320375e-06	3.554828e-06	3.554828e-06
1.020000e+02	1.080000e+02	9.600000e+01	1.020000e+02	1.057328e-05	5.027089e-06	5.027089e-06
1.020000e+02	1.080000e+02	1.020000e+02	1.080000e+02	2.417243e-05	7.559118e-06	7.559118e-06
1.020000e+02	1.080000e+02	1.080000e+02	1.140000e+02	4.941614e-05	1.095929e-05	1.095929e-05
1.020000e+02	1.080000e+02	1.140000e+02	1.200000e+02	9.894058e-05	1.550747e-05	1.550747e-05
1.020000e+02	1.080000e+02	1.200000e+02	1.260000e+02	1.013478e-04	1.570398e-05	1.570398e-05
1.020000e+02	1.080000e+02	1.260000e+02	1.320000e+02	4.736117e-05	1.067215e-05	1.067215e-05
1.020000e+02	1.080000e+02	1.320000e+02	1.380000e+02	2.171141e-05	7.129394e-06	7.129394e-06
1.020000e+02	1.080000e+02	1.380000e+02	1.440000e+02	6.212461e-06	3.571243e-06	3.571243e-06
1.020000e+02	1.080000e+02	1.440000e+02	1.500000e+02	3.219931e-06	2.534655e-06	2.534655e-06
1.020000e+02	1.080000e+02	1.500000e+02	1.560000e+02	1.619707e-06	5.627775e-07	5.627775e-07
1.020000e+02	1.080000e+02	1.560000e+02	1.620000e+02	5.481025e-06	3.555522e-06	3.555522e-06
1.020000e+02	1.080000e+02	1.620000e+02	1.680000e+02	5.763636e-07	3.264657e-07	3.264657e-07
1.020000e+02	1.080000e+02	1.680000e+02	1.740000e+02	0.000000e+00	0.000000e+00	0.000000e+00
1.020000e+02	1.080000e+02	1.740000e+02	1.800000e+02	0.000000e+00	0.000000e+00	0.000000e+00
1.080000e+02	1.140000e+02	0.000000e+00	6.000000e+00	0.000000e+00	0.000000e+00	0.000000e+00
1.080000e+02	1.140000e+02	6.000000e+00	1.200000e+01	0.000000e+00	0.000000e+00	0.000000e+00
1.080000e+02	1.140000e+02	1.200000e+01	1.800000e+01	0.000000e+00	0.000000e+00	0.000000e+00
1.080000e+02	1.140000e+02	1.800000e+01	2.400000e+01	0.000000e+00	0.000000e+00	0.000000e+00
1.080000e+02	1.140000e+02	2.400000e+01	3.000000e+01	0.000000e+00	0.000000e+00	0.000000e+00
1.080000e+02	1.140000e+02	3.000000e+01	3.600000e+01	0.000000e+00	0.000000e+00	0.000000e+00
1.080000e+02	1.140000e+02	3.600000e+01	4.200000e+01	0.000000e+00	0.000000e+00	0.000000e+00
1.080000e+02	1.140000e+02	4.200000e+01	4.800000e+01	0.000000e+00	0.000000e+00	0.000000e+00
1.080000e+02	1.140000e+02	4.800000e+01	5.400000e+01	0.000000e+00	0.000000e+00	0.000000e+00
1.080000e+02	1.140000e+02	5.400000e+01	6.000000e+01	0.000000e+00	0.000000e+00	0.000000e+00
1.080000e+02	1.140000e+02	6.000000e+01	6.600000e+01	0.000000e+00	0.000000e+00	0.000000e+00
1.080000e+02	1.140000e+02	6.600000e+01	7.200000e+01	0.000000e+00	0.000000e+00	0.000000e+00
1.080000e+02	1.140000e+02	7.200000e+01	7.800000e+01	0.000000e+00	0.000000e+00	0.000000e+00
1.080000e+02	1.140000e+02	7.800000e+01	8.400000e+01	0.000000e+00	0.000000e+00	0.000000e+00
1.080000e+02	1.140000e+02	8.400000e+01	9.000000e+01	1.100312e-05	5.037333e-06	5.037333e-06
1.080000e+02	1.140000e+02	9.000000e+01	9.600000e+01	1.346484e-05	5.629097e-06	5.629097e-06
1.080000e+02	1.140000e+02	9.600000e+01	1.020000e+02	1.806398e-05	6.649242e-06	6.649242e-06
1.080000e+02	1.140000e+02	1.020000e+02	1.080000e+02	3.732506e-05	9.424305e-06	9.424305e-06
1.080000e+02	1.140000e+02	1.080000e+02	1.140000e+02	7.796456e-05	1.377877e-05	1.377877e-05
1.080000e+02	1.140000e+02	1.140000e+02	1.200000e+02	1.806264e-04	2.117659e-05	2.117659e-05
1.080000e+02	1.140000e+02	1.200000e+02	1.260000e+02	2.511363e-04	2.489237e-05	2.489237e-05
1.080000e+02	1.140000e+02	1.260000e+02	1.320000e+02	1.583155e-04	1.979419e-05	1.979419e-05
1.080000e+02	1.140000e+02	1.320000e+02	1.380000e+02	5.189867e-05	1.124757e-05	1.124757e-05
1.080000e+02	1.140000e+02	1.380000e+02	1.440000e+02	3.114800e-05	8.711302e-06	8.711302e-06
1.080000e+02	1.140000e+02	1.440000e+02	1.500000e+02	6.774239e-06	3.598488e-06	3.598488e-06
1.080000e+02	1.140000e+02	1.500000e+02	1.560000e+02	1.358501e-05	5.629400e-06	5.629400e-06
1.080000e+02	1.140000e+02	1.560000e+02	1.620000e+02	1.059486e-05	5.027183e-06	5.027183e-06
1.080000e+02	1.140000e+02	1.620000e+02	1.680000e+02	5.503339e-06	3.568122e-06	3.568122e-06
1.080000e+02	1.140000e+02	1.680000e+02	1.740000e+02	0.000000e+00	0.000000e+00	0.000000e+00
1.080000e+02	1.140000e+02	1.740000e+02	1.800000e+02	0.000000e+00	0.000000e+00	0.000000e+00
1.140000e+02	1.200000e+02	0.000000e+00	6.000000e+00	0.000000e+00	0.000000e+00	0.000000e+00
1.140000e+02	1.200000e+02	6.000000e+00	1.200000e+01	0.000000e+00	0.000000e+00	0.000000e+00
1.140000e+02	1.200000e+02	1.200000e+01	1.800000e+01	0.000000e+00	0.000000e+00	0.000000e+00
1.140000e+02	1.200000e+02	1.800000e+01	2.400000e+01	0.000000e+00	0.000000e+00	0.000000e+00
1.140000e+02	1.200000e+02	2.400000e+01	3.000000e+01	0.000000e+00	0.000000e+00	0.000000e+00
1.140000e+02	1.200000e+02	3.000000e+01	3.600000e+01	0.000000e+00	0.000000e+00	0.000000e+00
1.140000e+02	1.200000e+02	3.600000e+01	4.200000e+01	0.000000e+00	0.000000e+00	0.000000e+00
1.140000e+02	1.200000e+02	4.200000e+01	4.800000e+01	0.000000e+00	0.000000e+00	0.000000e+00
1.140000e+02	1.200000e+02	4.800000e+01	5.400000e+01	0.000000e+00	0.000000e+00	0.000000e+00
1.140000e+02	1.200000e+02	5.400000e+01	6.000000e+01	0.000000e+00	0.000000e+00	0.000000e+00
1.140000e+02	1.200000e+02	6.000000e+01	6.600000e+01	0.000000e+00	0.000000e+00	0.000000e+00
1.140000e+02	1.200000e+02	6.600000e+01	7.200000e+01	0.000000e+00	0.000000e+00	0.000000e+00
1.140000e+02	1.200000e+02	7.200000e+01	7.800000e+01	0.000000e+00	0.000000e+00	0.000000e+00
1.140000e+02	1.200000e+02	7.800000e+01	8.400000e+01	0.000000e+00	0.000000e+00	0.000000e+00
1.140000e+02	1.200000e+02	8.400000e+01	9.000000e+01	2.617546e-05	7.953668e-06	7.953668e-06
1.140000e+02	1.200000e+02	9.000000e+01	9.600000e+01	3.394033e-05	9.062055e-06	9.062055e-06
1.140000e+02	1.200000e+02	9.600000e+01	1.020000e+02	5.193242e-05	1.124369e-05	1.124369e-05
1.140000e+02	1.200000e+02	1.020000e+02	1.080000e+02	1.683763e-04	2.042219e-05	2.042219e-05
1.140000e+02	1.200000e+02	1.080000e+02	1.140000e+02	2.518580e-04	2.500887e-05	2.500887e-05
1.140000e+02	1.200000e+02	1.140000e+02	1.200000e+02	4.589142e-04	3.381415e-05	3.381415e-05
1.140000e+02	1.200000e+02	1.200000e+02	1.260000e+02	5.651878e-04	3.753258e-05	3.753258e-05
1.140000e+02	1.200000e+02	1.260000e+02	1.320000e+02	4.232967e-04	3.247921e-05	3.247921e-05
1.140000e+02	1.200000e+02	1.320000e+02	1.380000e+02	1.661479e-04	2.026723e-05	2.026723e-05
1.140000e+02	1.200000e+02	1.380000e+02	1.440000e+02	5.376161e-05	1.151625e-05	1.151625e-05
1.140000e+02	1.200000e+02	1.440000e+02	1.500000e+02	3.768825e-05	9.420226e-06	9.420226e-06
1.140000e+02	1.200000e+02	1.500000e+02	1.560000e+02	2.472874e-05	7.548537e-06	7.548537e-06
1.140000e+02	1.200000e+02	1.560000e+02	1.620000e+02	1.650961e-05	6.158581e-06	6.158581e-06
1.140000e+02	1.200000e+02	1.620000e+02	1.680000e+02	7.952089e-06	4.353697e-06	4.353697e-06
1.140000e+02	1.200000e+02	1.680000e+02	1.740000e+02	0.000000e+00	0.000000e+00	0.000000e+00
1.140000e+02	1.200000e+02	1.740000e+02	1.800000e+02	0.000000e+00	0.000000e+00	0.000000e+00
1.200000e+02	1.260000e+02	0.000000e+00	6.000000e+00	0.000000e+00	0.000000e+00	0.000000e+00
1.200000e+02	1.260000e+02	6.000000e+00	1.200000e+01	0.000000e+00	0.000000e+00	0.000000e+00
1.200000e+02	1.260000e+02	1.200000e+01	1.800000e+01	0.000000e+00	0.000000e+00	0.000000e+00
1.200000e+02	1.260000e+02	1.800000e+01	2.400000e+01	0.000000e+00	0.000000e+00	0.000000e+00
1.200000e+02	1.260000e+02	2.400000e+01	3.000000e+01	0.000000e+00	0.000000e+00	0.000000e+00
1.200000e+02	1.260000e+02	3.000000e+01	3.600000e+01	0.000000e+00	0.000000e+00	0.000000e+00
1.200000e+02	1.260000e+02	3.600000e+01	4.200000e+01	0.000000e+00	0.000000e+00	0.000000e+00
1.200000e+02	1.260000e+02	4.200000e+01	4.800000e+01	0.000000e+00	0.000000e+00	0.000000e+00
1.200000e+02	1.260000e+02	4.800000e+01	5.400000e+01	0.000000e+00	0.000000e+00	0.000000e+00
1.200000e+02	1.260000e+02	5.400000e+01	6.000000e+01	0.000000e+00	0.000000e+00	0.000000e+00
1.200000e+02	1.260000e+02	6.000000e+01	6.600000e+01	0.000000e+00	0.000000e+00	0.000000e+00
1.200000e+02	1.260000e+02	6.600000e+01	7.200000e+01	0.000000e+00	0.000000e+00	0.000000e+00
1.200000e+02	1.260000e+02	7.200000e+01	7.800000e+01	0.000000e+00	0.000000e+00	0.000000e+00
1.200000e+02	1.260000e+02	7.800000e+01	8.400000e+01	0.000000e+00	0.000000e+00	0.000000e+00
1.200000e+02	1.260000e+02	8.400000e+01	9.000000e+01	4.333253e-05	1.008234e-05	1.008234e-05
1.200000e+02	1.260000e+02	9.000000e+01	9.600000e+01	4.512597e-05	1.037255e-05	1.037255e-05
1.200000e+02	1.260000e+02	9.600000e+01	1.020000e+02	1.262790e-04	1.759967e-05	1.759967e-05
1.200000e+02	1.260000e+02	1.020000e+02	1.080000e+02	1.923158e-04	2.177409e-05	2.177409e-05
1.200000e+02	1.260000e+02	1.080000e+02	1.140000e+02	3.868239e-04	3.099040e-05	3.099040e-05
1.200000e+02	1.260000e+02	1.140000e+02	1.200000e+02	8.058147e-04	4.481915e-05	4.481915e-05
1.200000e+02	1.260000e+02	1.200000e+02	1.260000e+02	1.055044e-03	5.132107e-05	5.132107e-05
1.200000e+02	1.260000e+02	1.260000e+02	1.320000e+02	5.785186e-04	3.795229e-05	3.795229e-05
1.200000e+02	1.260000e+02	1.320000e+02	1.380000e+02	2.271544e-04	2.371323e-05	2.371323e-05
1.200000e+02	1.260000e+02	1.380000e+02	1.440000e+02	7.030733e-05	1.284288e-05	1.284288e-05
1.200000e+02	1.260000e+02	1.440000e+02	1.500000e+02	5.923000e-05	1.181743e-05	1.181743e-05
1.200000e+02	1.260000e+02	1.500000e+02	1.560000e+02	6.457364e-05	1.234056e-05	1.234056e-05
1.200000e+02	1.260000e+02	1.560000e+02	1.620000e+02	3.624381e-05	9.090479e-06	9.090479e-06
1.200000e+02	1.260000e+02	1.620000e+02	1.680000e+02	2.432113e-05	7.553567e-06	7.553567e-06
1.200000e+02	1.260000e+02	1.680000e+02	1.740000e+02	0.000000e+00	0.000000e+00	0.000000e+00
1.200000e+02	1.260000e+02	1.740000e+02	1.800000e+02	0.000000e+00	0.000000e+00	0.000000e+00
1.260000e+02	1.320000e+02	0.000000e+00	6.000000e+00	0.000000e+00	0.000000e+00	0.000000e+00
1.260000e+02	1.320000e+02	6.000000e+00	1.200000e+01	0.000000e+00	0.000000e+00	0.000000e+00
1.260000e+02	1.320000e+02	1.200000e+01	1.800000e+01	0.000000e+00	0.000000e+00	0.000000e+00
1.260000e+02	1.320000e+02	1.800000e+01	2.400000e+01	0.000000e+00	0.000000e+00	0.000000e+00
1.260000e+02	1.320000e+02	2.400000e+01	3.000000e+01	0.000000e+00	0.000000e+00	0.000000e+00
1.260000e+02	1.320000e+02	3.000000e+01	3.600000e+01	0.000000e+00	0.000000e+00	0.000000e+00
1.260000e+02	1.320000e+02	3.600000e+01	4.200000e+01	0.000000e+00	0.000000e+00	0.000000e+00
1.260000e+02	1.320000e+02	4.200000e+01	4.800000e+01	0.000000e+00	0.000000e+00	0.000000e+00
1.260000e+02	1.320000e+02	4.800000e+01	5.400000e+01	0.000000e+00	0.000000e+00	0.000000e+00
1.260000e+02	1.320000e+02	5.400000e+01	6.000000e+01	0.000000e+00	0.000000e+00	0.000000e+00
1.260000e+02	1.320000e+02	6.000000e+01	6.600000e+01	0.000000e+00	0.000000e+00	0.000000e+00
1.260000e+02	1.320000e+02	6.600000e+01	7.200000e+01	0.000000e+00	0.000000e+00	0.000000e+00
1.260000e+02	1.320000e+02	7.200000e+01	7.800000e+01	0.000000e+00	0.000000e+00	0.000000e+00
1.260000e+02	1.320000e+02	7.800000e+01	8.400000e+01	0.000000e+00	0.000000e+00	0.000000e+00
1.260000e+02	1.320000e+02	8.400000e+01	9.000000e+01	1.891635e-05	6.657917e-06	6.657917e-06
1.260000e+02	1.320000e+02	9.000000e+01	9.600000e+01	4.510006e-05	1.038108e-05	1.038108e-05
1.260000e+02	1.320000e+02	9.600000e+01	1.020000e+02	9.122289e-05	1.488404e-05	1.488404e-05
1.260000e+02	1.320000e+02	1.020000e+02	1.080000e+02	1.003772e-04	1.570018e-05	1.570018e-05
1.260000e+02	1.320000e+02	1.080000e+02	1.140000e+02	3.571086e-04	2.984178e-05	2.984178e-05
1.260000e+02	1.320000e+02	1.140000e+02	1.200000e+02	6.097267e-04	3.894040e-05	3.894040e-05
1.260000e+02	1.320000e+02	1.200000e+02	1.260000e+02	7.453836e-04	4.309546e-05	4.309546e-05
1.260000e+02	1.320000e+02	1.260000e+02	1.320000e+02	5.754233e-04	3.786760e-05	3.786760e-05
1.260000e+02	1.320000e+02	1.320000e+02	1.380000e+02	1.454063e-04	1.882417e-05	1.882417e-05
1.260000e+02	1.320000e+02	1.380000e+02	1.440000e+02	7.581586e-05	1.354486e-05	1.354486e-05
1.260000e+02	1.320000e+02	1.440000e+02	1.500000e+02	4.054569e-05	9.754648e-06	9.754648e-06
1.260000e+02	1.320000e+02	1.500000e+02	1.560000e+02	3.975300e-05	9.744277e-06	9.744277e-06
1.260000e+02	1.320000e+02	1.560000e+02	1.620000e+02	2.678051e-05	7.949264e-06	7.949264e-06
1.260000e+02	1.320000e+02	1.620000e+02	1.680000e+02	1.735373e-05	6.189500e-06	6.189500e-06
1.260000e+02	1.320000e+02	1.680000e+02	1.740000e+02	0.000000e+00	0.000000e+00	0.000000e+00
1.260000e+02	1.320000e+02	1.740000e+02	1.800000e+02	0.000000e+00	0.000000e+00	0.000000e+00
1.320000e+02	1.380000e+02	0.000000e+00	6.000000e+00	0.000000e+00	0.000000e+00	0.000000e+00
1.320000e+02	1.380000e+02	6.000000e+00	1.200000e+01	0.000000e+00	0.000000e+00	0.000000e+00
1.320000e+02	1.380000e+02	1.200000e+01	1.800000e+01	0.000000e+00	0.000000e+00	0.000000e+00
1.320000e+02	1.380000e+02	1.800000e+01	2.400000e+01	0.000000e+00	0.000000e+00	0.000000e+00
1.320000e+02	1.380000e+02	2.400000e+01	3.000000e+01	0.000000e+00	0.000000e+00	0.000000e+00
1.320000e+02	1.380000e+02	3.000000e+01	3.600000e+01	0.000000e+00	0.000000e+00	0.000000e+00
1.320000e+02	1.380000e+02	3.600000e+01	4.200000e+01	0.000000e+00	0.000000e+00	0.000000e+00
1.320000e+02	1.380000e+02	4.200000e+01	4.800000e+01	0.000000e+00	0.000000e+00	0.000000e+00
1.320000e+02	1.380000e+02	4.800000e+01	5.400000e+01	0.000000e+00	0.000000e+00	0.000000e+00
1.320000e+02	1.380000e+02	5.400000e+01	6.000000e+01	0.000000e+00	0.000000e+00	0.000000e+00
1.320000e+02	1.380000e+02	6.000000e+01	6.600000e+01	0.000000e+00	0.000000e+00	0.000000e+00
1.320000e+02	1.380000e+02	6.600000e+01	7.200000e+01	0.000000e+00	0.000000e+00	0.000000e+00
1.320000e+02	1.380000e+02	7.200000e+01	7.800000e+01	0.000000e+00	0.000000e+00	0.000000e+00
1.320000e+02	1.380000e+02	7.800000e+01	8.400000e+01	0.000000e+00	0.000000e+00	0.000000e+00
1.320000e+02	1.380000e+02	8.400000e+01	9.000000e+01	1.081074e-05	5.036691e-06	5.036691e-06
1.320000e+02	1.380000e+02	9.000000e+01	9.600000e+01	2.340634e-05	7.545792e-06	7.545792e-06
1.320000e+02	1.380000e+02	9.600000e+01	1.020000e+02	3.901408e-05	9.738554e-06	9.738554e-06
1.320000e+02	1.380000e+02	1.020000e+02	1.080000e+02	5.689275e-05	1.179554e-05	1.179554e-05
1.320000e+02	1.380000e+02	1.080000e+02	1.140000e+02	1.585652e-04	1.979663e-05	1.979663e-05
1.320000e+02	1.380000e+02	1.140000e+02	1.200000e+02	2.488457e-04	2.488022e-05	2.488022e-05
1.320000e+02	1.380000e+02	1.200000e+02	1.260000e+02	3.663700e-04	3.026011e-05	3.026011e-05
1.320000e+02	1.380000e+02	1.260000e+02	1.320000e+02	1.939680e-04	2.191797e-05	2.191797e-05
1.320000e+02	1.380000e+02	1.320000e+02	1.380000e+02	6.161831e-05	1.231520e-05	1.231520e-05
1.320000e+02	1.380000e+02	1.380000e+02	1.440000e+02	2.379777e-05	7.546614e-06	7.546614e-06
1.320000e+02	1.380000e+02	1.440000e+02	1.500000e+02	1.904239e-05	6.664877e-06	6.664877e-06
1.320000e+02	1.380000e+02	1.500000e+02	1.560000e+02	2.429051e-05	7.553502e-06	7.553502e-06
1.320000e+02	1.380000e+02	1.560000e+02	1.620000e+02	6.109150e-06	3.558295e-06	3.558295e-06
1.320000e+02	1.380000e+02	1.620000e+02	1.680000e+02	1.087081e-05	5.028065e-06	5.028065e-06
1.320000e+02	1.380000e+02	1.680000e+02	1.740000e+02	0.000000e+00	0.000000e+00	0.000000e+00
1.320000e+02	1.380000e+02	1.740000e+02	1.800000e+02	0.000000e+00	0.000000e+00	0.000000e+00
1.380000e+02	1.440000e+02	0.000000e+00	6.000000e+00	0.000000e+00	0.000000e+00	0.000000e+00
1.380000e+02	1.440000e+02	6.000000e+00	1.200000e+01	0.000000e+00	0.000000e+00	0.000000e+00
1.380000e+02	1.440000e+02	1.200000e+01	1.800000e+01	0.000000e+00	0.000000e+00	0.000000e+00
1.380000e+02	1.440000e+02	1.800000e+01	2.400000e+01	0.000000e+00	0.000000e+00	0.000000e+00
1.380000e+02	1.440000e+02	2.400000e+01	3.000000e+01	0.000000e+00	0.000000e+00	0.000000e+00
1.380000e+02	1.440000e+02	3.000000e+01	3.600000e+01	0.000000e+00	0.000000e+00	0.000000e+00
1.380000e+02	1.440000e+02	3.600000e+01	4.200000e+01	0.000000e+00	0.000000e+00	0.000000e+00
1.380000e+02	1.440000e+02	4.200000e+01	4.800000e+01	0.000000e+00	0.000000e+00	0.000000e+00
1.380000e+02	1.440000e+02	4.800000e+01	5.400000e+01	0.000000e+00	0.000000e+00	0.000000e+00
1.380000e+02	1.440000e+02	5.400000e+01	6.000000e+01	0.000000e+00	0.000000e+00	0.000000e+00
1.380000e+02	1.440000e+02	6.000000e+01	6.600000e+01	0.000000e+00	0.000000e+00	0.000000e+00
1.380000e+02	1.440000e+02	6.600000e+01	7.200000e+01	0.000000e+00	0.000000e+00	0.000000e+00
1.380000e+02	1.440000e+02	7.200000e+01	7.800000e+01	0.000000e+00	0.000000e+00	0.000000e+00
1.380000e+02	1.440000e+02	7.800000e+01	8.400000e+01	0.000000e+00	0.000000e+00	0.000000e+00
1.380000e+02	1.440000e+02	8.400000e+01	9.000000e+01	2.770712e-06	2.514330e-06	2.514330e-06
1.380000e+02	1.440000e+02	9.000000e+01	9.600000e+01	8.263931e-06	4.365011e-06	4.365011e-06
1.380000e+02	1.440000e+02	9.600000e+01	1.020000e+02	8.075378e-06	4.364333e-06	4.364333e-06
1.380000e+02	1.440000e+02	1.020000e+02	1.080000e+02	1.853477e-05	6.663693e-06	6.663693e-06
1.380000e+02	1.440000e+02	1.080000e+02	1.140000e+02	4.087592e-05	1.005650e-05	1.005650e-05
1.380000e+02	1.440000e+02	1.140000e+02	1.200000e+02	9.408036e-05	1.528854e-05	1.528854e-05
1.380000e+02	1.440000e+02	1.200000e+02	1.260000e+02	1.300108e-04	1.795371e-05	1.795371e-05
1.380000e+02	1.440000e+02	1.260000e+02	1.320000e+02	7.878564e-05	1.399142e-05	1.399142e-05
1.380000e+02	1.440000e+02	1.320000e+02	1.380000e+02	2.060618e-05	7.108260e-06	7.108260e-06
1.380000e+02	1.440000e+02	1.380000e+02	1.440000e+02	3.777772e-06	2.555583e-06	2.555583e-06
1.380000e+02	1.440000e+02	1.440000e+02	1.500000e+02	1.084061e-05	5.027967e-06	5.027967e-06
1.380000e+02	1.440000e+02	1.500000e+02	1.560000e+02	1.056585e-05	5.027086e-06	5.027086e-06
1.380000e+02	1.440000e+02	1.560000e+02	1.620000e+02	1.046251e-05	5.026789e-06	5.026789e-06
1.380000e+02	1.440000e+02	1.620000e+02	1.680000e+02	2.989003e-06	2.533288e-06	2.533288e-06
1.380000e+02	1.440000e+02	1.680000e+02	1.740000e+02	0.000000e+00	0.000000e+00	0.000000e+00
1.380000e+02	1.440000e+02	1.740000e+02	1.800000e+02	0.000000e+00	0.000000e+00	0.000000e+00
1.440000e+02	1.500000e+02	0.000000e+00	6.000000e+00	0.000000e+00	0.000000e+00	0.000000e+00
1.440000e+02	1.500000e+02	6.000000e+00	1.200000e+01	0.000000e+00	0.000000e+00	0.000000e+00
1.440000e+02	1.500000e+02	1.200000e+01	1.800000e+01	0.000000e+00	0.000000e+00	0.000000e+00
1.440000e+02	1.500000e+02	1.800000e+01	2.400000e+01	0.000000e+00	0.000000e+00	0.000000e+00
1.440000e+02	1.500000e+02	2.400000e+01	3.000000e+01	0.000000e+00	0.000000e+00	0.000000e+00
1.440000e+02	1.500000e+02	3.000000e+01	3.600000e+01	0.000000e+00	0.000000e+00	0.000000e+00
1.440000e+02	1.500000e+02	3.600000e+01	4.200000e+01	0.000000e+00	0.000000e+00	0.000000e+00
1.440000e+02	1.500000e+02	4.200000e+01	4.800000e+01	0.000000e+00	0.000000e+00	0.000000e+00
1.440000e+02	1.500000e+02	4.800000e+01	5.400000e+01	0.000000e+00	0.000000e+00	0.000000e+00
1.440000e+02	1.500000e+02	5.400000e+01	6.000000e+01	0.000000e+00	0.000000e+00	0.000000e+00
1.440000e+02	1.500000e+02	6.000000e+01	6.600000e+01	0.000000e+00	0.000000e+00	0.000000e+00
1.440000e+02	1.500000e+02	6.600000e+01	7.200000e+01	0.000000e+00	0.000000e+00	0.000000e+00
1.440000e+02	1.500000e+02	7.200000e+01	7.800000e+01	0.000000e+00	0.000000e+00	0.000000e+00
1.440000e+02	1.500000e+02	7.800000e+01	8.400000e+01	0.000000e+00	0.000000e+00	0.000000e+00
1.440000e+02	1.500000e+02	8.400000e+01	9.000000e+01	5.163719e-06	3.554210e-06	3.554210e-06
1.440000e+02	1.500000e+02	9.000000e+01	9.600000e+01	5.153114e-06	3.554129e-06	3.554129e-06
1.440000e+02	1.500000e+02	9.600000e+01	1.020000e+02	5.217514e-06	3.554407e-06	3.554407e-06
1.440000e+02	1.500000e+02	1.020000e+02	1.080000e+02	7.727522e-06	4.352902e-06	4.352902e-06
1.440000e+02	1.500000e+02	1.080000e+02	1.140000e+02	1.039967e-05	5.026593e-06	5.026593e-06
1.440000e+02	1.500000e+02	1.140000e+02	1.200000e+02	3.336783e-05	9.061071e-06	9.061071e-06
1.440000e+02	1.500000e+02	1.200000e+02	1.260000e+02	5.155628e-05	1.124316e-05	1.124316e-05
1.440000e+02	1.500000e+02	1.260000e+02	1.320000e+02	3.597681e-05	9.407907e-06	9.407907e-06
1.440000e+02	1.500000e+02	1.320000e+02	1.380000e+02	1.043461e-05	5.026693e-06	5.026693e-06
1.440000e+02	1.500000e+02	1.380000e+02	1.440000e+02	7.744003e-06	4.352969e-06	4.352969e-06
1.440000e+02	1.500000e+02	1.440000e+02	1.500000e+02	4.114736e-07	1.132539e-07	1.132539e-07
1.440000e+02	1.500000e+02	1.500000e+02	1.560000e+02	5.287114e-06	3.554690e-06	3.554690e-06
1.440000e+02	1.500000e+02	1.560000e+02	1.620000e+02	3.148014e-06	2.534262e-06	2.534262e-06
1.440000e+02	1.500000e+02	1.620000e+02	1.680000e+02	6.399678e-08	4.442488e-08	4.442488e-08
1.440000e+02	1.500000e+02	1.680000e+02	1.740000e+02	0.000000e+00	0.000000e+00	0.000000e+00
1.440000e+02	1.500000e+02	1.740000e+02	1.800000e+02	0.000000e+00	0.000000e+00	0.000000e+00
1.500000e+02	1.560000e+02	0.000000e+00	6.000000e+00	0.000000e+00	0.000000e+00	0.000000e+00
1.500000e+02	1.560000e+02	6.000000e+00	1.200000e+01	0.000000e+00	0.000000e+00	0.000000e+00
1.500000e+02	1.560000e+02	1.200000e+01	1.800000e+01	0.000000e+00	0.000000e+00	0.000000e+00
1.500000e+02	1.560000e+02	1.800000e+01	2.400000e+01	0.000000e+00	0.000000e+00	0.000000e+00
1.500000e+02	1.560000e+02	2.400000e+01	3.000000e+01	0.000000e+00	0.000000e+00	0.000000e+00
1.500000e+02	1.560000e+02	3.000000e+01	3.600000e+01	0.000000e+00	0.000000e+00	0.000000e+00
1.500000e+02	1.560000e+02	3.600000e+01	4.200000e+01	0.000000e+00	0.000000e+00	0.000000e+00
1.500000e+02	1.560000e+02	4.200000e+01	4.800000e+01	0.000000e+00	0.000000e+00	0.000000e+00
1.500000e+02	1.560000e+02	4.800000e+01	5.400000e+01	0.000000e+00	0.000000e+00	0.000000e+00
1.500000e+02	1.560000e+02	5.400000e+01	6.000000e+01	0.000000e+00	0.000000e+00	0.000000e+00
1.500000e+02	1.560000e+02	6.000000e+01	6.600000e+01	0.000000e+00	0.000000e+00	0.000000e+00
1.500000e+02	1.560000e+02	6.600000e+01	7.200000e+01	0.000000e+00	0.000000e+00	0.000000e+00
1.500000e+02	1.560000e+02	7.200000e+01	7.800000e+01	0.000000e+00	0.000000e+00	0.000000e+00
1.500000e+02	1.560000e+02	7.800000e+01	8.400000e+01	0.000000e+00	0.000000e+00	0.000000e+00
1.500000e+02	1.560000e+02	8.400000e+01	9.000000e+01	4.837106e-07	3.227364e-07	3.227364e-07
1.500000e+02	1.560000e+02	9.000000e+01	9.600000e+01	1.264231e-07	6.282137e-08	6.282137e-08
1.500000e+02	1.560000e+02	9.600000e+01	1.020000e+02	5.184922e-06	3.554268e-06	3.554268e-06
1.500000e+02	1.560000e+02	1.020000e+02	1.080000e+02	2.712997e-06	2.513941e-06	2.513941e-06
1.500000e+02	1.560000e+02	1.080000e+02	1.140000e+02	7.922642e-06	4.353584e-06	4.353584e-06
1.500000e+02	1.560000e+02	1.140000e+02	1.200000e+02	8.178631e-06	4.354492e-06	4.354492e-06
1.500000e+02	1.560000e+02	1.200000e+02	1.260000e+02	3.069569e-05	8.705408e-06	8.705408e-06
1.500000e+02	1.560000e+02	1.260000e+02	1.320000e+02	1.358042e-05	5.637279e-06	5.637279e-06
1.500000e+02	1.560000e+02	1.320000e+02	1.380000e+02	1.539261e-05	6.155773e-06	6.155773e-06
1.500000e+02	1.560000e+02	1.380000e+02	1.440000e+02	2.645466e-06	2.513545e-06	2.513545e-06
1.500000e+02	1.560000e+02	1.440000e+02	1.500000e+02	1.601882e-07	7.024246e-08	7.024246e-08
1.500000e+02	1.560000e+02	1.500000e+02	1.560000e+02	7.667450e-06	4.352676e-06	4.352676e-06
1.500000e+02	1.560000e+02	1.560000e+02	1.620000e+02	9.532769e-07	4.552015e-07	4.552015e-07
1.500000e+02	1.560000e+02	1.620000e+02	1.680000e+02	2.643891e-06	2.513545e-06	2.513545e-06
1.500000e+02	1.560000e+02	1.680000e+02	1.740000e+02	0.000000e+00	0.000000e+00	0.000000e+00
1.500000e+02	1.560000e+02	1.740000e+02	1.800000e+02	0.000000e+00	0.000000e+00	0.000000e+00
1.560000e+02	1.620000e+02	0.000000e+00	6.000000e+00	0.000000e+00	0.000000e+00	0.000000e+00
1.560000e+02	1.620000e+02	6.000000e+00	1.200000e+01	0.000000e+00	0.000000e+00	0.000000e+00
1.560000e+02	1.620000e+02	1.200000e+01	1.800000e+01	0.000000e+00	0.000000e+00	0.000000e+00
1.560000e+02	1.620000e+02	1.800000e+01	2.400000e+01	0.000000e+00	0.000000e+00	0.000000e+00
1.560000e+02	1.620000e+02	2.400000e+01	3.000000e+01	0.000000e+00	0.000000e+00	0.000000e+00
1.560000e+02	1.620000e+02	3.000000e+01	3.600000e+01	0.000000e+00	0.000000e+00	0.000000e+00
1.560000e+02	1.620000e+02	3.600000e+01	4.200000e+01	0.000000e+00	0.000000e+00	0.000000e+00
1.560000e+02	1.620000e+02	4.200000e+01	4.800000e+01	0.000000e+00	0.000000e+00	0.000000e+00
1.560000e+02	1.620000e+02	4.800000e+01	5.400000e+01	0.000000e+00	0.000000e+00	0.000000e+00
1.560000e+02	1.620000e+02	5.400000e+01	6.000000e+01	0.000000e+00	0.000000e+00	0.000000e+00
1.560000e+02	1.620000e+02	6.000000e+01	6.600000e+01	0.000000e+00	0.000000e+00	0.000000e+00
1.560000e+02	1.620000e+02	6.600000e+01	7.200000e+01	0.000000e+00	0.000000e+00	0.000000e+00
1.560000e+02	1.620000e+02	7.200000e+01	7.800000e+01	0.000000e+00	0.000000e+00	0.000000e+00
1.560000e+02	1.620000e+02	7.800000e+01	8.400000e+01	0.000000e+00	0.000000e+00	0.000000e+00
1.560000e+02	1.620000e+02	8.400000e+01	9.000000e+01	2.541271e-07	8.884548e-08	8.884548e-08
1.560000e+02	1.620000e+02	9.000000e+01	9.600000e+01	2.577156e-06	2.513149e-06	2.513149e-06
1.560000e+02	1.620000e+02	9.600000e+01	1.020000e+02	1.912149e-07	7.694416e-08	7.694416e-08
1.560000e+02	1.620000e+02	1.020000e+02	1.080000e+02	2.640853e-06	2.513542e-06	2.513542e-06
1.560000e+02	1.620000e+02	1.080000e+02	1.140000e+02	1.541537e-05	6.155823e-06	6.155823e-06
1.560000e+02	1.620000e+02	1.140000e+02	1.200000e+02	1.533175e-05	6.155613e-06	6.155613e-06
1.560000e+02	1.620000e+02	1.200000e+02	1.260000e+02	3.141497e-05	8.721994e-06	8.721994e-06
1.560000e+02	1.620000e+02	1.260000e+02	1.320000e+02	1.072202e-05	5.036400e-06	5.036400e-06
1.560000e+02	1.620000e+02	1.320000e+02	1.380000e+02	7.800589e-06	4.353132e-06	4.353132e-06
1.560000e+02	1.620000e+02	1.380000e+02	1.440000e+02	6.471925e-06	3.609492e-06	3.609492e-06
1.560000e+02	1.620000e+02	1.440000e+02	1.500000e+02	5.398500e-07	3.249269e-07	3.249269e-07
1.560000e+02	1.620000e+02	1.500000e+02	1.560000e+02	4.413028e-07	3.203158e-07	3.203158e-07
1.560000e+02	1.620000e+02	1.560000e+02	1.620000e+02	2.577539e-06	2.513149e-06	2.513149e-06
1.560000e+02	1.620000e+02	1.620000e+02	1.680000e+02	3.337256e-08	3.142173e-08	3.142173e-08
1.560000e+02	1.620000e+02	1.680000e+02	1.740000e+02	0.000000e+00	0.000000e+00	0.000000e+00
1.560000e+02	1.620000e+02	1.740000e+02	1.800000e+02	0.000000e+00	0.000000e+00	0.000000e+00
1.620000e+02	1.680000e+02	0.000000e+00	6.000000e+00	0.000000e+00	0.000000e+00	0.000000e+00
1.620000e+02	1.680000e+02	6.000000e+00	1.200000e+01	0.000000e+00	0.000000e+00	0.000000e+00
1.620000e+02	1.680000e+02	1.200000e+01	1.800000e+01	0.000000e+00	0.000000e+00	0.000000e+00
1.620000e+02	1.680000e+02	1.800000e+01	2.400000e+01	0.000000e+00	0.000000e+00	0.000000e+00
1.620000e+02	1.680000e+02	2.400000e+01	3.000000e+01	0.000000e+00	0.000000e+00	0.000000e+00
1.620000e+02	1.680000e+02	3.000000e+01	3.600000e+01	0.000000e+00	0.000000e+00	0.000000e+00
1.620000e+02	1.680000e+02	3.600000e+01	4.200000e+01	0.000000e+00	0.000000e+00	0.000000e+00
1.620000e+02	1.680000e+02	4.200000e+01	4.800000e+01	0.000000e+00	0.000000e+00	0.000000e+00
1.620000e+02	1.680000e+02	4.800000e+01	5.400000e+01	0.000000e+00	0.000000e+00	0.000000e+00
1.620000e+02	1.680000e+02	5.400000e+01	6.000000e+01	0.000000e+00	0.000000e+00	0.000000e+00
1.620000e+02	1.680000e+02	6.000000e+01	6.600000e+01	0.000000e+00	0.000000e+00	0.000000e+00
1.620000e+02	1.680000e+02	6.600000e+01	7.200000e+01	0.000000e+00	0.000000e+00	0.000000e+00
1.620000e+02	1.680000e+02	7.200000e+01	7.800000e+01	0.000000e+00	0.000000e+00	0.000000e+00
1.620000e+02	1.680000e+02	7.800000e+01	8.400000e+01	0.000000e+00	0.000000e+00	0.000000e+00
1.620000e+02	1.680000e+02	8.400000e+01	9.000000e+01	6.282872e-08	4.441968e-08	4.441968e-08
1.620000e+02	1.680000e+02	9.000000e+01	9.600000e+01	4.416956e-07	3.203161e-07	3.203161e-07
1.620000e+02	1.680000e+02	9.600000e+01	1.020000e+02	2.576753e-06	2.513149e-06	2.513149e-06
1.620000e+02	1.680000e+02	1.020000e+02	1.080000e+02	2.576753e-06	2.513149e-06	2.513149e-06
1.620000e+02	1.680000e+02	1.080000e+02	1.140000e+02	5.153114e-06	3.554129e-06	3.554129e-06
1.620000e+02	1.680000e+02	1.140000e+02	1.200000e+02	1.520414e-05	6.155292e-06	6.155292e-06
1.620000e+02	1.680000e+02	1.200000e+02	1.260000e+02	1.335059e-05	5.636663e-06	5.636663e-06
1.620000e+02	1.680000e+02	1.260000e+02	1.320000e+02	2.577539e-06	2.513149e-06	2.513149e-06
1.620000e+02	1.680000e+02	1.320000e+02	1.380000e+02	4.715344e-07	3.218514e-07	3.218514e-07
1.620000e+02	1.680000e+02	1.380000e+02	1.440000e+02	4.715394e-07	3.218514e-07	3.218514e-07
1.620000e+02	1.680000e+02	1.440000e+02	1.500000e+02	6.360906e-08	4.442315e-08	4.442315e-08
1.620000e+02	1.680000e+02	1.500000e+02	1.560000e+02	9.422836e-08	5.440278e-08	5.440278e-08
1.620000e+02	1.680000e+02	1.560000e+02	1.620000e+02	3.219469e-08	3.141437e-08	3.141437e-08
1.620000e+02	1.680000e+02	1.620000e+02	1.680000e+02	4.416956e-10	3.956737e-10	3.956737e-10
1.620000e+02	1.680000e+02	1.680000e+02	1.740000e+02	0.000000e+00	0.000000e+00	0.000000e+00
1.620000e+02	1.680000e+02	1.740000e+02	1.800000e+02	0.000000e+00	0.000000e+00	0.000000e+00
1.680000e+02	1.740000e+02	0.000000e+00	6.000000e+00	0.000000e+00	0.000000e+00	0.000000e+00
1.680000e+02	1.740000e+02	6.000000e+00	1.200000e+01	0.000000e+00	0.000000e+00	0.000000e+00
1.680000e+02	1.740000e+02	1.200000e+01	1.800000e+01	0.000000e+00	0.000000e+00	0.000000e+00
1.680000e+02	1.740000e+02	1.800000e+01	2.400000e+01	0.000000e+00	0.000000e+00	0.000000e+00
1.680000e+02	1.740000e+02	2.400000e+01	3.000000e+01	0.000000e+00	0.000000e+00	0.000000e+00
1.680000e+02	1.740000e+02	3.000000e+01	3.600000e+01	0.000000e+00	0.000000e+00	0.000000e+00
1.680000e+02	1.740000e+02	3.600000e+01	4.200000e+01	0.000000e+00	0.000000e+00	0.000000e+00
1.680000e+02	1.740000e+02	4.200000e+01	4.800000e+01	0.000000e+00	0.000000e+00	0.000000e+00
1.680000e+02	1.740000e+02	4.800000e+01	5.400000e+01	0.000000e+00	0.000000e+00	0.000000e+00
1.680000e+02	1.740000e+02	5.400000e+01	6.000000e+01	0.000000e+00	0.000000e+00	0.000000e+00
1.680000e+02	1.740000e+02	6.000000e+01	6.600000e+01	0.000000e+00	0.000000e+00	0.000000e+00
1.680000e+02	1.740000e+02	6.600000e+01	7.200000e+01	0.000000e+00	0.000000e+00	0.000000e+00
1.680000e+02	1.740000e+02	7.200000e+01	7.800000e+01	0.000000e+00	0.000000e+00	0.000000e+00
1.680000e+02	1.740000e+02	7.800000e+01	8.400000e+01	0.000000e+00	0.000000e+00	0.000000e+00
1.680000e+02	1.740000e+02	8.400000e+01	9.000000e+01	0.000000e+00	0.000000e+00	0.000000e+00
1.680000e+02	1.740000e+02	9.000000e+01	9.600000e+01	0.000000e+00	0.000000e+00	0.000000e+00
1.680000e+02	1.740000e+02	9.600000e+01	1.020000e+02	0.000000e+00	0.000000e+00	0.000000e+00
1.680000e+02	1.740000e+02	1.020000e+02	1.080000e+02	0.000000e+00	0.000000e+00	0.000000e+00
1.680000e+02	1.740000e+02	1.080000e+02	1.140000e+02	0.000000e+00	0.000000e+00	0.000000e+00
1.680000e+02	1.740000e+02	1.140000e+02	1.200000e+02	0.000000e+00	0.000000e+00	0.000000e+00
1.680000e+02	1.740000e+02	1.200000e+02	1.260000e+02	0.000000e+00	0.000000e+00	0.000000e+00
1.680000e+02	1.740000e+02	1.260000e+02	1.320000e+02	0.000000e+00	0.000000e+00	0.000000e+00
1.680000e+02	1.740000e+02	1.320000e+02	1.380000e+02	0.000000e+00	0.000000e+00	0.000000e+00
1.680000e+02	1.740000e+02	1.380000e+02	1.440000e+02	0.000000e+00	0.000000e+00	0.000000e+00
1.680000e+02	1.740000e+02	1.440000e+02	1.500000e+02	0.000000e+00	0.000000e+00	0.000000e+00
1.680000e+02	1.740000e+02	1.500000e+02	1.560000e+02	0.000000e+00	0.000000e+00	0.000000e+00
1.680000e+02	1.740000e+02	1.560000e+02	1.620000e+02	0.000000e+00	0.000000e+00	0.000000e+00
1.680000e+02	1.740000e+02	1.620000e+02	1.680000e+02	0.000000e+00	0.000000e+00	0.000000e+00
1.680000e+02	1.740000e+02	1.680000e+02	1.740000e+02	0.000000e+00	0.000000e+00	0.000000e+00
1.680000e+02	1.740000e+02	1.740000e+02	1.800000e+02	0.000000e+00	0.000000e+00	0.000000e+00
1.740000e+02	1.800000e+02	0.000000e+00	6.000000e+00	0.000000e+00	0.000000e+00	0.000000e+00
1.740000e+02	1.800000e+02	6.000000e+00	1.200000e+01	0.000000e+00	0.000000e+00	0.000000e+00
1.740000e+02	1.800000e+02	1.200000e+01	1.800000e+01	0.000000e+00	0.000000e+00	0.000000e+00
1.740000e+02	1.800000e+02	1.800000e+01	2.400000e+01	0.000000e+00	0.000000e+00	0.000000e+00
1.740000e+02	1.800000e+02	2.400000e+01	3.000000e+01	0.000000e+00	0.000000e+00	0.000000e+00
1.740000e+02	1.800000e+02	3.000000e+01	3.600000e+01	0.000000e+00	0.000000e+00	0.000000e+00
1.740000e+02	1.800000e+02	3.600000e+01	4.200000e+01	0.000000e+00	0.000000e+00	0.000000e+00
1.740000e+02	1.800000e+02	4.200000e+01	4.800000e+01	0.000000e+00	0.000000e+00	0.000000e+00
1.740000e+02	1.800000e+02	4.800000e+01	5.400000e+01	0.000000e+00	0.000000e+00	0.000000e+00
1.740000e+02	1.800000e+02	5.400000e+01	6.000000e+01	0.000000e+00	0.000000e+00	0.000000e+00
1.740000e+02	1.800000e+02	6.000000e+01	6.600000e+01	0.000000e+00	0.000000e+00	0.000000e+00
1.740000e+02	1.800000e+02	6.600000e+01	7.200000e+01	0.000000e+00	0.000000e+00	0.000000e+00
1.740000e+02	1.800000e+02	7.200000e+01	7.800000e+01	0.000000e+00	0.000000e+00	0.000000e+00
1.740000e+02	1.800000e+02	7.800000e+01	8.400000e+01	0.000000e+00	0.000000e+00	0.000000e+00
1.740000e+02	1.800000e+02	8.400000e+01	9.000000e+01	0.000000e+00	0.000000e+00	0.000000e+00
1.740000e+02	1.800000e+02	9.000000e+01	9.600000e+01	0.000000e+00	0.000000e+00	0.000000e+00
1.740000e+02	1.800000e+02	9.600000e+01	1.020000e+02	0.000000e+00	0.000000e+00	0.000000e+00
1.740000e+02	1.800000e+02	1.020000e+02	1.080000e+02	0.000000e+00	0.000000e+00	0.000000e+00
1.740000e+02	1.800000e+02	1.080000e+02	1.140000e+02	0.000000e+00	0.000000e+00	0.000000e+00
1.740000e+02	1.800000e+02	1.140000e+02	1.200000e+02	0.000000e+00	0.000000e+00	0.000000e+00
1.740000e+02	1.800000e+02	1.200000e+02	1.260000e+02	0.000000e+00	0.000000e+00	0.000000e+00
1.740000e+02	1.800000e+02	1.260000e+02	1.320000e+02	0.000000e+00	0.000000e+00	0.000000e+00
1.740000e+02	1.800000e+02	1.320000e+02	1.380000e+02	0.000000e+00	0.000000e+00	0.000000e+00
1.740000e+02	1.800000e+02	1.380000e+02	1.440000e+02	0.000000e+00	0.000000e+00	0.000000e+00
1.740000e+02	1.800000e+02	1.440000e+02	1.500000e+02	0.000000e+00	0.000000e+00	0.000000e+00
1.740000e+02	1.800000e+02	1.500000e+02	1.560000e+02	0.000000e+00	0.000000e+00	0.000000e+00
1.740000e+02	1.800000e+02	1.560000e+02	1.620000e+02	0.000000e+00	0.000000e+00	0.000000e+00
1.740000e+02	1.800000e+02	1.620000e+02	1.680000e+02	0.000000e+00	0.000000e+00	0.000000e+00
1.740000e+02	1.800000e+02	1.680000e+02	1.740000e+02	0.000000e+00	0.000000e+00	0.000000e+00
1.740000e+02	1.800000e+02	1.740000e+02	1.800000e+02	0.000000e+00	0.000000e+00	0.000000e+00
# END HISTO2D

